<?xml version="1.0"?>
<opencv_storage>
<imageDescriptor type_id="opencv-matrix">
  <rows>1</rows>
  <cols>1000</cols>
  <dt>f</dt>
  <data>
    0. 0. -8.61031876e-004 -7.29107051e-005 1.70604311e-004 0.
    1.70883635e-004 0. 7.20827607e-004 0. 0. 6.90973131e-003 0. 0. 0. 0.
    0. 0. 0. 0. 0. 4.33160411e-003 1.50855165e-004 0. 0. 1.09155837e-004
    0. 0. 4.47910372e-003 0. 4.96934459e-004 0. -2.78137013e-004
    3.29226023e-004 -5.77758346e-003 0. -7.11522007e-005 7.67451385e-003
    -4.99003916e-004 0. 2.82987719e-003 2.23333994e-003 0. 0.
    1.54528907e-003 0. 8.23979382e-004 0. 0. 0. -1.38305838e-003 0.
    -8.01884686e-004 0. 0. 0. 0. 0. 0. 0. 0. 0. 0. 0. 0.
    -1.35861628e-004 0. 0. 0. 0. 0. 0. 0. -7.30597472e-004
    4.85942420e-003 0. 0. 0. 0. -6.17079204e-004 0. -1.01685652e-003 0.
    0. 0. 0. 0. 0. 4.18889482e-004 0. 4.03186493e-003 0. 0. 0.
    2.92512035e-004 5.38773509e-003 -4.98754112e-003 0. -1.23738660e-003
    -5.08446072e-004 0. 1.76910721e-002 0. 0. 5.83476340e-003
    4.50577633e-003 -7.46671634e-004 9.20314633e-004 7.70579150e-004
    8.17367807e-003 0. -4.09899483e-004 0. 0. 2.08775891e-004 0. 0. 0.
    -7.16306386e-004 7.41806030e-002 -4.34064335e-004 0. 0.
    8.06528202e-004 0. 2.91311298e-003 4.85897204e-003 -4.50681779e-004
    0. 1.52389496e-003 0. 0. 1.90254208e-003 0. 1.28955417e-003 0.
    6.78451441e-004 0. 0. 0. -1.43741397e-003 0. 0. -4.12978407e-004 0.
    0. 0. -1.74344983e-003 0. 0. 0. 0. 0. 0. 8.92990909e-004 0.
    3.30157904e-003 0. -5.33104117e-004 0. 1.07058312e-003
    1.94303785e-003 0. 0. 0. 4.24898742e-003 0. 0. 0. 0. 0. 0. 0. 0. 0.
    0. -8.01013492e-004 3.65544390e-003 2.21730419e-003 0. 0. 0. 0. 0.
    0. 1.05153478e-003 3.47144989e-004 0. 0. 0. 0. 0. 0. 0.
    -2.19830428e-003 -3.68600455e-003 4.28595254e-003 0. 0.
    -3.16600082e-004 0. 0. 7.19471253e-004 -1.83973066e-003 0. 0. 0. 0.
    5.15484205e-003 0. 0. 0. 0. 0. 0. 0. 0. 1.24262879e-003 0. 0. 0. 0.
    1.01616641e-003 -7.85561802e-004 0. -4.03039297e-003 0. 0. 0. 0. 0.
    4.02456033e-004 0. 8.75265151e-003 1.01830438e-003 7.26057158e-004
    0. 8.51089077e-004 0. 0. 0. 0. -3.03326268e-003 0. 7.30496692e-003
    6.40439196e-003 0. 0. -4.62300464e-004 0. 0. 4.17936407e-003
    -1.23019726e-003 1.09696500e-002 0. 0. -1.03210763e-003 0. 0.
    3.94993415e-003 0. 4.13731113e-003 0. 0. 0. 0. -2.41233851e-003 0.
    0. 0. 3.35417828e-003 0. 0. 0. 9.41712293e-004 0. 5.03185845e-004 0.
    -4.32043074e-004 0. 8.13427009e-003 -3.83451872e-004 4.78814385e-004
    0. 0. 0. 3.27053538e-004 0. -2.21174024e-003 -1.51864649e-003 0. 0.
    4.56511881e-003 1.07423309e-002 0. 0. 5.48246317e-003
    2.26406590e-003 0. 0. 0. 3.24996840e-003 7.77152320e-003 0. 0.
    1.36635453e-003 4.98343026e-003 1.29899080e-003 0. 0.
    -3.11618322e-004 1.04567793e-003 0. 9.03440174e-003 1.37416646e-002
    0. 0. 7.10174767e-003 0. 0. 0. 0. -3.13571858e-004 3.61030479e-003
    -9.63940809e-004 0. 0. 4.80844593e-003 -1.11319147e-004
    1.04915432e-003 0. 0. 0. 9.51474300e-004 0. -6.01943641e-004 0. 0.
    1.22280943e-003 0. -6.42477593e-004 0. 0. 0. 0. 0. 0. 0. 0. 0.
    1.42011943e-003 1.65634081e-002 0. -3.96034477e-004 6.00288040e-004
    0. 0. 1.42863428e-003 0. 0. 0. 4.32062778e-004 0. 0. 0. 0. 0. 0.
    -1.69263559e-003 3.42684351e-002 0. 7.27778394e-003 -8.37954809e-004
    0. 0. 0. 0. 0. 0. 0. 0. -1.14585634e-003 1.06986309e-003 0.
    -4.13304055e-003 0. 0. -1.02068170e-003 0. 0. 0. 5.88224037e-004 0.
    0. 0. -1.10998552e-003 0. 0. 0. 0. 7.87703507e-003 9.87341511e-004
    8.43666960e-004 0. 0. 0. 0. 0. 9.53035709e-003 -8.88549839e-004
    3.09550051e-005 1.18618125e-004 0. 3.94368581e-002 0.
    1.48413680e-003 0. 0. 1.85281818e-003 0. 0. -1.64759229e-004
    -9.88009851e-004 4.38295363e-004 0. 8.82447464e-004 7.62846321e-004
    0. 0. 0. 1.02146091e-002 0. 0. -9.00686078e-004 0. 0.
    -3.41470120e-003 2.44108890e-003 -1.44682854e-004 2.71785632e-003 0.
    0. 2.09760328e-004 0. -8.88681388e-004 0. 0. 0. 1.47018931e-003 0.
    0. 0. 0. 0. 0. 0. 0. 1.98026677e-003 7.28585711e-003 0.
    1.15586482e-002 0. 0. 0. 0. 0. 0. 0. 6.85862778e-003 0. 0. 0. 0. 0.
    2.51946878e-003 0. 0. 1.19255087e-003 0. 5.73710306e-003 0.
    -2.24504201e-003 5.27218077e-003 0. 1.43886940e-003 0.
    -1.42117540e-004 0. -9.14940756e-005 0. 0. -5.42228925e-004
    2.71581509e-003 0. 0. 1.64771662e-003 0. 0. 3.13255098e-003
    -1.91505940e-003 0. 0. 0. 9.20132548e-003 0. 0. 1.56502007e-003 0.
    0. 0. 0. 0. 3.73386021e-004 0. 0. 0. 5.66908391e-003 8.80185165e-004
    0. 0. 0. -4.22081619e-004 0. 0. 0. 1.23789720e-002 0. 0. 0. 0. 0.
    1.14662328e-003 0. -7.45659985e-004 9.26695205e-003 1.66914251e-003
    0. -3.46597371e-004 0. 0. 0. 0. 1.29935576e-003 0. 0. 0. 0.
    -3.33444710e-004 5.14806900e-003 0. 0. 0. 0. 0. -3.60413862e-004 0.
    4.90578776e-003 0. 0. 0. 7.19284127e-003 0. 6.42017368e-003 0.
    -4.77224326e-004 0. 0. 0. 0. 0. 0. 0. 0. 0. 0. 6.85717037e-004
    1.35963755e-002 0. 1.87411206e-003 0. 0. 0. 7.50595843e-003 0. 0.
    -4.39055148e-004 0. 1.65328686e-003 9.40095459e-004 0. 0. 0. 0.
    9.93883237e-004 -1.66997267e-003 0. 0. 0. 0. 0. 0. 0.
    4.60507174e-004 -2.60839966e-004 0. 0. -2.53722677e-003 0.
    2.48827669e-003 0. 0. -1.02078344e-003 -3.39540420e-003 0.
    7.14913802e-003 0. 0. 2.83438805e-003 0. 5.63274312e-004 0. 0. 0. 0.
    0. 0. 0. -2.87750649e-004 0. 0. -3.46805784e-004 0. 0. 0.
    4.52710898e-004 2.59402121e-004 0. 1.34296799e-002 0. 0.
    1.34290825e-003 0. 0. 0. 1.22768944e-002 0. 0. 0. 7.41266040e-003
    -2.44041858e-003 7.59004708e-003 -1.56959146e-003 0. 0. 0.
    -7.02500343e-004 7.01386016e-003 0. 9.67659988e-003 -5.74814214e-004
    0. 0. 9.00792703e-003 0. 6.46205479e-003 0. 0. 4.75404377e-005
    1.76313811e-003 0. 0. 0. 0. 3.96630872e-004 0. 0. 0. 0. 0. 0. 0.
    6.27178326e-003 2.07944703e-003 0. 8.11830536e-003 4.53310029e-004
    0. 0. 0. 0. 2.18099961e-003 0. 9.84226819e-004 0. -6.06726007e-006
    0. 0. 0. 0. 0. 0. 0. 0. 0. 2.07760301e-003 2.73622735e-003
    -2.07867241e-003 8.79658666e-003 0. 0. 7.24975485e-003 0.
    -1.00576039e-003 0. 7.43760401e-003 2.55147927e-003 7.35769933e-003
    0. 0. 0. 0. 0. 1.77678792e-003 8.52077082e-003 0. 0. 0. 0. 0. 0.
    3.15121189e-003 0. 8.00108165e-003 0. -2.53296894e-004 0. 0.
    -1.56215465e-004 0. 0. 0. 0. 0. 1.43579266e-003 0. 0. 0.
    2.05992237e-002 0. 0. 7.53972353e-003 2.65370812e-002 0. 0. 0.
    1.20303163e-003 0. 0. 0. 8.91447708e-004 0. -4.44917881e-004
    -5.61993802e-004 -5.42151229e-003 0. 0. 0. 0. 0. 0. 0. 0. 0. 0.
    1.13207614e-004 6.49275165e-003 0. 3.32338735e-003 0. 0.
    4.69434774e-003 0. 0. 0. 0. 0. 0. 0. 1.23809185e-003 0.
    -5.55419647e-005 0. 0. -8.39623972e-004 9.72301327e-003
    6.79392228e-003 0. 0. 2.09208322e-003 -2.08081619e-004 0.
    4.24093939e-003 -7.02561019e-003 5.99929132e-002 0. 0. 0.
    8.60687927e-004 0. 0. 0. 0. 1.05330918e-003 0. 0. 0. 0. 0. 0. 0. 0.
    2.96736904e-003 0. 0. 0. 7.41367834e-003 0. 0. 6.77443692e-004 0. 0.
    0. 1.19815040e-002 0. 0. 0. 0. 0. 0. 0. 0. -1.54252193e-004 0. 0. 0.
    0. 0. 0. 0. 0. 5.70822367e-003 0. 0. -1.49678020e-003 0. 0. 0. 0.
    4.58642971e-005 0. 0. 0. 0. 0. 7.48802384e-004 0. 0. 0.
    -1.19886419e-004 0. 2.82415096e-003 3.52346367e-004 1.64539332e-003
    0. 3.33986827e-003 0. 0. 1.59591567e-002 2.27777311e-003
    8.65666603e-004 0. 1.61834620e-003 0. 0. 5.66295628e-003
    1.79617258e-003 0. 4.93690651e-003 5.39665809e-004 0. 0.
    5.26015041e-003 0. 0. 7.04022264e-003 4.84869489e-003 0.
    -1.03254244e-003 1.45820098e-003 0. 0. 0. 0. -4.79865586e-004 0.
    1.07518258e-002 0. 0. 0. 0. 0. 0. 0. 0. 0. 8.61353124e-004 0.
    -6.92684320e-004 0. 0. 0. 0. 8.55910406e-003 0. 0. 0.
    8.07031803e-003 0. 0. 0. 1.46202184e-003 0. 0. 0. 0. 0. 0.
    2.72054854e-003 0. -1.48861331e-003 0. 0. 0. 0. -1.33553040e-004 0.
    0. 0. -4.81053197e-004 0. 4.08790220e-004 0. 0. 7.40537560e-003 0.
    -2.36986205e-003 0. 6.56385720e-003 0. 6.61813945e-004
