<?xml version="1.0"?>
<opencv_storage>
<imageDescriptor type_id="opencv-matrix">
  <rows>1</rows>
  <cols>1000</cols>
  <dt>f</dt>
  <data>
    2.25874805e-003 0. 0. 0. -1.18542230e-003 -7.37967668e-004 0. 0. 0.
    -4.53524617e-003 0. -5.92250261e-004 0. 0. 0. 0. 0. 0.
    2.33619497e-003 0. -1.33857096e-003 9.08612914e-004 5.55368839e-004
    0. 1.79980532e-003 0. 0. 2.40044971e-003 2.42810650e-003 0.
    2.57873884e-003 0. 0. 0. -1.18123423e-002 0. 3.18904570e-003 0. 0.
    0. 1.18504686e-003 0. 0. 3.11315758e-003 0. 0. 4.37894370e-004
    -1.59713763e-005 0. 0. 2.91236434e-002 0. 0. 0. 0. 0.
    6.71733636e-004 5.74746460e-004 4.73586796e-003 0. 7.93830026e-003
    8.67478433e-004 -3.02434751e-006 0. 0. 0. 0. 0. 0. 0. 0. 0. 0. 0.
    4.68603475e-003 0. 0. 0. 0. 0. 1.78784935e-003 4.23495937e-003 0. 0.
    0. 3.23878980e-004 5.24934800e-003 0. -1.85135438e-003
    -1.66590224e-004 1.11759186e-003 0. 0. 0. 0. 0. 6.62741833e-004
    1.04245788e-003 0. 1.55968091e-003 0. 2.57983301e-002 0. 0.
    2.32819351e-003 6.59423764e-004 0. 0. -8.41202971e-004
    7.89994001e-003 0. 0. 0. 0. 0. 0. 0. 0. 2.04928801e-003
    6.20850846e-002 -1.07038917e-003 0. 0. 0. 0. 6.38559135e-003 0.
    -1.48731039e-003 0. 1.22380885e-003 0. 0. 2.21270765e-003 0. 0.
    2.55550328e-003 0. -8.12506478e-004 -1.12846761e-003 1.65079007e-004
    7.85366353e-003 -2.14680727e-003 0. 3.11977020e-003 0. 0. 0.
    5.71953948e-004 0. 0. 0. 0. -1.56041206e-004 0. 4.19294043e-003 0.
    1.25054701e-003 0. 0. 0. 4.13455797e-004 0. 2.31359201e-003 0. 0. 0.
    3.00039857e-004 0. 0. 0. 0. 0. 0. 0. 0. 0. -6.49927417e-004 0.
    6.16645161e-003 0. 0. 0. 2.47004966e-004 0. 0. 0. 4.18301148e-004 0.
    1.57317636e-003 0. -8.11399252e-004 1.99831673e-003 0. 0.
    3.11171432e-004 0. 2.22757575e-003 1.18885993e-003 1.88636279e-003
    -2.89172283e-004 0. 0. 1.80025958e-003 7.70326646e-004 0. 0.
    6.91582274e-004 0. 0. 1.90662406e-003 0. 1.70373823e-003
    7.60112656e-004 0. 1.02710584e-003 1.94386498e-003 0.
    5.20697096e-003 0. 0. 1.77822157e-003 0. 7.89202168e-004
    9.25493136e-004 0. 1.70324873e-002 0. 0. 0. 0. 0. -9.01357678e-004
    0. -2.92342564e-004 1.84234045e-002 0. 1.76254287e-003 0. 0.
    4.79309616e-004 0. 0. 0. 0. 0. 5.86900534e-003 0. -2.64702161e-004
    3.26400599e-003 0. 0. 1.29157118e-002 -1.46653596e-003
    4.30500833e-003 0. 0. 0. -2.35628639e-003 0. -3.92666901e-004 0. 0.
    0. 2.17944849e-003 0. 0. -1.55531580e-003 0. 0. 2.88813986e-004 0.
    0. 0. 0. 0. 0. 9.48641077e-003 5.32151666e-003 0. 0. 0.
    -3.25956894e-003 -5.86037822e-005 1.09704002e-003 2.02167942e-003
    3.21592321e-003 0. 0. 2.79141334e-003 1.68070503e-004 0.
    2.17652461e-003 0. 6.86828420e-003 3.10478848e-003 7.37921661e-003
    0. 0. 0. 1.63308997e-003 0. 0. 0. 0. 0. 3.99285462e-003
    1.84158050e-003 0. 0. 0. -8.53619829e-004 2.86920532e-003
    7.91227818e-003 3.68433609e-003 0. 3.26782442e-003 0.
    2.58280127e-003 0. 0. 0. 0. 4.60925465e-003 0. 0. 7.18712748e-004
    1.28774217e-003 3.69448960e-003 4.29340266e-003 0. 1.27010478e-003
    0. 0. 2.77925795e-003 1.77265308e-003 2.05968579e-004
    4.90095746e-003 0. 0. 0. -6.00194850e-004 0. 0. 0. 0. 0.
    1.79217965e-003 0. 1.99254020e-003 0. 0. -1.30389130e-003
    2.33212416e-003 0. 1.63716078e-003 -2.45957373e-004 -1.00972445e-003
    0. -5.73995523e-004 0. 1.56203518e-003 0. 1.44822232e-003
    7.61078298e-003 0. 0. 0. 0. 0. 7.36212311e-003 0. 1.06370659e-003
    7.21325492e-003 0. 0. 0. 0. 0. 5.57746971e-003 5.45448158e-003 0.
    -1.24884434e-002 0. 0. -8.90630123e-004 0. 2.31768540e-003
    3.37952020e-004 0. 4.51514963e-004 1.05289742e-003 -1.30245593e-004
    0. 9.39334743e-004 1.89877115e-003 -5.05744538e-004 0.
    1.25773519e-003 0. 0. 5.44371456e-003 2.47401115e-003 0.
    5.37432497e-003 0. 0. 0. 0. 2.05639564e-003 4.22695139e-003
    1.66998478e-003 -5.36905194e-004 0. 1.89056583e-002 1.52912177e-003
    -6.98893447e-004 0. 0. -1.06746855e-003 1.71614380e-003 0. 0.
    -1.14564114e-004 1.77045690e-003 0. -6.58213918e-004 7.93067506e-004
    0. -2.95682956e-004 0. 8.63997359e-003 0. 1.76260108e-003
    2.16031773e-003 4.86439618e-004 0. 7.08844420e-003 6.29465748e-003
    0. 1.05127634e-003 0. 0. 0. 0. 3.75660812e-003 0. 0. 0.
    5.92204859e-004 0. 1.00855199e-004 0. -1.00517226e-003
    2.74624024e-003 0. 0. 2.87146278e-004 3.74634954e-004 0.
    7.43955898e-004 4.59401961e-003 0. 0. 0. 0. 2.05783843e-004
    1.31316727e-003 3.08780302e-003 1.18873874e-003 0. 0. 0. 0. 0.
    8.01125634e-003 0. 0. 0. 0. 0. 0. 1.59734134e-002 0. 3.31187691e-003
    1.42800168e-003 0. 2.32686382e-003 0. 4.01545968e-003 0. 0. 0.
    2.40966324e-002 1.29539680e-004 0. 0. 0. 0. 5.52552566e-003
    5.60737913e-003 0. 0. 2.76257284e-003 6.32870430e-003 0.
    1.20538240e-003 9.69310815e-004 0. 3.85446678e-004 0. 0. 0.
    -3.25191591e-004 7.09881494e-003 0. 0. -1.74264162e-004 0.
    1.02853111e-003 0. 5.59533294e-003 0. 2.13292753e-003 0. 0.
    4.77489736e-003 0. 0. 0. 0. 0. 0. 0. 0. 0. 0. 3.11697205e-003 0. 0.
    0. 2.37471797e-003 1.21573557e-003 0. 0. 0. 0. 1.61436177e-003 0.
    3.21207015e-004 0. 7.91358703e-004 1.56901486e-003 0. 0. 0. 0. 0. 0.
    0. 0. 9.93337017e-003 0. 4.52798465e-003 0. 3.86903691e-003 0. 0. 0.
    3.20048025e-003 0. 0. 0. 3.46972607e-003 2.77286582e-003
    1.07321853e-003 0. 0. 0. 0. 0. 0. 1.97146321e-003 0. 0. 0. 0. 0.
    5.27129567e-004 5.52424835e-003 0. 0. 0. 0. 0. 2.40298614e-004 0. 0.
    -1.03139924e-003 0. 0. 0. 0. 0. 0. 0. 9.21110914e-005 0. 0. 0. 0.
    3.00289568e-004 0. 2.55138334e-003 4.69088591e-005 0. 0.
    1.92962773e-003 2.17666756e-003 0. 0. 6.33976073e-004 0. 0. 0. 0. 0.
    9.79624805e-004 5.66474814e-003 0. 2.41339300e-003 0. 0. 0. 0. 0.
    2.03016400e-003 5.18246088e-003 -6.34118100e-004 7.17822171e-004 0.
    0. 0. 0. 0. 1.57797877e-002 0. 0. 0. 0. 1.54885056e-003 0. 0. 0. 0.
    0. 1.48635241e-003 1.89372315e-003 -1.91697633e-004 3.42939910e-003
    0. 0. 1.73387735e-003 9.80813405e-004 0. 7.83884246e-003
    2.09505856e-003 2.13994039e-003 9.08899412e-004 1.21883140e-003
    7.61546660e-004 2.36719591e-003 0. 2.13007894e-004 0. 0. 0.
    8.29068851e-003 0. 4.27537510e-004 0. 1.78314955e-003
    2.68783257e-003 0. -1.11401454e-003 0. 1.24081725e-003 0.
    5.24925359e-004 0. 0. 1.74780414e-002 0. 5.80523768e-003 0.
    8.56221281e-003 0. 0. 0. 0. 0. 0. 0. 0. 0. 0. -9.66825522e-004 0.
    2.77987774e-003 0. 0. -1.10171700e-003 0. 3.87100456e-003 0.
    1.40933727e-003 3.59068112e-003 0. 5.85275516e-003 0.
    1.00367202e-003 0. -4.76883055e-004 0. 4.75487811e-003 0.
    7.21482502e-004 0. 0. 0. 0. -3.41410632e-004 1.25232898e-003
    6.67169550e-003 0. 5.47929259e-004 0. 0. 0. 0. 0. 5.37603919e-004 0.
    0. 0. 0. 0. 0. -2.87287490e-004 0. 0. 0. 6.44975388e-003
    1.20552513e-003 0. 1.38889428e-003 8.43208190e-003 -1.22741685e-005
    0. 0. 4.40017902e-004 0. 0. 7.77313311e-004 0. 0. 8.22523270e-006 0.
    0. 0. 0. 0. 0. 0. 0. 0. 2.29434320e-003 0. 2.68177432e-003 0. 0. 0.
    0. 0. 0. 0. 0. 0. 0. 0. 0. 0. 0. 0. 0. 0. 0. 0. 0. 5.18833403e-004
    4.27406514e-004 0. 0. 2.57096370e-003 0. 0. 0. 2.17952882e-003
    1.44365872e-003 0. 0. 0. 1.22975919e-003 0. 1.47646607e-003
    -1.18627166e-003 0. 0. 0. 5.80179552e-003 0. 0. 0. 0. 0.
    2.64660385e-003 0. 0. 0. -7.82198505e-004 0. 8.03108700e-003 0. 0.
    0. 0. 0. 0. 0. 0. 0. 0. 1.47033734e-002 0. 0. 0. 0. 2.21357215e-003
    0. 2.23544706e-003 0. -2.78557674e-003 0. 0. 5.22069121e-003 0. 0.
    0. -7.81226205e-004 0. 4.00111545e-003 0. 0. 0. 0. 0. 0. 0. 0. 0. 0.
    6.48703834e-004 1.48280116e-004 6.06230285e-004 0. 4.33822582e-003
    0. 0. 2.37543718e-003 7.16346689e-003 2.42946306e-004
    1.35638856e-003 0. 0. 0. -1.11350941e-003 6.94188711e-005
    -1.31459441e-003 2.87518860e-003 0. 0. 0. 3.12117074e-004 0. 0. 0.
    0. 0. -2.22830728e-004 0. 0. 0. 0. 0. 0. 0. 1.00093400e-002 0. 0. 0.
    8.68979725e-004 0. 0. 0. 0. 0. 2.20030686e-003 0. 2.55566346e-003 0.
