<?xml version="1.0"?>
<opencv_storage>
<imageDescriptor type_id="opencv-matrix">
  <rows>1</rows>
  <cols>1000</cols>
  <dt>f</dt>
  <data>
    9.30633745e-004 0. 0. -6.45221677e-004 0. 0. -1.75515912e-003 0. 0.
    5.63486759e-003 0. 9.45754291e-004 9.75528601e-005 0.
    5.23910858e-003 0. 0. 0. 0. 0. 8.10923346e-004 -1.99472927e-003
    2.27448065e-003 0. 2.17644144e-002 0. 0. 0. 7.02452101e-003 0. 0. 0.
    0. 0. 6.70106243e-003 0. 0. 0. 0. 0. 1.46750745e-003 0. 0. 0. 0. 0.
    1.80130720e-003 1.25087309e-003 2.78348918e-003 0. 5.21352235e-003
    0. 3.46812722e-003 0. 0. 0. 0. 7.00004678e-003 0. 0. 5.53927990e-003
    0. 7.99141184e-004 0. 0. 0. 0. 0. 1.47773116e-003 0. 0. 0. 0.
    1.00192170e-004 0. 8.65927548e-004 0. 1.19657791e-003 0. 0.
    -6.68690482e-004 0. 0. 0. 0. 0. 2.48384452e-003 0. 0.
    1.62718981e-003 -1.32284171e-004 0. 0. 1.04149291e-003
    -1.50070654e-003 4.21115709e-003 6.92104502e-003 0. 0.
    1.76695787e-004 0. 5.23365196e-003 0. 0. 1.67101144e-003
    2.33042077e-003 0. 0. 0. 2.78063659e-002 2.28114822e-003 0. 0.
    2.46702135e-003 0. 0. 0. -6.82170852e-004 9.88537259e-003
    6.26939014e-002 -1.75718538e-004 2.74363486e-003 0. -1.02371210e-003
    0. 4.73676436e-003 0. 0. 0. 1.32002691e-002 0. 0. 0. 1.70169966e-004
    0. -4.67941863e-003 0. 0. 0. 0. 0. 0. 0. 0. 0. 0. 0. 0. 0. 0.
    5.44932112e-003 0. 3.02897929e-003 0. 0. -4.31992783e-004
    9.13895480e-003 0. 0. 0. 9.65081155e-003 0. 0. 5.96780516e-003 0.
    1.20611778e-002 0. 0. 0. 0. 0. 0. 0. 0. 0. 0. 0. 0. 6.69347297e-004
    0. 1.34858326e-003 0. 0. 0. 0. 3.91245732e-004 0. 0. 0.
    1.78807229e-003 0. 0. 0. 6.11083675e-003 1.12528289e-002 0. 0. 0. 0.
    0. 0. 0. -7.96748733e-004 0. 0. 0. 0. 0. 9.55961738e-003 0. 0. 0. 0.
    0. 0. 0. 0. -9.84462909e-004 0. 0. 0. 3.87880299e-003 0.
    -7.29287160e-004 0. 9.18470137e-003 0. 0. 0. 0. 0. -4.00009623e-004
    0. 3.15970322e-003 1.88410394e-002 0. 1.08615076e-003 0. 0. 0. 0.
    2.05553079e-004 1.55697134e-003 0. 0. 6.84776995e-003
    4.00999188e-003 3.73864244e-003 0. -1.50658411e-003 0.
    1.44258356e-002 0. 1.15320375e-002 0. 0. 0. 1.72029063e-003
    -6.21872241e-005 0. 1.94362807e-003 2.80561391e-004 0. 0. 0. 0.
    1.61115010e-003 -1.03703227e-004 0. 0. 0. 0. 0. 0. 0. 0. 0. 0.
    1.06109167e-003 0. 1.57120626e-003 -1.92769745e-003 0.
    7.24067166e-003 0. 0. -5.71486366e-004 0. 0. 6.03132276e-003 0. 0.
    0. 7.08659086e-003 0. 0. -1.01074495e-003 -2.22769682e-004
    1.26673933e-003 5.52690763e-004 0. 0. 5.81273530e-003 0.
    4.71590494e-004 1.78090137e-004 8.20626132e-003 0. 1.37021428e-003
    0. 3.03753244e-004 -8.03267118e-004 0. 6.81292824e-003
    -8.13276914e-004 1.99287618e-003 0. -3.64754727e-004 0. 0. 0. 0.
    1.47733174e-003 0. 5.02145197e-003 0. 2.39323056e-003
    1.79853337e-003 -1.08580990e-003 0. -2.07785051e-003 0. 0.
    7.18525844e-003 0. 9.43250023e-004 0. 0. 0. 0. -4.62503027e-004
    5.32479677e-003 5.61391003e-004 0. 0. 2.19540577e-003 0. 0. 0. 0. 0.
    4.44575772e-003 0. 0. 1.42714079e-003 0. -1.46963447e-003 0. 0. 0.
    0. 0. 1.62095740e-003 0. 0. 0. 0. 0. 0. 7.17137149e-003 0. 0.
    4.80843708e-003 0. 0. 0. 0. 0. 0. 0. 0. 7.46951206e-004
    -1.98277659e-004 9.20158927e-004 -1.34734123e-003 0. 0.
    2.48131622e-003 2.65408377e-003 0. 0. 0. 0. 0. 0. 9.01329389e-004 0.
    0. 0. 4.16134577e-003 1.21731674e-002 1.15422392e-003 0. 0. 0.
    6.67568529e-004 0. 0. 8.99325497e-003 -2.34196964e-003 0.
    3.89837334e-003 0. 3.01809683e-002 0. -1.30454591e-003 0. 0.
    3.74349486e-003 0. 7.86047708e-003 -4.92076855e-004 0. 0. 0.
    -7.22873257e-004 9.76259529e-004 0. 0. 0. 1.10118557e-002 0. 0.
    1.06233805e-002 0. 0. -2.85140797e-003 2.95523438e-003 0. 0. 0. 0.
    0. 0. 0. 0. 0. 0. 1.21698752e-002 0. 6.04735338e-004 0. 0.
    6.07609330e-003 0. 0. 4.46108868e-003 1.71456975e-003 0. 0.
    9.24202148e-003 0. 0. 0. -2.78011357e-005 1.54393623e-004
    7.58117530e-004 5.49401040e-004 -1.07465847e-003 0. 0. 0. 0. 0.
    -7.44496065e-004 0. 0. 0. 1.38512778e-003 8.88480060e-003 0.
    5.24012372e-003 0. 3.42155294e-003 8.85961286e-004 0. 0. 0. 0. 0. 0.
    2.04077136e-004 1.28395585e-002 1.35699252e-003 4.63203265e-004 0.
    0. 0. 1.07231671e-002 4.48847003e-003 0. 0. 2.60671717e-004
    3.03408178e-003 0. 0. 1.61296001e-003 0. 0. 0. 0. 0. 1.83852040e-003
    0. 0. 0. 5.75086800e-003 0. 0. 0. 0. 0. 6.07328862e-003 0. 0. 0.
    -8.57628300e-004 0. 0. 0. 0. 1.89320289e-003 0. 0. 1.00150090e-002
    0. 0. 1.79619936e-003 0. 0. 0. 0. 0. 0. 0. 0. 8.43463745e-003 0. 0.
    0. 2.30114232e-003 0. 5.37440320e-003 0. -8.65891692e-004 0. 0. 0.
    8.20765086e-003 0. 0. 0. 4.37838538e-003 1.60242058e-003 0. 0.
    2.76600040e-004 0. 0. 0. 0. 0. 0. 1.40067772e-003 0. 7.21830828e-003
    0. -2.11959094e-004 6.45450130e-003 0. 0. -9.52095259e-003 0.
    1.16676453e-003 0. 5.09331585e-004 0. 0. 0. 0. 0. 0. 0.
    -2.92594754e-003 0. 1.41302485e-003 0. -5.99807652e-004 0.
    -2.13266979e-003 0. 0. 0. 0. 0. 0. 0. 0. 0. 3.50159523e-003 0.
    5.30564248e-005 0. 0. 0. 0. 0. 2.24723644e-003 0. 0. 0. 0. 0. 0. 0.
    0. 3.78975202e-003 1.06888387e-004 0. 1.53080537e-003 0. 0.
    2.19817413e-003 0. 0. 0. 0. -1.79590110e-003 0. 0. 0. 0. 0. 0.
    3.18414066e-003 0. 0. 0. 0. 1.93277642e-003 8.39571096e-003 0. 0. 0.
    0. 0. 7.70169077e-004 0. -3.12215183e-004 0. 0. 4.37489711e-003 0.
    0. 1.27483811e-003 0. 4.36564675e-003 6.72301091e-003 0. 0. 0. 0. 0.
    6.76236756e-004 0. 0. 0. 0. 2.49136658e-003 0. 0. 0. 0.
    2.28035660e-005 2.86990497e-003 0. 0. 0. 0. 0. 6.70860335e-003 0.
    1.07318936e-002 0. 1.02138035e-002 0. 0. 0. 0. 0. 0. 0. 0. 0. 0.
    3.53175169e-003 -1.24323647e-003 0. 0. 2.11586477e-003
    1.02368668e-002 0. 4.55330219e-003 0. 0. 2.69275135e-003
    3.72749055e-003 0. 5.14979765e-004 0. 0. -1.46931200e-003
    3.42037901e-003 0. 0. 6.56702882e-003 -1.33584384e-004 0. 0. 0.
    4.77993675e-003 5.50217787e-003 1.90739112e-003 -7.59973889e-004
    2.00005737e-003 0. 0. 0. 1.70115696e-003 0. -1.86555111e-003 0. 0.
    2.83999671e-003 2.53075478e-003 0. 0. 0. 1.59195915e-004 0. 0.
    3.51488171e-003 7.12118205e-003 0. 9.56251344e-004 1.69737265e-002
    0. 0. 0. -6.77162840e-004 0. 3.76776617e-004 0. 8.45701783e-004 0.
    4.35693422e-003 0. 0. 0. 0. 0. 2.88687856e-003 0. 0. 0.
    1.38891360e-003 0. -2.24314244e-005 0. 0. 0. 0. 0. -7.77266396e-004
    0. 0. 0. 0. 0. 0. 6.69540884e-003 0. 0. 0. 9.05559107e-004
    1.11500942e-003 3.50613031e-003 0. 0. -3.42068553e-004 0. 0.
    -5.44785755e-003 0. 0. 0. 0. 1.89799222e-003 0. 0. 0.
    4.80179209e-003 0. 6.99453929e-004 0. 0. 0. 0. 0. 0. 0. 0. 0.
    9.99986194e-004 0. 0. 2.48710974e-003 0. 6.76822907e-004 0.
    8.92992038e-003 0. 0. 0. 0. 0. 0. 0. 0. 0. 0. 5.02035860e-003 0. 0.
    0. 1.10150885e-003 0. 0. -5.62319416e-004 0. 0. 0. 0.
    -3.77331837e-003 0. 2.95954221e-003 0. 0. 0. 3.52158048e-003 0. 0.
    0. 0. 0. 1.48027262e-003 0. 0. 0. 0. 0. 2.58773728e-003
    3.57141183e-003 -5.17309527e-004 0. 0. 0. 0. 1.81647410e-004
    5.23914583e-003 0. 0. 4.70795250e-003 0. 1.62579538e-003
    1.49581919e-003 1.16674870e-003 1.05907943e-003 1.69574958e-003 0.
    2.49528456e-002 0. 0. 0. 0. 0. 0. 0. 0. 0. 0. 0. 0. 0. 0.
    -1.22272398e-003 0. 1.02502643e-003 0. 0. 0. 0. 0. 0. 0. 0. 0.
    7.99514586e-004 0. 0. 0. 0. 1.35560101e-002 2.93799257e-003 0. 0.
    3.27234477e-004 0. 0. 0. 0. 0. 4.40403633e-003 0. 3.99898185e-004
    6.73896284e-004 0. 0. 0. 0. 0. 7.39305222e-004 0. 0. 0. 0.
    -1.73471647e-003 4.72524756e-004 0. 1.77726650e-003 2.55692727e-003
    0. 0. -9.47314984e-005 0. 0. 0. 2.23685452e-003 0. 0. 0. 0.
    1.15960790e-002 1.32023275e-003 0. 0. 5.46004507e-004 0. 0. 0. 0. 0.
    0. -1.17758121e-002 3.83640610e-004 0. 0. 0. 0. -1.18911697e-003 0.
    0. 0. 0. 5.10312710e-003 0. 0. 0. 0. 0. 0. 7.32620992e-003 0. 0.
    1.22298126e-003 0. 0. -2.94381316e-004 0. -2.12000241e-003</data></imageDescriptor>
</opencv_storage>
