<?xml version="1.0"?>
<opencv_storage>
<imageDescriptor type_id="opencv-matrix">
  <rows>1</rows>
  <cols>1000</cols>
  <dt>f</dt>
  <data>
    1.08916662e-003 9.40175960e-004 0. 0. 0. 0. 0. 0. 0. 4.39201016e-003
    0. 0. 6.86646090e-004 0. 0. 0. 0. 0. 1.58642931e-003 0.
    8.47100164e-004 7.11012073e-003 0. 0. 3.97577463e-003 0. 0.
    8.39398534e-004 2.15053512e-003 2.91773304e-003 0. 0. 0. 0.
    -1.76163781e-002 2.39899824e-003 0. 0. 0. -3.97150725e-004
    -2.14697662e-004 0. 0. 1.22853683e-003 0. 0. 0. 0. 0.
    5.21540456e-003 9.68245324e-003 0. 0. 0. 0. 0. -8.37832267e-005
    4.64496855e-003 6.12157024e-003 0. 2.70886673e-003 0. 0. 0. 0. 0. 0.
    0. 0. 1.71939479e-004 0. 0. 0. 0. 0. 0. 0. 0. 0. 4.10105474e-003 0.
    5.56080416e-003 8.76277918e-004 0. 0. 2.70681176e-003 0.
    3.23259970e-004 1.78594105e-002 -1.30261455e-004 4.64815227e-003 0.
    0. 0. -2.68800766e-004 0. 7.80726876e-003 0. 0. 0. 0.
    1.57685596e-002 0. 0. 1.28608500e-003 7.08819367e-004
    1.65688421e-003 3.78572405e-003 0. 7.82650243e-003 1.43843843e-002
    0. -5.00619062e-004 0. 0. 0. 0. 0. 0. 2.04743460e-001 0. 0. 0.
    2.48664117e-004 0. 1.06835794e-002 2.26608757e-003 2.62952805e-003
    0. 0. -1.36052107e-003 0. 0. 0. 0. 1.20154303e-002 8.41754198e-004
    0. 0. 0. 0. 7.59556598e-004 0. 6.21029816e-004 0. 0. 0.
    4.78192186e-003 0. 1.94930972e-003 6.60090082e-005 0. 0. 0.
    1.03513040e-002 0. 8.49548355e-003 0. 3.04413377e-004 0.
    -3.74290929e-003 0. 1.09592965e-003 4.19208640e-003 0. 0.
    -1.74831468e-004 0. 0. 0. 0. 1.11011171e-003 0. 0. 0. 0. 0. 0.
    7.27684563e-003 0. 0. 0. 0. 0. 0. 3.36142373e-004 1.30041991e-003
    -3.56765668e-005 0. 0. 0. -7.93605752e-004 0. 0. 1.17654970e-003
    2.59190821e-003 0. 0. 0. 1.47914281e-003 9.70692665e-004
    4.51847649e-004 1.22537103e-003 0. 2.04483885e-002 0. 0.
    3.00463609e-004 0. 0. 0. 0. 0. 0. 3.07164085e-003 6.62062550e-003 0.
    7.08788959e-003 0. -2.02470551e-006 0. 3.41552892e-003
    7.14762602e-003 0. 0. 1.26525788e-002 0. 0. 0. 0. 0. 1.19375263e-003
    0. 3.95413488e-004 7.09224783e-004 2.46355426e-003 4.62250086e-003
    5.63112320e-004 0. 0. 0. 0. 0. 0. 8.26490019e-003 0. 0. 0. 0. 0. 0.
    0. 0. 8.72791559e-003 0. 0. 6.51507406e-004 0. 0. 1.00204989e-003 0.
    0. 0. 0. 0. 5.02278656e-003 0. 3.08343954e-003 0. 0. 0. 0. 0. 0. 0.
    0. 0. 0. 5.05158352e-003 0. 0. 2.73818296e-004 -2.49922578e-003
    1.30329898e-003 0. 4.23080148e-003 0. 0. 1.55794172e-004
    3.85837164e-004 0. 2.25320947e-003 0. 8.94221012e-005 0. 0. 0.
    1.03325211e-002 0. -4.84276097e-005 0. 0. 0. 0. 4.70611049e-005
    -7.82119634e-004 4.36446955e-003 0. 0. 0. 0. 6.11384446e-003 0.
    3.27731622e-003 0. 0. 4.00430197e-003 -5.26265590e-004 0.
    1.34176679e-003 0. 0. 1.23597260e-004 -3.18630337e-004
    6.28149835e-004 0. 0. 5.94387110e-003 3.03371344e-003 0. 0.
    1.17731828e-003 0. 3.95676494e-003 0. 0. 0. 0. 9.27642221e-004 0.
    4.94934153e-004 2.46220594e-003 0. -2.03147880e-003 0.
    7.84358766e-004 0. 0. 0. 0. 1.72724691e-003 2.60468945e-003 0.
    1.11974322e-003 -1.71409233e-003 0. -2.28066207e-003 0. 0. 0. 0. 0.
    0. 1.14182069e-003 0. 0. 0. 0. 1.03670149e-003 0. 0. 0. 0. 0. 0. 0.
    0. 2.34076846e-003 9.47156921e-003 4.49744845e-003 0.
    -5.81664266e-003 0. 0. 1.53633079e-003 0. 9.79075558e-004
    6.34644239e-004 5.99499000e-003 0. 0. 0. 0. 0. 0. 1.01782824e-003 0.
    1.65532704e-003 0. 1.64995436e-003 7.31111737e-003 3.35452985e-003
    0. 0. 0. 4.29567602e-003 0. 0. 6.19490107e-004 -8.27486278e-004
    -1.66508253e-003 2.28783581e-003 0. 1.16821481e-002 2.03518034e-003
    0. 0. 0. 0. 1.16096262e-003 -5.38674882e-003 1.42247300e-003
    1.43369345e-003 0. 4.91341983e-004 0. 8.41203611e-004 0. 0.
    1.90047920e-003 0. 1.12660800e-003 0. 1.67411915e-003
    1.28804077e-003 1.57372188e-003 -5.56119084e-002 0. 0.
    2.07642047e-003 6.06449600e-003 0. 0. 0. 2.51659867e-003 0. 0. 0. 0.
    0. 0. 0. -1.99306943e-003 0. 7.77499736e-005 0. 0. -2.37754211e-004
    0. 1.22587720e-003 3.38075566e-003 0. 0. 0. 0. 0. 0. 3.56754242e-003
    2.84681679e-004 0. -4.88582009e-005 1.09742454e-003 3.44735687e-003
    0. 2.81496136e-003 0. 3.69703560e-003 0. -9.28154972e-004
    3.55717866e-003 0. 3.78838764e-003 0. 4.23787953e-003
    3.54019296e-003 0. 1.34755801e-002 0. 1.48808642e-003
    1.69072545e-003 0. 0. 6.90711616e-003 3.45954765e-003 0. 0. 0. 0.
    3.62721924e-003 9.51192633e-004 0. 0. 0. 2.33526388e-003 0.
    1.26742874e-003 1.33296417e-003 0. 0. 0. 0. 9.08226299e-004 0. 0. 0.
    0. 4.04564518e-004 -1.70348759e-003 0. 0. 0. 0. 0. 3.27356090e-003
    0. 6.23465935e-003 0. 0. 7.91113300e-004 1.50071702e-003 0. 0. 0.
    3.89057933e-003 0. 0. -1.72224936e-005 0. 0. 0. 0. 0.
    1.17006304e-003 3.06967786e-003 0. 0. 6.59415871e-003 0. 0. 0. 0. 0.
    -2.71997997e-004 0. 0. 0. 3.50671308e-003 0. 1.85836316e-003 0.
    1.82554752e-004 0. 0. 0. 0. 0. 0. 0. 0. -5.24039264e-004 0. 0.
    1.69658859e-003 8.50042212e-004 0. 0. 0. -5.73424622e-004 0. 0. 0.
    6.94356349e-005 -2.36495092e-004 2.50697928e-003 0. 1.32134196e-003
    0. 0. 5.66554954e-003 0. 0. 0. 4.82752547e-003 5.53571200e-003
    7.38266448e-004 0. 1.76666095e-003 9.15428251e-003 -2.57326360e-003
    0. 0. 4.08016331e-003 0. 0. 0. 0. 1.22674450e-003 -1.13729492e-003
    0. 6.83919573e-003 0. 3.10228369e-003 0. 0. 0. 0. 0. 2.84341560e-003
    0. 2.32190662e-003 -1.26604771e-003 0. 2.97535327e-004 0.
    1.16839807e-003 0. 0. 0. 0. 0. 0. 0. 0. 0. 0. 0. 0. 3.39442468e-003
    6.07925327e-003 0. 3.91278183e-003 7.41765660e-004 -5.74353093e-004
    0. 3.98639683e-003 0. 1.31847791e-003 0. 3.91143560e-003
    2.23084004e-003 0. 3.43417400e-004 0. 0. -1.13515905e-003
    2.99924565e-003 2.06172816e-003 0. 0. 0. 0. 1.86515346e-004
    2.45809462e-003 0. 1.12781185e-003 0. 0. 1.89929642e-003 0. 0. 0. 0.
    0. 0. 0. 0. 5.62151009e-003 0. 3.69155034e-003 1.22977525e-003
    3.77194677e-003 0. 0. 0. 0. 9.43647930e-004 0. 0. 0. 0.
    1.00452872e-003 5.98825561e-003 0. 0. 0. 0. 0. 0. 0. 0. 0. 0. 0. 0.
    0. 6.62808423e-004 0. 0. 0. 0. 1.66646193e-003 0. 0. 0. 0. 0.
    1.83759572e-003 -1.43491605e-003 0. 0. 0. -9.27751709e-004 0. 0. 0.
    8.94361467e-004 0. 0. 0. 0. 1.72030068e-005 6.84329309e-004
    4.15969687e-003 1.74806290e-003 3.80579964e-004 -1.21581515e-005 0.
    0. 0. 0. 5.41184330e-004 0. 2.89869681e-003 0. 0. 2.16273172e-003 0.
    7.21937045e-004 0. 1.88285531e-003 -9.20373946e-004 3.52460472e-003
    0. 0. 3.03955842e-003 4.71301610e-003 0. 0. 0. 0. 0. 3.15421261e-003
    0. -1.41462986e-003 9.38099402e-004 3.94240138e-004 2.26985454e-003
    0. 0. 1.15776481e-003 0. 0. 0. 0. -6.30904920e-004 2.85075954e-003
    0. -1.37386902e-003 0. 0. 0. 0. 0. 0. 0. 0. 0. 0. 0. 0.
    2.33627186e-004 0. 0. 0. 0. 3.06677166e-003 4.95269021e-004
    1.13208126e-003 -4.74580418e-004 8.61873210e-004 0. 8.69743759e-004
    3.48693808e-003 8.22588988e-003 0. 0. 2.90526688e-004
    6.72213326e-004 0. 8.05584423e-004 0. 0. 0. 5.54810045e-004 0. 0. 0.
    0. 0. 3.20792384e-003 0. 0. 0. 0. 9.03759385e-004 0. 1.13909142e-002
    0. -5.02152718e-004 0. 0. 0. 0. 0. 0. 0. 0. 0. 0. 0. 0.
    5.60508110e-003 9.32366063e-004 0. 0. 6.63369149e-003 0.
    4.50310152e-004 0. 0. -6.37090020e-003 0. 0. 3.15257325e-003 0. 0.
    1.08189031e-003 0. 4.92604868e-003 0. 0. 9.84227168e-004 0. 0. 0.
    5.38658816e-003 0. 0. 0. 0. 0. 5.82875509e-004 8.94851575e-004 0.
    7.27289065e-004 0. 0. 0. 5.94400452e-004 8.61962326e-004
    7.60339852e-003 0. -7.43854034e-005 0. 2.49733799e-003
    5.59866941e-003 -1.72585846e-004 5.50571689e-003 1.14312640e-003 0.
    1.82151292e-002 0. 0. 0. 0. 1.96120935e-003 0. 1.22534670e-003 0. 0.
    0. 0. 0. 0. 0. -4.28337324e-003 0. -6.11678057e-004 0.
    1.38951861e-003 0. 0. 0. 0. 0. 0. 0. 5.30636171e-003 0. 0. 0. 0.
    2.27757846e-003 3.30410083e-003 0. 0. 0. 0. 0. 0. 2.36756820e-003 0.
    0. 6.68830005e-004 1.12905831e-003 -2.16283239e-004 0. 0.
    -4.75963694e-004 -2.73714587e-003 0. 0. 0. -2.09041662e-003 0. 0. 0.
