<?xml version="1.0"?>
<opencv_storage>
<imageDescriptor type_id="opencv-matrix">
  <rows>1</rows>
  <cols>1000</cols>
  <dt>f</dt>
  <data>
    0. 0. 0. 0. 0. 0. 0. 0. 0. 2.86506838e-004 0. 0. 5.78231004e-004 0.
    8.39005876e-003 0. 0. 0. 1.08230403e-002 0. 0. 0. 0. 0.
    1.17516622e-003 0. 0. 0. 0. 0. 0. 0. 1.39520236e-003 0.
    -2.56559113e-003 0. -4.16168856e-004 0. 0. 0. 3.79024819e-003 0. 0.
    0. 0. 0. 0. 2.98036117e-004 0. 0. 7.48795131e-003 0. 0. 0. 0. 0. 0.
    7.72047089e-004 0. 0. 1.21215417e-003 0. -8.77872924e-004 0. 0. 0.
    0. 0. 4.37951228e-003 0. 0. 0. 0. 2.99099484e-003 0. 0. 0.
    2.38641119e-003 8.37341603e-003 0. 0. 0. 0. 0. 0. 0. 0.
    1.69426319e-003 7.66711659e-004 0. 9.21891723e-003 0. 0.
    1.61144533e-003 4.85510100e-004 0. 2.67626531e-003 0. 0.
    1.27789378e-003 0. 3.14657912e-002 0. 0. 1.93892848e-002
    7.14579772e-004 -4.93968953e-004 2.59056193e-004 0. 4.34082514e-003
    1.21468995e-002 3.64392909e-004 -2.81414279e-004 0. 0. 0. 0. 0.
    5.37681906e-003 3.24836075e-002 0. 0. -1.72138883e-004
    -7.39665120e-004 0. 9.61313024e-003 1.39126217e-003 1.94434798e-003
    0. 0. 1.82084215e-003 0. 0. 4.53312555e-003 0. 3.48082650e-003 0. 0.
    0. 0. 0. 1.19041430e-003 0. 0. 0. 0. 0. 4.56404453e-003 0.
    2.14420535e-004 3.43315769e-005 0. 0. 0. 2.56503141e-003 0.
    3.19898361e-003 0. 0. 0. -2.45614239e-004 0. 0. 0. 0. 0. 0. 0. 0. 0.
    0. 0. 0. 0. 0. 0. 0. -1.25544704e-003 4.28806897e-003 0. 0. 0. 0. 0.
    0. 0. 0. 0. 0. 0. 0. -2.11316263e-004 0. 0. -4.56406223e-003
    -2.49357382e-003 0. 0. 0. 0. 0. 3.24557797e-004 8.06483813e-003 0.
    0. 0. 0. 0. 0. 0. 0. 0. 0. 0. 6.63942192e-004 1.74568186e-003
    -1.70805992e-003 -8.49291973e-004 1.70290656e-003 0. 0. 0.
    3.07696429e-003 2.12256541e-003 0. 3.59296314e-002 0. 0. 0. 0. 0. 0.
    0. 4.84782329e-004 0. 0. 0. 0. 0. 0. 0. 3.68832820e-003 0. 0. 0. 0.
    1.46430347e-003 0. 0. 0. 4.34492213e-005 4.37116576e-003
    -4.15209506e-004 7.35729653e-003 0. 1.65096927e-003 -5.49475008e-005
    0. 0. 0. 0. 0. 0. 0. 0. 0. 0. 2.31812824e-003 0. 1.39267568e-003 0.
    -7.30282336e-004 0. 0. 0. 1.88586011e-003 3.58709507e-003 0.
    2.07191915e-003 0. 0. -9.04076442e-004 0. 2.26425077e-003
    3.66730988e-003 3.20906355e-003 0. 0. 9.81119229e-004
    2.95047788e-003 0. 0. 0. 6.23164885e-003 0. 0. 0. 1.87346246e-002 0.
    1.21545710e-003 0. 4.97173984e-003 0. 0. 0. 0. 1.24318711e-003 0.
    1.58330379e-003 0. -4.42619232e-004 2.22827098e-003 0.
    1.61227223e-003 0. 0. 0. 5.23314672e-003 0. 5.26345393e-004 0. 0. 0.
    1.51336892e-003 0. 0. 0. 3.05060577e-003 0. 0. 0. 0. 0.
    3.36897792e-004 0. 6.50620600e-003 0. 0. 0. 0. 0. 2.18705018e-003 0.
    0. 0. 3.85921751e-003 1.10698224e-003 -3.38163460e-004
    2.95424106e-004 0. 0. 1.98177411e-003 0. 0. 1.85205974e-003 0.
    -1.52187538e-003 0. 0. 0. 0. 0. 0. 3.23033473e-003 0. 0. 0. 0.
    6.67758519e-004 0. 1.28922763e-003 0. 0. 0. 0. 0. 0. 6.75462477e-004
    1.01115564e-002 0. 0. -5.64604253e-003 0. 1.39750796e-003 0. 0. 0.
    4.44026804e-003 2.95784586e-004 3.05813533e-004 0. 0. 0. 0. 0.
    1.20460968e-002 0. 0. 8.55423161e-004 0. 1.07424287e-002 0. 0.
    -2.48770142e-004 0. 0. 0. 0. 5.82966022e-003 2.21260334e-003 0.
    6.70257548e-004 0. -3.34130526e-002 2.37584813e-003 0. 0. 0. 0. 0.
    6.54203957e-003 4.56038426e-004 0. 1.94484380e-003 8.49272299e-004
    0. -2.41480488e-003 0. 0. -6.53044670e-004 0. -6.68287335e-004 0.
    1.32169966e-002 -2.80276836e-005 1.83598883e-003 2.52857566e-001 0.
    0. 0. 9.08113550e-003 0. 0. 2.00300058e-003 0. 0. 0. 0. 0. 0. 0. 0.
    6.95742841e-004 0. -1.05743215e-003 0. 0. 0. 0. 0. 1.43660908e-003
    0. 0. 0. 0. 0. -7.16247654e-004 1.46748731e-003 0. 0. 0. 0. 0. 0.
    -2.20386731e-003 0. 0. 4.97874105e-004 0. 3.11542698e-003 0.
    -4.09944943e-004 9.76940850e-004 0. 0. 0. 0. 4.95787943e-004 0. 0.
    2.78918701e-003 0. -2.82303290e-003 0. 0. 2.82876077e-003 0. 0. 0.
    -2.44355132e-003 0. 0. -1.17931515e-003 3.04556306e-004 0. 0. 0. 0.
    0. 0. 0. 0. -5.36759966e-004 1.09809625e-003 0. 4.23121126e-003
    -1.32145273e-004 0. 0. 1.22094736e-003 0. 1.65441434e-003 0. 0. 0.
    -5.12184342e-004 3.50930542e-003 0. 0. 0. 4.40139411e-004
    2.65090750e-003 0. 0. 0. 0. 0. 0. 0. 0. 1.80775567e-003 0. 0. 0. 0.
    0. 2.92122830e-003 0. 0. 0. 1.55904156e-003 0. 0. 0. 0.
    7.25224055e-003 0. 0. 2.32015178e-003 0. 0. 0. 0. 0. 0. 0. 0.
    1.50516897e-003 0. 1.70972804e-003 0. 0. 0. 0. 0. 0. 0.
    9.91897890e-004 6.95387460e-003 0. 7.17878429e-005 1.00036114e-002
    0. 0. 0. 1.32278295e-003 -2.23433133e-004 0. 0. 0. 0. 0. 0. 0. 0. 0.
    2.32611364e-003 0. 9.38233919e-004 0. 1.49764551e-003 0. 0. 0. 0. 0.
    0. 0. 0. 0. 0. 4.11198707e-003 6.04779553e-003 0. 0. 1.14817533e-003
    0. 3.62941762e-003 0. -2.00232933e-003 0. 0. -1.29206324e-004 0.
    6.41355757e-004 0. 0. 0. 0. 0. -1.32355317e-005 0. 1.69662677e-003
    0. 0. 2.32771598e-003 0. 4.33583977e-003 4.95163316e-004 0.
    9.16671823e-004 0. -1.40406599e-004 0. 5.05485758e-003 0. 0.
    3.01937736e-003 9.54719901e-004 8.44808109e-003 0. 0.
    4.19093587e-004 0. 0. 5.19309891e-003 5.79622749e-004
    9.72987036e-004 1.34573493e-003 0. 0. 0. 1.82618957e-003 0.
    1.13955629e-003 0. 2.92890030e-003 0. 1.93623034e-003 0.
    4.14677756e-003 0. 0. 0. 0. 0. 2.50097277e-004 0. 8.23698286e-003 0.
    0. 0. 0. 0. 1.44782069e-003 4.90998384e-004 0. 0. 0. 0.
    5.25958976e-003 3.52911954e-003 -7.89964746e-004 0. 0. 0. 0. 0. 0.
    0. 0. 0. 0. 0. 0. -4.66647703e-004 8.08884972e-004 0.
    9.09573399e-004 0. 0. 0. 0. 0. 0. 0. -1.93844375e-004 0. 0. 0. 0.
    2.20125983e-003 0. 0. 2.49982253e-003 1.50154380e-003
    -1.65168894e-003 0. 0. 0. 6.23652060e-003 3.08428891e-003
    2.52861297e-003 0. 1.65067497e-003 0. 0. 0. 0. 0. 4.51368233e-003 0.
    0. 0. 0. 0. 0. 0. 0. 0. 0. 1.68872275e-003 1.83818548e-003 0. 0.
    2.89109000e-003 0. 0. 0. 0. 0. 6.43823575e-003 0. -1.90535770e-003
    0. 0. 0. 0. 0. 2.00810819e-003 0. 4.99196770e-003 0. 0. 0.
    4.79976274e-003 0. 5.07966243e-003 3.90057568e-003 0. 0. 0. 0.
    -4.04625142e-004 0. 0. 0. 0. 0. 4.78730351e-003 2.78320629e-003 0.
    0. 0. 0. 0. 1.67784153e-003 0. 1.86983868e-003 5.18343411e-003 0.
    2.00947002e-003 2.17849389e-003 8.26736726e-003 0. 2.61199544e-003
    2.53995275e-003 4.44856891e-003 0. 0. 0. 9.27695422e-004 0.
    -1.61150572e-004 0. 0. 0. 0. 0. 0. 0. 0. 4.50056919e-004
    -5.56707091e-004 0. 0. 0. 0. 0. 0. 4.39757295e-003 0. 0. 0. 0.
    2.88447784e-003 0. 0. 0. 0. 0. -5.42680547e-003 2.77780858e-003 0.
    0. 0. 0. 0. 1.45331421e-003 0. -7.17736408e-003 4.36515454e-003 0.
    2.70667369e-004 0. 0. 0. 1.89574528e-003 -2.81127897e-004 0. 0. 0.
    0. 0. 0. 0. 0. 0. 8.51337158e-004 0. 0. 2.39421870e-003
    3.75523028e-004 0. 2.33448436e-003 0. 0. 3.66178015e-003 0. 0.
    4.14399011e-003 0. 0. 0. -1.62000745e-003 9.49889130e-004 0.
    3.02853121e-004 4.30725701e-003 0. -8.13639432e-004 1.85581623e-004
    0. 0. 0. 3.47525603e-003 2.31113750e-003 1.74369186e-003 0. 0. 0. 0.
    0. 1.61608146e-003 7.29072635e-005 2.99255503e-003 1.16221840e-003
    6.83554169e-003 0. 0. 0. 0. 0. 0. 0. 0. 0. 2.72469735e-003 0. 0. 0.
    0. -2.78095074e-004 1.36001618e-003 0. 0. 0. 0. 0. 0.
    2.13555736e-003 1.91147521e-003 0. 0. 0. 7.17777410e-004 0. 0.
    4.85230325e-004 -3.83665494e-004 0. 0. 0. -1.11273075e-004 0.
    1.37675658e-003 2.23133859e-004 0. 0. 1.69556017e-003 0. 0.
    -4.13647154e-004 -1.36076927e-003 0. 3.50292772e-003 0. 0. 0.
    1.54501467e-003 0. 0. 9.77071468e-003 0. 0. 0. 0. 0. 0.
    8.06852360e-004 0. 0. 0. 3.18759540e-003 7.35517964e-003 0. 0. 0.
    1.72129099e-003 -1.49204012e-003 0. 0. 0. 0. 0. 0. 0. 0. 0. 0.
    1.17920153e-002 5.82380407e-003 0. 0. 1.37804833e-003 0. 0. 0. 0.
    5.98674593e-003</data></imageDescriptor>
</opencv_storage>
