<?xml version="1.0"?>
<opencv_storage>
<imageDescriptor type_id="opencv-matrix">
  <rows>1</rows>
  <cols>1000</cols>
  <dt>f</dt>
  <data>
    0. 2.05799541e-003 2.04414129e-003 0. 0. 0. 0. 0. 0. 2.57604267e-003
    7.95135926e-003 0. 0. 0. 1.90116260e-002 0. 0. 4.07744170e-004
    2.84637138e-003 0. 0. 1.86706195e-003 0. 0. 4.08480130e-003 0. 0. 0.
    0. 4.15254245e-003 0. 0. 1.09291275e-003 0. -1.67865902e-002 0.
    -5.95777587e-004 -3.08815885e-004 0. 0. -3.16504040e-004
    1.42011815e-003 0. 0. 1.98113546e-003 0. 5.26684057e-003 0. 0. 0. 0.
    0. 0. 1.14972610e-003 -2.14528351e-004 0. 4.88119229e-004
    2.15453375e-003 2.58206768e-004 0. 0. 0. 2.92993663e-003 0. 0. 0.
    9.29481932e-004 0. 0. 4.99316165e-003 0. 8.73691402e-003 0. 0. 0. 0.
    0. 0. 0. 0. 3.86667816e-004 1.26683700e-003 0. 0. 0. 0. 0. 0.
    6.85238792e-003 0. 0. 0. 0. 0. 0. 0. -5.54431090e-003 0.
    -1.57052680e-004 0. 0. 0. 0. 0. 9.54621844e-003 3.20457714e-003 0.
    2.26026610e-003 0. 1.29036058e-003 0. 2.94470810e-003
    -1.09241286e-003 1.29169179e-003 0. 0. 0. 0. 1.70894689e-003
    1.59573302e-001 4.46957629e-003 0. 0. 2.18903855e-003
    5.93742705e-004 1.48171978e-003 0. -8.13978200e-004 0.
    3.22281476e-003 3.33365146e-003 0. 8.23603128e-004 0. 0. 0.
    3.33456555e-003 0. 0. 0. 2.92664254e-003 -1.07117556e-003 0.
    1.34111417e-003 0. 0. 0. -7.64765951e-004 0. 0. 0. 0. 0. 0.
    3.24748270e-003 2.04721146e-004 0. 0. 0. 0. 4.93586482e-003 0. 0. 0.
    5.22495480e-004 0. 0. 0. 0. 0. 3.73054342e-003 0. 0. 0.
    1.53852848e-003 0. 0. 0. 9.18934355e-004 -1.19778386e-003 0. 0. 0.
    3.30405100e-003 0. 0. 0. 0. 0. 0. 0. 0. 1.98743539e-003 0.
    -2.43401038e-003 4.94077941e-003 4.47869214e-004 0. 0. 0.
    1.19093794e-003 -1.74992427e-003 0. 0. 0. 0. 7.11503613e-004 0. 0.
    3.01571633e-003 1.95757695e-003 5.44219220e-004 0. 0. 0. 0. 0.
    -3.76315787e-004 -3.67522152e-005 1.08769641e-003 0. 0. 0. 0. 0.
    6.46450138e-003 3.51807778e-003 2.69818027e-003 0. 0. 0. 0. 0.
    1.98934716e-003 3.45455110e-003 0. 0. 1.45155436e-003 0.
    5.61165216e-004 0. 0. 0. 0. 0. 0. 0. 0. 6.40138402e-004 0. 0.
    3.20612662e-003 0. 1.55761349e-003 0. 1.54569675e-003
    8.15224485e-004 1.05664809e-003 2.58539803e-003 0. 2.41109636e-003
    5.00331540e-003 0. 0. 4.89194877e-003 0. 0. 0. 0. 0. 2.28735211e-004
    0. 0. 0. -5.59149921e-005 0. 4.85890219e-003 6.94150757e-003 0. 0.
    1.08741201e-003 -2.62132562e-005 0. 0. 2.93220859e-003 0. 0. 0. 0.
    1.06801987e-002 0. 0. 7.71788647e-003 7.05083646e-003 0. 0. 0. 0.
    -5.18969377e-004 0. 1.40525040e-003 0. 0. 3.74361989e-003 0. 0.
    2.41083698e-003 0. 0. 0. 1.49893179e-003 1.09624432e-003 0.
    8.07023048e-003 0. 0. -8.48662341e-004 1.15636243e-002 0. 0. 0. 0.
    0. -3.23887100e-004 6.42710878e-003 2.44220509e-003 0. 0. 0.
    3.85311013e-003 0. 0. 0. 0. 5.41899353e-003 0. 0. 0. 2.65221507e-003
    0. 0. 2.85337400e-003 0. 0. 0. 0. 0. 7.87761674e-005 1.15306256e-003
    0. 0. 2.68832926e-004 0. 0. -1.70672312e-003 1.63352210e-003
    4.62010875e-003 0. 1.90718682e-003 0. 4.34321148e-004 0. 0.
    7.59713119e-003 3.30581237e-003 0. 7.35170068e-003 1.55323688e-002
    8.67579540e-004 0. 0. 0. 0. 1.55208632e-003 0. 0. 0. 0.
    1.57341245e-003 4.84911771e-003 0. -1.21584488e-003 1.28068228e-003
    6.61706785e-003 -2.68584718e-005 0. 0. -1.17362128e-003
    4.45011118e-003 0. 0. 1.13065578e-002 2.12109392e-003 0.
    5.08159818e-003 4.27222531e-003 0. 0. 0. 0. 6.61223149e-003 0. 0.
    1.08922669e-003 2.16642232e-003 4.67634731e-004 0. 0.
    1.53116044e-003 1.03596356e-002 1.73159759e-003 2.29990552e-003 0.
    -4.54833880e-002 0. 0. 0. 0. 0. 0. 0. 3.64993862e-003 0.
    3.95071460e-004 0. 0. -1.60295167e-003 0. 0. 0. -3.83563893e-004
    5.59653388e-004 0. 6.75504003e-003 5.82997827e-003 3.98817845e-003
    4.52983566e-002 0. 0. 0. 0. 1.58203684e-003 0. 1.80420524e-003
    3.17701441e-003 0. 0. 0. 0. 0. 4.40593576e-004 1.12438831e-003 0. 0.
    4.47201822e-003 0. 3.27187637e-003 1.52178004e-003 8.48223281e-004
    1.75475015e-003 0. 9.95661598e-004 -5.68951888e-004 5.79268718e-003
    0. 7.50168646e-003 0. 2.98475701e-004 3.13237472e-003 0.
    1.45107042e-003 0. 0. 0. 2.61436356e-003 1.27744069e-003 0. 0. 0. 0.
    0. 2.06782063e-003 2.45746691e-003 9.14351735e-003 1.48460094e-003
    0. 0. 0. 0. 3.06800962e-003 1.84326922e-003 1.71304782e-004
    1.29800253e-002 0. 0. 0. 0. 0. -1.14939670e-004 -2.35586590e-003 0.
    2.25277594e-003 0. 9.92696077e-005 1.78206514e-003 1.21626596e-003
    0. 0. 0. 0. 0. 3.09193693e-003 1.84823421e-003 0. 0. 0.
    1.79006450e-003 3.03411600e-003 -1.43680524e-003 2.05258559e-003 0.
    2.08333507e-003 0. 0. 0. 0. 4.74104425e-003 0. 0. -1.06641511e-003
    0. 3.87306995e-004 1.09032746e-002 3.93751776e-003 7.83285417e-004
    1.21460973e-004 0. 0. 0. -1.63938399e-004 0. 0. 0. 0. 0. 0.
    2.78340303e-003 0. 0. 1.21406687e-003 0. 0. 5.08231530e-003 0. 0. 0.
    2.51042261e-003 -4.08319291e-003 0. -1.27813767e-003 1.46881479e-003
    0. 0. 0. 0. 0. 0. 0. 0. 7.88058713e-003 0. 0. 1.68824370e-003 0. 0.
    0. 0. -9.31078917e-004 7.21248193e-003 2.91268481e-003 0.
    3.15763731e-003 0. 0. 0. 0. 9.52218659e-004 5.37471846e-003
    4.42430051e-003 0. 0. 0. 0. -1.12489774e-003 -9.38348647e-004 0.
    1.94656830e-002 1.78282219e-003 -5.00380760e-004 2.76586367e-003
    2.99560861e-003 4.12652316e-003 -1.35413185e-003 0. 0. 0. 0.
    1.59076811e-003 0. 0. 0. 2.22498388e-003 0. 0. 0. 0. 8.72246572e-004
    0. 0. 1.29199680e-003 0. 0. 0. 0. 3.86330707e-004 0. 2.42113159e-003
    0. 0. 0. 0. 0. 0. 1.53227220e-003 3.31827998e-003 2.20426591e-003 0.
    2.04868801e-003 5.30915475e-003 0. 0. 0. 0. 0. 3.38539574e-003 0. 0.
    0. 0. 0. 0. 0. 1.20273582e-003 0. 0. 0. 0. 1.35464943e-003 0. 0. 0.
    9.32927243e-003 6.57644763e-004 0. -9.21473489e-004 0.
    1.11629977e-003 0. 0. 0. 0. 0. 0. 0. 0. 1.31524040e-003 0.
    3.67681787e-004 0. -1.01920450e-004 1.79369119e-003 3.61538521e-004
    0. 0. 0. 0. 0. 0. 0. 0. -9.52726696e-004 6.30614068e-003
    3.67170875e-003 0. 0. 0. 0. 3.63621651e-003 0. 0. 3.59052233e-003
    5.02213428e-004 0. 0. 0. 0. -2.01256058e-004 0. 0. 0. 0. 0. 0. 0. 0.
    0. 0. 0. -9.49019915e-004 0. 5.22899441e-004 1.05555251e-003 0.
    4.43926867e-004 0. 0. 0. 0. 0. 4.34128754e-003 0. 1.30192074e-003
    -2.80035980e-004 0. 5.36823994e-004 0. 0. 0. 0. 0. 0.
    1.32009469e-003 0. 0. 0. 0. 0. 0. 2.26400071e-003 0.
    -3.00651940e-004 0. -2.89015006e-003 0. 0. 8.32319609e-004 0.
    4.56435420e-003 0. 0. 0. 3.60440905e-003 1.42624229e-003
    -2.53199367e-004 0. 1.03679195e-003 4.26555984e-004 0. 0. 0. 0.
    -1.44836798e-004 0. 0. 0. 6.52307004e-004 2.86117103e-003
    5.35926642e-003 0. 0. 2.63813976e-003 0. 0. 0. 0. 0. 0. 0. 0. 0.
    3.53704602e-003 3.76873440e-003 5.10791363e-003 8.23390263e-004 0.
    0. 0. 0. 0. 1.12272345e-003 0. 8.63434747e-003 2.40049907e-003
    9.27210879e-003 0. 0. 6.58409321e-004 0. 0. 1.06070994e-003 0. 0.
    2.41134854e-004 0. 0. -1.28421257e-003 5.78622892e-003
    1.28376775e-003 0. 9.00480081e-004 0. 0. 6.36829122e-004
    4.36389120e-003 1.80190394e-003 0. 7.57022703e-004 0. 0.
    1.83806662e-003 0. 2.20288732e-003 7.01972982e-003 0. 0. 0. 0. 0. 0.
    0. 0. 2.99622514e-003 8.19658337e-004 0. 0. -8.70391144e-004 0. 0.
    0. 5.67306764e-004 3.06975003e-003 0. 0. 0. 0. 0. 0. 1.28226902e-003
    0. 0. 0. 4.70490137e-004 0. 0. 0. 0. 0. 0. 0. 5.38417371e-004 0.
    3.66316497e-004 6.50264788e-004 0. 0. 0. 2.23096251e-003
    2.01680860e-003 2.50850408e-003 0. 0. 0. 2.19683582e-003 0.
    4.49105835e-004 4.83910833e-003 0. 5.14305662e-003 4.17252397e-003
    -1.08623330e-003 0. 4.57110349e-003 0. 0. 0. 0. 0. 0. 0.
    4.21661418e-003 0. 0. 4.72856133e-004 0. 0. 0. 0. 3.05132056e-003 0.
    0. 0. 1.22749177e-003 0. 1.42096635e-003 3.20748368e-004 0. 0.
    -9.39287769e-004 0. 0. 1.27726677e-003 0. 3.48919537e-003
    3.17689660e-003 0. 0. 0. 0. 0. 8.34810664e-004 0. 0. 0.
    2.06088927e-003 0. 2.16792035e-003 5.52107114e-003 0.
