<?xml version="1.0"?>
<opencv_storage>
<imageDescriptor type_id="opencv-matrix">
  <rows>1</rows>
  <cols>1000</cols>
  <dt>f</dt>
  <data>
    0. 0. 0. 1.07971334e-003 0. 5.59259381e-004 2.25901091e-003 0.
    -1.18070294e-003 1.08104935e-002 0. 3.95930093e-003 1.31726870e-003
    0. 0. 0. 0. 0. 9.49578185e-004 0. 0. -2.11693070e-004 0. 0.
    2.22608889e-003 4.57774237e-004 0. 0. 9.63382795e-003 0. 0. 0. 0. 0.
    -1.11636594e-002 0. 0. 5.85338566e-004 0. 0. -1.52510870e-003 0.
    6.27787260e-004 0. 0. 0. 0. 6.01117150e-004 0. 0. -1.32523477e-003
    0. 0. 0. 2.09771795e-003 0. 0. 7.21143559e-003 -1.38833700e-003 0.
    2.15109554e-003 0. 1.31959678e-004 0. 0. 0. 0. 0. 0. 0. 0. 0.
    5.47416101e-004 0. 3.85705265e-003 0. 0. 0. 3.79466685e-004 0. 0.
    -3.65292450e-004 0. 0. 0. 0. 0. 0. 6.44651661e-003 1.32469216e-003
    5.31002926e-003 0. 1.38211402e-003 0. 3.52164061e-004
    2.33186362e-003 8.38931091e-003 0. 9.01429215e-004 0. 0.
    1.03960633e-002 0. 0. 1.55518092e-002 2.63122213e-003
    5.65374969e-004 -4.95094107e-004 0. -8.19936336e-004
    -3.47476103e-004 -1.42740575e-003 0. 0. 0. 7.36763293e-004 0. 0.
    5.65644703e-004 1.81108072e-001 -3.59476166e-004 0. 0.
    -9.19574522e-004 0. 2.99330405e-003 3.70453019e-003 2.00525299e-003
    0. 1.64654702e-002 0. 0. -5.31061669e-005 0. 0. -6.82974583e-004 0.
    0. -1.94489316e-003 0. 1.79499725e-003 0. 0. 3.86988791e-003 0. 0.
    0. 0. 0. 0. 0. 0. -1.26497645e-003 1.63663342e-003 -2.86061986e-004
    3.78070772e-003 3.45428498e-003 0. 0. 0. 8.44905502e-004 0.
    1.13641354e-003 0. 0. 0. 0. 0. -1.57421234e-003 0. 0. 0. 0. 0. 0. 0.
    0. 1.81427377e-003 9.96517390e-003 0. 0. 0. 0. 0. 0. 6.26379624e-004
    3.45866755e-003 5.41086891e-004 0. 0. 0. 0. 0. 0. 2.77430518e-004 0.
    8.90779425e-004 0. 0. 0. 4.01430210e-004 0. 1.50082458e-003 0.
    1.36394212e-002 0. 0. 0. 6.67088851e-003 0. 0. 2.19164044e-003
    -4.70401050e-004 0. 0. 1.70582952e-003 0. -1.35981257e-003 0. 0. 0.
    0. 0. 0. 0. 4.43881657e-003 0. 0. 0. 0. 0. 7.76693225e-004 0.
    -3.42303794e-003 3.09596071e-003 6.02198299e-004 4.36356524e-003
    -2.06085984e-004 0. 0. 0. 0. 0. 0. 0. 1.92765542e-003 0.
    6.09282637e-004 0. -2.07986450e-004 0. -9.53963667e-004 0.
    1.28216832e-003 0. 0. -6.60101301e-004 1.42745301e-003 0.
    9.82889789e-004 0. 0. 7.99312897e-004 0. 7.29377207e-004 0.
    -1.65372505e-004 0. 0. 0. 5.42414654e-003 0. 0. 0. 1.58272730e-003
    0. 0. 4.20295028e-003 0. 0. 1.68357525e-004 -1.57566654e-004 0.
    3.42347252e-004 0. 0. 0. 0. 0. 6.47615362e-003 0. 0. 1.77658733e-003
    1.06979106e-002 0. 0. 0. 1.00295171e-002 0. 5.33065759e-004 0. 0.
    4.21669940e-003 0. 0. 0. 3.90995201e-003 -6.87115462e-005
    2.12997734e-003 0. 9.69329383e-003 -5.45913237e-004 0.
    7.47106783e-003 0. 1.92385924e-003 0. 7.27186503e-004 0. 0. 0.
    5.78792999e-004 0. 0. 9.27712535e-005 2.08406418e-004 0.
    5.61569445e-003 -1.00135198e-003 0. 3.08630624e-005 0. 0.
    9.13577853e-004 0. -2.46475072e-004 0. 0. -3.16673941e-005 0.
    2.12282175e-003 1.37769990e-003 0. 0. 0. 0. 0. 1.56767375e-003 0. 0.
    0. 7.93019682e-003 0. 0. 2.67331349e-003 0. 2.41541001e-003 0.
    6.66941050e-004 0. 0. 0. 0. 0. 0. 0. 0. 9.66251318e-005 0.
    2.64138333e-003 0. 0. -5.62215464e-005 0. 0. 0. 0. 0.
    5.33547672e-003 0. 0. -2.25167605e-003 2.87828944e-003 0.
    -8.03810952e-004 1.70819112e-003 0. 2.28200783e-003 1.63009996e-003
    0. 0. 2.15387248e-004 0. 0. 0. 3.41363647e-003 0. 0. 6.02121640e-004
    0. 8.96865875e-003 1.38929195e-003 0. -1.11722236e-003 0.
    5.19481907e-003 1.88459095e-003 0. 1.37564065e-002 2.73788511e-003
    0. 4.05820599e-003 0. -3.52331400e-002 0. 0. 0. 0. 0.
    2.83818063e-003 0. 0. -1.69875869e-003 0. 0. -5.24561678e-004
    2.79443862e-004 0. 0. 0. 3.09324823e-003 0. 0. 6.00084942e-003 0.
    3.17043741e-003 7.35094622e-002 0. 0. -4.44028148e-004
    5.35203423e-003 0. 0. 0. 0. 0. 4.19921358e-004 0. 0. 0. 0.
    -1.39427153e-004 0. 0. 0. 0. 0. 0. 0. 0. 5.99769643e-003 0.
    6.63331768e-004 0. 1.10264239e-003 1.70182044e-004 0.
    -8.52784433e-004 0. 0. 0. 0. 0. 0. 3.87554802e-003 0. 0. 0. 0.
    5.80397143e-004 0. 0. 0. 1.39917247e-003 0. 0. 7.51881953e-003 0. 0.
    0. 0. 0. 1.16660548e-002 0. 0. 0. 0. 0. 5.06004598e-003
    1.78515986e-002 0. 0. 0. 6.86285691e-003 0. 2.69615999e-003
    4.28641681e-004 0. 0. 0. 7.45733560e-004 0. 8.44969589e-004
    4.57980530e-003 0. 0. 0. 7.41082767e-004 0. 0. 0. 0. 2.59774301e-004
    0. 0. 0. 2.55016494e-003 0. 0. 4.66302922e-003 0. -5.53036807e-004
    -3.20340652e-004 0. 0. 0. 4.50499792e-004 -2.96424003e-003 0. 0. 0.
    0. 0. 2.68685492e-003 0. 0. 8.67296569e-003 0. 0. 0. 6.56635826e-003
    0. 7.56521523e-003 0. 0. 5.10483794e-003 2.01831153e-003 0. 0. 0.
    -1.84954295e-003 0. 2.03305390e-003 1.70473053e-004 6.12745527e-004
    0. 3.30548501e-003 0. 0. 2.42663524e-003 0. 0. 0. 0. 0. 0. 0.
    3.09617724e-003 2.00437731e-003 1.67089258e-003 0. -6.69843517e-004
    7.78522983e-004 2.20959817e-004 0. 1.15459785e-003 -5.00479422e-004
    5.62697824e-004 8.07224214e-003 1.57186936e-003 0. 0. 0. 0. 0. 0.
    -1.37551513e-003 3.79312714e-003 8.14930536e-004 0. 0. 0. 0. 0. 0.
    0. 0. 0. 0. 0. 0. -8.94849596e-004 0. 0. 0. 0. 0. 5.19748405e-003 0.
    0. 0. 0. 2.46519335e-002 0. -7.32596600e-005 0. 1.11035770e-003 0.
    0. 0. 3.23390443e-004 0. 0. 0. -6.33859192e-004 2.59602035e-004
    2.45651137e-003 8.99532810e-004 6.52724179e-003 0. 8.29400681e-003
    1.45026867e-003 0. 0. 5.15395310e-003 0. 0. 0. 9.51619819e-004
    7.74007989e-003 4.91551869e-003 -2.03568867e-004 0. 0. 0. 0.
    2.17797072e-003 0. 0. 0. 0. 1.55831827e-003 4.93069063e-004 0.
    8.93609691e-003 0. -1.29448704e-003 8.64130072e-003 0. 0.
    1.44299418e-002 0. 0. 0. 0. 0. -1.97685999e-003 0. 0.
    5.14236919e-004 -8.32659774e-004 0. 0. 0. 0. 0. 0. 0. 0. 0.
    7.29297427e-003 2.72696093e-003 -5.92141354e-004 0. 0. 0. 0. 0. 0.
    0. 0. 0. 0. 0. 0. 1.78746390e-003 0. 0. 2.50939411e-005 0.
    1.16580096e-003 0. 2.85107503e-003 0. 0. 3.25722131e-003 0.
    4.17511037e-004 0. 0. 0. 0. 0. 7.96635635e-004 0. 1.16019202e-002
    1.93591625e-003 0. 3.92311282e-004 0. -5.62762798e-005
    1.00996729e-003 3.25927953e-003 1.79783918e-003 -2.23433075e-004 0.
    0. 3.25618079e-003 0. 0. 0. 0. 0. 0. 0. 0. 0. 3.86088784e-003 0. 0.
    0. 0. -3.46648996e-003 0. 0. 4.58683912e-003 4.31895867e-004 0. 0.
    -2.56640255e-004 0. 6.17672515e-004 0. 0. 0. 1.12083938e-003 0.
    3.21472785e-003 0. 0. 0. 0. 0. 0. 0. 1.76370889e-003 0.
    2.46187672e-003 1.03895564e-003 0. 1.09311391e-003 0. 0. 0. 0. 0.
    2.95549369e-004 1.30501320e-003 0. 0. -6.92280068e-004 0.
    1.62628037e-003 0. 3.62018775e-003 1.80208893e-003 -9.71193640e-006
    0. 0. 0. 0. 3.49688227e-003 3.11330240e-003 0. 0. 1.67425314e-003 0.
    0. 0. 1.13109301e-003 0. 4.43671178e-003 0. 1.32735411e-003 0. 0. 0.
    0. 4.33064904e-003 0. 0. 0. 0. -6.40673796e-004 0. 1.34309847e-003
    8.68426636e-004 0. 4.76320181e-003 0. 2.37533473e-003 0.
    -7.67295569e-005 -1.02664263e-003 0. 0. 0. 0. 0. 0. 0.
    -8.86452908e-004 0. 0. 0. 0. 0. 4.16817609e-004 0. 1.29536726e-003
    0. 1.47909846e-003 0. -2.44256498e-005 2.81616813e-003 0. 0. 0. 0.
    0. 0. 0. 0. 0. 0. -1.17760530e-004 0. 0. 0. 0. 0. 1.03825564e-002
    3.39335110e-003 0. -4.51384956e-004 9.74964991e-004 0. 0.
    1.17616414e-003 0. 0. 0. 0. 0. 2.18555142e-004 0. 0. 3.25219036e-004
    0. 0. 1.32684957e-003 3.09262285e-003 0. -6.71007496e-004 0.
    2.85350159e-003 0. 1.57188193e-003 1.54372631e-003 0. 0. 0. 0.
    7.94649997e-004 0. 1.47417318e-002 0. 1.03196083e-003 0. 0. 0. 0.
    1.92566426e-003 -1.19897141e-003 0. 2.13183463e-003 0.
    2.27020960e-003 0. 0. 0. 0. -3.17936414e-004 0. 0. 0.
    1.81852782e-003 0. 0. 0. 0. 9.61345155e-004 -8.52089725e-005 0.
    -8.60996428e-004 8.73901881e-004 -2.67667609e-004 8.71116004e-004 0.
    0. 0. 0. 1.28413504e-003 0. 0. 0. 0. 0. 0. 0. 0. 0. 0.
    2.27517216e-003 2.20506848e-003 5.89349587e-003 0. 7.69335125e-003
