<?xml version="1.0"?>
<opencv_storage>
<imageDescriptor type_id="opencv-matrix">
  <rows>1</rows>
  <cols>1000</cols>
  <dt>f</dt>
  <data>
    0. 1.40698557e-003 3.77740571e-003 6.70966506e-003 -9.76321229e-004
    0. -2.15396076e-003 0. 0. 0. 0. 0. 0. 0. 0. 0. 0. 0. 0. 0. 0.
    6.24119397e-003 5.49897877e-003 0. 0. 0. 0. 0. 0. 0. 0.
    6.87134219e-004 0. 0. -7.36885425e-003 0. 0. 0. -2.05039559e-003
    6.77708013e-004 1.02508422e-002 0. 0. 0. -4.66225029e-004 0. 0. 0.
    0. 0. 6.18473208e-003 0. 1.75421825e-003 0. 0. 0. 4.29938827e-003 0.
    -5.75347047e-004 0. 1.74247939e-003 0. 0. 0. 0. 0. 0. 0.
    1.82796002e-003 8.98784492e-004 0. 0. 0. 0. 2.60370001e-002 0. 0.
    6.15151133e-004 1.09012509e-002 0. 3.44718705e-006 0. 0. 0. 0. 0. 0.
    0. 4.79020458e-003 -8.94178986e-004 -3.53889074e-003 0. 0.
    4.97397780e-003 0. 0. 1.45504652e-002 0. 5.81191154e-003 0.
    8.56290164e-004 3.62807419e-003 0. 0. 1.68010164e-002 0. 0. 0. 0. 0.
    3.33279790e-003 0. 1.85738329e-003 0. 0. 0. 0. 0. 0. 2.89170910e-002
    0. 0. 1.58684619e-003 0. -9.63228580e-004 4.74234403e-005
    1.51277632e-002 0. 0. 0. 8.55590682e-003 0. 0. 0. 0. 0.
    1.81544013e-003 0. 2.72500352e-003 -1.35202124e-003 8.21650960e-004
    1.90298620e-003 -5.10121696e-004 2.78099068e-003 2.74686958e-003 0.
    0. 2.85567855e-003 0. 4.86237463e-003 9.46753658e-003 0.
    -3.92587899e-005 0. -7.15488452e-004 0. 1.53659862e-002 0.
    -2.11032690e-003 0. -4.79394570e-004 1.48940471e-003 0.
    1.93615817e-003 0. 9.39269364e-003 0. 0. 0. 0. 0. 0. 0. 0.
    6.18105230e-004 0. 0. 0. 0. 0. 0. 0. 0. 0. 0. 0. 1.51411816e-003 0.
    0. 0. 0. 0. 0. 1.99160352e-003 0. 1.19581399e-002 0. 0. 0.
    -3.99259879e-004 0. 9.19135113e-004 0. -2.01323535e-003
    5.75060584e-003 0. 0. 0. 3.01744998e-003 8.73815676e-004 0. 0.
    -1.94716931e-003 0. 0. 1.17433723e-002 0. 5.19031659e-003 0.
    1.17852660e-002 0. 0. 2.14839587e-003 1.56115508e-003 0.
    7.80884759e-004 0. 1.39401853e-003 0. 0. 0. 0. 0. -1.36976165e-003
    0. 8.44075286e-004 0. 0. 1.36542099e-003 5.51373092e-003 0. 0. 0. 0.
    1.58572360e-003 0. 0. 0. 0. 0. 0. 2.24439823e-003 0.
    -6.23740663e-004 0. 0. 0. 0. 2.06154841e-003 3.25108599e-003 0. 0.
    0. 0. 0. 5.01211034e-003 4.91980172e-005 1.38644502e-003 0. 0. 0.
    -1.92591595e-003 2.69235950e-003 0. 0. 0. 0. 0. 1.57794784e-004
    4.93305328e-004 0. 4.85699158e-003 -1.64136442e-003 0. 0. 0. 0. 0.
    1.02932714e-002 4.98863682e-003 0. 0. 0. 0. 0. 0. 0. 8.61688983e-003
    0. 1.91012572e-003 0. 0. 0. 0. 0. 0. 0. 0. 3.50579270e-003 0. 0.
    1.73030770e-003 7.44701538e-004 0. 1.19622303e-002 0.
    5.42802445e-004 -1.01306220e-003 0. 0. 0. 0. 0. 1.79291063e-004
    -5.46803465e-004 0. 0. 3.03597283e-003 5.74380916e-004 0.
    6.47866167e-004 -1.53208512e-003 0. 0. 0. 0. 0. 0. 0. 0. 0. 0. 0.
    6.55204384e-003 0. 0. 7.70132348e-004 0. 0. 0. 0. 0. 4.31509630e-004
    0. 1.16316252e-003 -1.72468461e-003 0. 0. 3.08135198e-003 0. 0.
    1.10647921e-003 0. 0. 0. 0. 0. 0. 0. 3.01456358e-003 0.
    1.57670584e-003 0. -1.16579083e-003 0. 0. 0. 0. 6.72757800e-004
    1.73183449e-003 0. -3.75036290e-003 9.02263355e-003 0.
    4.47118189e-003 0. 3.05179274e-003 0. 0. 0. 0. 2.91800709e-003 0. 0.
    0. 0. 0. 0. 4.52238088e-003 3.05324304e-003 6.55774679e-003 0. 0. 0.
    0. 0. 0. 0. 2.92566582e-003 -6.75467018e-004 0. 0. 0.
    6.41305372e-002 0. 0. 0. 0. 0. 0. 0. 1.66258577e-003 0.
    8.99942778e-003 0. 5.56782959e-003 0. 1.08262664e-003
    -2.20353808e-003 4.32746578e-003 0. 0. 0. -2.86614103e-003 0. 0.
    -7.29498500e-003 0. 6.14572142e-004 0. 0. 1.67245988e-003
    -4.55261121e-004 0. 0. 0. 0. 0. 0. 0. 0. 2.95290118e-003 0.
    1.01697426e-002 0. 0. 0. 9.10978764e-003 0. 3.81694827e-003 0. 0. 0.
    0. 0. 0. 0. 5.60896657e-003 1.12294662e-003 0. 0. 0. 0. 0.
    -3.37521080e-003 0. 0. 3.08923051e-003 0. 0. 8.09205580e-004
    1.07119197e-003 0. 5.09793311e-003 0. 0. 0. 0. -1.79850648e-003
    3.28296912e-003 0. 0. 0. 0. 0. 0. 0. 0. 2.69521121e-003
    1.18559494e-003 0. 0. 5.24086459e-003 -2.40214472e-003 0.
    2.04700697e-003 0. 1.00319060e-002 0. 0. 1.13188019e-002 0. 0. 0. 0.
    0. 0. -3.80107464e-004 0. 0. 0. 0. 0. 0. 0. 1.13971520e-003
    -6.30944734e-004 0. 1.21654291e-003 0. 0. 0. 0. 0. 4.07758309e-003
    0. 1.77614205e-002 -9.16896854e-004 0. 0. 0. 0. 3.59784416e-003
    6.12705830e-004 1.83647592e-003 0. 0. -3.73821380e-003 0. 0. 0. 0.
    0. 1.04956673e-002 4.60077077e-003 2.77375104e-003 0. 0. 0. 0.
    1.75104791e-003 0. 0. 0. 0. 0. 0. 0. 0. 0. 0. 0. -1.66259659e-003
    6.50024647e-003 0. 1.61720510e-003 0. 3.42601514e-003 0. 0. 0.
    5.59769385e-003 0. 0. 5.45495749e-003 0. 2.05238955e-003
    -4.57638525e-004 0. 0. 0. 0. 0. 6.98838243e-003 0. 0. 0. 0.
    1.40686124e-003 2.11633020e-003 0. 7.13154953e-003 3.37210149e-002
    0. 2.15669489e-003 0. 0. 4.40266309e-003 0. 0. 0. 0. 0. 0. 0. 0. 0.
    2.21643411e-003 0. 0. 0. 0. 1.95870176e-003 0. 4.67468146e-003 0.
    1.10460224e-003 6.97873824e-004 0. 0. 0. 0. 0. 0. 0. 1.40190605e-004
    1.67992694e-004 0. 1.85182702e-003 0. 0. 0. 0. 0. 0. 0. 0.
    1.17950258e-003 0. 0. 0. 0. 2.85026780e-003 0. 1.29793480e-003 0.
    4.59498493e-003 0. 3.77195515e-003 0. 0. 0. 0. 0. 0. 0.
    2.36312117e-004 0. 0. 0. 1.25487312e-003 1.60585833e-003 0. 0.
    8.49620439e-003 0. -1.22410565e-004 0. 4.52893693e-003
    3.43693490e-003 0. 3.19891307e-003 0. 0. 0. 0. 0. 0. 0.
    3.12401075e-003 0. 0. 0. 0. 0. 0. 0. 0. 0. 0. 0. 0. 0. 0. 0. 0.
    1.08919910e-003 0. 0. 0. 4.04050620e-003 0. 0. 0. 0. 0. 0.
    -2.46626837e-003 0. 0. 0. 0. 0. 1.12805713e-003 0. 0.
    6.05981098e-004 0. -1.85502358e-004 0. 0. 0. 0. 5.52340178e-003
    4.99969441e-003 0. 5.46709960e-003 0. 0. 0. -9.07065812e-004 0. 0.
    0. 0. 0. 0. 8.82008485e-003 0. 0. 0. 4.00191965e-003 1.08013372e-003
    0. 0. 0. 1.28193619e-003 5.62022091e-004 0. 0. 0. 4.18889849e-003 0.
    -3.41345090e-004 0. 3.31901619e-003 0. 0. 0. 0. 0. 0. 0. 0. 0.
    8.14377796e-003 5.23572089e-003 0. 0. -6.09667972e-004 0. 0. 0. 0.
    8.40553828e-003 0. 0. 0. 1.24184042e-003 0. 3.02239758e-004 0.
    -1.50517642e-003 0. 0. 0. 0. 2.72374600e-003 0. 0. 0.
    4.53954283e-003 0. 5.43749658e-004 0. 1.38486165e-003 0. 0. 0. 0.
    3.01950355e-003 0. 0. 0. 2.59268214e-003 0. -1.03123923e-004 0. 0.
    8.80888547e-004 0. 8.61128885e-003 0. 0. 1.56687899e-003 0. 0. 0. 0.
    0. 2.43676407e-003 0. 0. 0. 0. 0. 1.01149082e-003 0. 0. 0. 0.
    3.26943491e-003 0. 0. 0. 0. -3.62592509e-005 0. 7.43880810e-004 0.
    2.58794008e-003 6.24127360e-003 0. 3.13465972e-003 0. 0. 0.
    1.15168502e-003 0. 0. 5.74064616e-004 0. 1.38708320e-003 0. 0. 0. 0.
    0. -3.30314942e-004 0. 0. -2.80785514e-003 0. 1.34815567e-003 0. 0.
    0. 0. 1.04199750e-002 -1.40792676e-004 0. 0. 0. 0. 0. 0.
    1.21718959e-003 1.46844971e-003 0. 1.56781939e-003 4.87313198e-004
    1.43392365e-002 0. 0. 0. 6.42694021e-003 0. 3.64088174e-003 0.
    9.51221620e-004 0. 0. 1.88360491e-003 0. 0. 1.44798793e-002 0. 0. 0.
    0. 0. 0. 0. 0. 0. 0. 0. 1.95457228e-003 0. 0. 0. 0. 0.
    1.08093873e-003 0. 0. 0. 0. 0. 0. 0. 0. 0. -1.85817876e-003 0. 0. 0.
    1.66592258e-003 4.83572064e-003 0. 0. 0. 0. 0. 0. 0. 1.15162460e-002
    0. 0. 6.11705182e-004 0. 1.41817609e-005 1.66278658e-003 0. 0.
    5.03997493e-004 0. 2.71248608e-003 0. 0. 0. 0. 2.97294068e-003 0. 0.
    0. 0. 0. 0. 0. 0. 1.03972526e-003 0. 1.54470950e-002 3.13850585e-003
    1.23068399e-003 0. 0. -3.16122547e-003 3.20185232e-003 0.
    2.24699150e-003 8.03561043e-003 0. 0. 0. 0. 0. 0. 1.70141466e-005
    2.93165799e-002 0. 0. 0. 0. 0. 4.82557487e-004 3.20667750e-004 0.
    9.03866347e-003</data></imageDescriptor>
</opencv_storage>
