<?xml version="1.0"?>
<opencv_storage>
<imageDescriptor type_id="opencv-matrix">
  <rows>1</rows>
  <cols>1000</cols>
  <dt>f</dt>
  <data>
    0. 0. 0. -1.86420031e-004 0. 0. 2.56211427e-003 8.74989782e-004 0.
    -3.81364400e-004 1.87179341e-003 0. 0. 0. 1.96348014e-003 0.
    1.32688065e-003 2.98420643e-003 1.37307437e-003 0. 0.
    2.22495804e-003 0. 0. 3.63889686e-003 0. 0. 1.98281859e-003
    5.36902063e-003 2.26804012e-004 0. 0. 0. 0. -1.80978794e-003 0. 0.
    0. 3.15510645e-003 0. 2.28255591e-003 0. 0. 0. 0. 0. 1.84487563e-003
    2.59548920e-004 0. 0. 2.67815986e-003 0. 0. 0. 1.40846591e-003 0.
    1.43058563e-003 6.16444601e-003 0. 0. -2.45651026e-004 0.
    3.37669626e-003 0. 1.03473496e-004 0. 2.61216913e-003 0. 0.
    8.11489823e-004 0. 0. 4.25637001e-003 0. 9.66502354e-003 0. 0. 0. 0.
    0. -3.17122904e-004 0. 0. 1.44713605e-003 0. 4.05746605e-003
    9.45555279e-004 -1.53905200e-003 6.20839931e-003 0. 7.88539648e-004
    0. 4.15590918e-003 0. -1.41260927e-004 0. 6.82153413e-003 0.
    5.84796246e-004 0. 0. 1.14447307e-002 0. 0. 4.79775295e-003
    7.08878506e-004 0. -6.68756693e-005 0. -2.67666008e-004
    3.70394881e-003 -2.80895061e-003 -5.72755234e-004 1.42928818e-003 0.
    0. 0. 0. 9.92526300e-003 -1.73465221e-003 -7.05760205e-004 0.
    2.55750329e-003 4.49649431e-003 0. 1.24665154e-002 6.85862312e-003
    6.65446976e-004 0. 2.65712962e-002 4.50014108e-004 0. 0. 0. 0.
    4.96075442e-003 0. 0. 0. -5.78491425e-004 0. 0. 0. 0. 0. 0.
    1.25513121e-003 -1.14637637e-003 -8.83917091e-004 7.27677892e-004 0.
    0. -5.87454939e-004 3.91136063e-003 7.16499053e-004 2.96883052e-003
    5.76036470e-003 0. 0. 8.25611758e-004 2.28514872e-003 0.
    3.71589733e-004 7.57337362e-003 4.11032094e-003 2.30042962e-003 0.
    0. 0. 0. 0. 0. 3.60336713e-003 1.61652174e-003 6.28927315e-004 0. 0.
    7.89255078e-004 0. 0. 0. 0. 0. 0. 9.15018900e-004 1.13967236e-003 0.
    0. 2.34397384e-003 0. 0. -1.93395626e-005 7.52046413e-004 0.
    1.22417172e-003 4.30866581e-004 1.24960770e-005 -1.83749398e-005 0.
    0. 8.36943462e-003 -2.20971895e-004 0. 0. 1.06411455e-002
    9.88663058e-004 -3.19288811e-004 1.05417031e-003 1.24041107e-003 0.
    0. -5.17088571e-004 1.20058178e-003 0. 9.38473211e-004
    8.85906979e-004 0. 3.12443497e-003 9.07962094e-005 1.56172959e-003
    0. 5.29848505e-004 0. 0. 0. 1.05901035e-002 0. 0. 0. 0. 0.
    1.67365640e-003 0. 3.35386698e-003 4.57029510e-003 0.
    5.41843707e-004 1.42631785e-003 0. 0. 0. 0. 0. 2.85340613e-003
    -2.37712855e-004 0. 0. 3.84814618e-003 0. 0. 0. 2.40980904e-003
    1.83474878e-003 -3.87755834e-004 2.36567153e-004 1.51207438e-003 0.
    5.84036158e-003 0. 9.40760481e-004 0. 0. 3.11658951e-003 0.
    1.78250007e-003 -1.67213648e-003 -2.64639675e-004 4.52812165e-002 0.
    1.17790606e-003 0. 1.95214013e-003 1.17273291e-003 0. 0. 0.
    1.48410106e-003 0. 7.86129327e-004 0. 0. 0. 0. 0. 0. 0. 0. 0. 0. 0.
    0. 5.00075612e-003 1.46249228e-003 4.82576713e-003 0.
    5.26214368e-004 1.28627021e-003 0. 4.84696327e-004 4.03167447e-003
    1.46090251e-003 0. 0. 0. 0. 1.37627253e-003 2.04708404e-003 0. 0.
    9.42617131e-004 5.78130363e-004 7.15196948e-004 0. 9.99683142e-003
    0. 3.86556098e-003 1.94721157e-003 2.61345319e-003 0.
    9.06203873e-004 0. 0. 3.46540078e-003 2.21468555e-003 0.
    1.06703323e-004 0. 3.54294927e-004 0. 0. -6.08883383e-005 0. 0.
    2.80108489e-003 0. 0. 0. 0. 2.53103254e-003 0. 2.79545691e-003
    1.01487981e-002 -2.12068626e-004 -4.82820527e-004 0.
    -8.91788339e-004 1.81977043e-003 -2.83510279e-004 0. 0. 0.
    1.38334639e-003 0. 1.07487408e-003 7.53714121e-004 1.95647078e-003
    1.29564176e-003 0. 0. 0. 0. 0. 0. 0. 0. 0. 0. 0. 2.00876500e-003 0.
    0. 1.97178815e-004 2.32271152e-003 0. 0. 0. 0. 0. 6.07721275e-003 0.
    0. 3.18552437e-003 0. 0. -2.99485167e-004 0. -8.47126299e-004
    5.09051513e-003 6.15582615e-003 -9.51885129e-004 0. 0.
    4.83184122e-003 0. 0. 0. 0. 0. 0. 1.89431049e-002 8.86589009e-003 0.
    0. -4.79075068e-004 0. 2.49716395e-004 0. 0. 2.77946726e-003
    7.23390549e-004 0. 5.53102372e-003 2.33814862e-004 -5.17348899e-003
    0. 5.21027134e-004 0. -8.89975636e-004 3.61451134e-003 0.
    9.82850674e-004 4.32352815e-003 0. -1.40510884e-003 0.
    5.45117422e-004 0. 0. 0. 8.07159988e-004 4.50955844e-003 0. 0.
    -2.19105347e-003 6.35085581e-003 0. 7.16136955e-003 2.99603748e-003
    0. 0. 9.17077065e-003 0. 0. 0. 3.13643762e-003 0. 0. 0. 0. 0.
    -3.53323558e-004 1.21323741e-003 0. 1.78960524e-003 -1.15447969e-003
    0. 0. 1.59902312e-003 0. 3.94957227e-004 0. 0. 3.89430468e-004
    3.47951218e-003 2.04070029e-003 3.71579197e-003 0. 6.08681468e-003
    4.85505955e-003 0. 2.31345906e-003 0. 0. 8.55633814e-004
    -2.33368622e-003 0. 0. 0. 1.57205120e-003 4.76435944e-003 0.
    6.88518514e-004 0. 2.23864382e-003 2.23158975e-003 2.04066234e-003
    5.71927335e-003 0. 4.51884558e-003 7.47476704e-003 5.65007236e-003
    3.72726121e-003 1.63764448e-003 0. 1.28073117e-003 1.52234017e-004
    0. 0. 2.94092414e-003 3.43983457e-003 4.57260525e-003
    1.13090989e-003 -3.06478731e-004 2.96911271e-003 0. 0.
    9.44396234e-005 0. 0. 0. 9.65827552e-004 0. 0. 0. 0. 4.50497074e-003
    0. 0. 1.20643876e-003 0. 0. 0. 7.43662531e-005 0. 4.44077741e-004 0.
    5.08092018e-003 0. 0. 3.68313602e-004 0. 5.24395797e-003
    8.73712765e-004 0. -2.73954065e-005 0. 4.71494423e-005 0. 0. 0.
    8.90794210e-004 0. 0. 5.96280396e-003 0. 0. 0. 1.90587982e-003
    2.14878283e-003 0. 2.18867720e-003 0. 3.23130377e-003 0.
    9.16774035e-004 0. 0. 0. 0. 0. 2.25648750e-003 0. 1.07375439e-003
    1.28684181e-003 0. 0. 6.00801455e-003 0. 0. 0. 0. 0. 2.61863251e-003
    0. 6.03442139e-004 0. 0. 0. 4.77422262e-003 0. 0. 2.23915893e-004 0.
    1.72381464e-003 1.74093107e-003 6.69363653e-003 1.55536213e-003
    2.12529534e-003 0. 0. 6.57580735e-004 0. 0. 0. -7.41263095e-004
    3.87423811e-003 9.56083834e-003 5.43759856e-003 -1.01887877e-003 0.
    3.62384110e-003 0. 0. 0. 0. 0. 0. -1.23562838e-003 0. 0. 0.
    1.44840917e-003 0. 3.13911797e-003 0. 0. -3.72814306e-004
    7.22251646e-003 0. 0. 2.99346633e-003 0. 0. -1.22074550e-003
    6.98769372e-003 0. 1.84073171e-003 4.86047752e-003 0.
    2.85150087e-003 0. 0. 0. 0. 2.96418346e-003 -4.66782221e-004
    3.87611240e-003 1.98826747e-004 4.99190937e-004 0. 1.39938539e-003
    0. 1.25074969e-003 0. 1.56762183e-003 0. 0. 0. 1.17923471e-003 0. 0.
    1.05648558e-003 2.04759324e-003 0. 0. 0. 0. 0. 2.48887762e-003 0. 0.
    0. 1.44320761e-003 0. 3.17875599e-003 0. 7.17087532e-004
    2.02359442e-004 0. 0. 2.03623250e-003 0. 0. 0. 0. 0.
    -1.41258212e-003 0. 1.00029120e-003 1.34660606e-003 0. 0. 0.
    -5.94842434e-003 0. 0. 0. 0. 0. 1.68640260e-003 6.56510890e-003
    6.07652823e-003 3.82943638e-003 0. 1.19760720e-004 0.
    7.85221288e-004 0. 0. 0. 0. 0. 0. 0. 0. 1.26978382e-003
    3.87314300e-004 0. 0. 0. 7.55476998e-003 0. 7.66324112e-004 0.
    2.15412187e-003 0. 5.35604684e-003 -1.16276846e-003 0. 0.
    6.78213764e-005 2.64940620e-003 5.33755010e-005 3.80865904e-003 0.
    6.30794792e-004 0. 9.98368254e-004 0. 0. 9.50521138e-003
    1.78320787e-003 3.68272956e-003 2.08923267e-003 4.96719452e-003
    1.02801097e-003 0. 0. 0. 0. 0. 0. 1.06489286e-003 0. 0. 0. 0.
    2.03232188e-003 0. 0. 0. 0. -3.59549676e-003 0. 8.06114450e-003
    1.41882885e-003 0. 1.98941329e-003 -2.41257931e-005 -7.55264133e-004
    0. 1.32927333e-003 0. 0. 0. 8.23413196e-004 -3.55107768e-005 0.
    9.71279864e-004 1.37836055e-003 0. 0. 0. 0. 0. 6.05871016e-003 0.
    3.45340837e-003 2.65134987e-003 0. 1.09234883e-003 7.44252931e-004
    0. 0. 0. 0. 0. 0. 3.18482076e-003 0. 0. 2.17824490e-005
    4.51712217e-003 -1.31651774e-004 0. 0. 1.66264712e-003 0.
    -1.54894253e-004 2.57032807e-004 0. 0. 7.23621203e-003
    -1.84823060e-004 0. 2.38640653e-003 0. 0. 0. 0. 1.68295938e-003
    9.01609287e-003 0. 0. 0. -1.15091505e-003 0. 0. 0. -2.02120258e-003
    0. 2.10492243e-003 0. 0. 1.32200401e-002 2.13858113e-003
