<?xml version="1.0"?>
<opencv_storage>
<imageDescriptor type_id="opencv-matrix">
  <rows>1</rows>
  <cols>1000</cols>
  <dt>f</dt>
  <data>
    0. 0. 0. 0. 2.14619492e-003 0. 0. 0. 0. 4.99048503e-003 0. 0. 0. 0.
    0. 0. 0. 3.17405816e-003 8.66052695e-003 0. 4.92514111e-003
    -7.04256992e-004 0. 0. 2.10263743e-003 0. 0. 0. 1.07449305e-003 0.
    0. 0. 0. 0. 1.29837674e-004 0. 0. 2.03243922e-003 -1.05716928e-003
    6.10636431e-004 1.18469947e-003 7.76711095e-004 0. 1.51386694e-003
    0. 0. 2.65633618e-003 0. 1.39083597e-003 0. 1.52627863e-002 0. 0. 0.
    0. 0. -2.06888933e-003 7.80279376e-003 6.74978178e-003 0.
    7.36902701e-004 0. 2.03486788e-003 0. 0. 0. 0. 0. -9.82557685e-006
    0. 0. 0. 0. 1.15769566e-003 6.27324032e-003 1.05932518e-003 0. 0.
    1.33671938e-002 0. 0. 0. 0. 0. 6.95069367e-003 1.16728514e-003 0. 0.
    0. 0. 1.14240879e-002 0. 0. 0. -1.44509331e-003 1.57566241e-003
    8.90000723e-003 0. 0. 0. 0. 3.95619534e-002 0. 0. 1.06555335e-002
    2.57106242e-003 0. 0. 0. 7.27927894e-004 2.39653769e-003
    6.77031465e-004 0. -5.74097328e-004 0. 0. 0. 0. 2.95441947e-003
    1.84112316e-004 -5.45278250e-004 0. 0. -1.24575978e-003 0.
    7.96580315e-003 9.14080010e-004 -1.24595361e-003 0. -2.82414490e-003
    2.23513649e-004 5.42046269e-003 0. 0. 0. 7.14455964e-003
    8.96732847e-004 0. -4.66225873e-004 6.56205637e-004 1.00735645e-003
    1.47361762e-003 0. 1.20509171e-003 -7.65178411e-004 0. 0.
    -4.81826864e-004 0. 0. 1.20735681e-003 0. 3.90841684e-004
    -1.00178493e-003 0. 0. 1.24550983e-002 0. 0. 0. 6.32108841e-003
    1.64439401e-003 0. 0. 0. 9.10224207e-003 0. 0. 0. 0. 0.
    -9.24113439e-004 0. 0. 2.78467755e-003 0. -2.79786560e-004
    1.67623279e-003 1.44580686e-002 0. 0. 0. 0. 0. 0. 0. 2.35739211e-003
    0. 0. 0. 0. 0. 2.88452976e-003 0. 5.32503240e-003 0. 0.
    1.44803058e-003 0. 0. 6.88969670e-003 5.51085453e-004
    -2.38270615e-003 0. 8.30249023e-003 0. 7.17998308e-004 0.
    7.00290268e-003 0. -8.07184086e-004 0. 0. 2.00994662e-003
    -6.07075053e-004 0. 0. 0. 4.51423664e-004 3.69722513e-003 0. 0.
    1.56603614e-003 0. 0. 9.01191775e-003 0. 0. 0. 0. 0. 0. 0.
    1.12080993e-003 -7.00677687e-004 5.50588034e-003 0. 2.31881044e-004
    0. 0. 0. 0. 0. 0. 5.07023791e-003 1.09955599e-003 0. 2.52984377e-004
    0. 0. 0. 3.82888154e-003 0. 7.22922385e-003 8.60813307e-004 0.
    1.44955656e-003 -4.89425089e-004 0. 0. 0. 0. 1.72578939e-003 0. 0.
    0. -1.06923981e-003 0. 0. 0. 1.22547022e-003 0. 0. 0. 0. 0.
    5.90067497e-003 0. 5.70659479e-003 0. 0. -1.29955797e-003 0.
    5.57941524e-003 0. 0. 0. 0. 0. 8.30581877e-003 0. -4.11232322e-004
    0. 6.27370365e-003 0. -4.43967234e-004 0. 1.13560469e-003 0. 0.
    1.14880770e-003 3.56303318e-003 3.91579838e-003 0. 0.
    1.37398276e-003 0. 2.73485988e-004 0. 0. 0. 4.26032959e-004 0.
    1.35109655e-003 1.77687278e-003 0. 0. 2.90412013e-003 0. 0. 0. 0.
    2.89129606e-003 1.05093503e-002 2.42605666e-003 0. 0.
    2.02750275e-003 0. 0. 4.23972402e-003 0. 0. 3.11493059e-003 0. 0. 0.
    0. 1.56678096e-003 0. 0. 0. 0. 0. 0. 0. 0. 6.67444197e-004 0. 0. 0.
    7.44687160e-003 0. 5.70734905e-004 4.59744642e-003 3.47750174e-004
    -4.64385562e-003 0. 0. 0. 5.40287467e-003 0. -4.80467948e-004 0. 0.
    0. 0. 3.90144793e-004 -1.56099419e-003 9.20458604e-003 0. 0.
    9.82282963e-003 0. 0. 0. 0. 0. 1.02779400e-002 0. 1.66098762e-003
    -6.15306152e-003 0. 1.12364069e-003 -1.06120402e-004 0. 0.
    3.53535637e-003 0. 0. 0. 7.19217863e-003 8.77816172e-004
    3.91337369e-003 0. 7.38826161e-003 0. 0. 0. 0. 1.35229183e-002
    4.05827863e-003 0. -8.46567127e-005 0. 0. -4.50083258e-004 0.
    1.02644390e-003 8.24419037e-003 0. 1.42856035e-004 0.
    7.57322472e-004 9.06524248e-004 0. 0. 0. 3.87944456e-004 0.
    6.24015415e-003 -1.02108007e-003 -1.66081905e-003 5.07661188e-003
    3.30407638e-003 -9.71710426e-004 -3.37011856e-003 0. 6.26471650e-004
    5.70003118e-004 7.59574166e-003 0. 1.15382974e-003 9.77911428e-003
    -2.26862705e-003 0. -5.27141558e-004 -1.54042093e-004 0.
    1.04634627e-003 3.17713642e-003 0. 2.65938649e-003 0.
    5.05532790e-003 5.13805775e-004 0. 0. 2.79195607e-003 0. 0.
    5.05774561e-003 0. 0. 2.74696085e-003 0. -1.75259163e-004 0.
    6.27285149e-003 0. 1.91977379e-004 0. 1.10770471e-003
    7.74443010e-003 0. 0. 0. 7.04815285e-003 2.27459893e-003 0.
    -1.25164108e-003 0. 8.71194992e-004 0. 6.30789902e-003 0. 0. 0. 0.
    4.76098293e-003 0. 6.45915372e-003 0. -4.39284158e-005
    -7.79966285e-005 0. 9.40121803e-003 1.44496234e-003 7.11351726e-003
    0. 0. 0. -7.52187334e-004 1.39862284e-004 0. -3.47314752e-004 0. 0.
    7.03526475e-003 -3.43962456e-003 0. 0. 5.51109842e-004
    -6.22928084e-004 0. 0. 1.62342726e-003 0. 9.53449635e-004 0.
    3.13180295e-004 3.90370493e-004 0. 4.64426383e-004 0.
    4.75485250e-003 0. 6.63935323e-004 0. 0. 0. 0. 8.16305913e-003 0. 0.
    0. 0. 0. 0. -6.08434551e-004 0. 2.73732655e-003 0. 0. 0. 0.
    7.18187960e-003 0. 0. 0. 0. 0. -1.39262949e-004 -3.28714726e-003 0.
    0. 6.35919394e-003 0. 0. 0. 0. 0. 9.29390360e-003 9.90065862e-004 0.
    1.27480552e-003 3.67534813e-004 0. 0. 0. 0. 0. 9.42878309e-004 0. 0.
    0. 3.94366402e-003 0. 0. 7.82728847e-003 0. 0. 5.62330359e-004
    -1.35311135e-003 3.65011765e-005 0. 0. -1.64132405e-004
    6.01554988e-003 0. 0. -6.51899318e-004 0. 0. 0. 0. 1.01271900e-003
    7.50692911e-004 0. 1.07828062e-003 0. 1.77866197e-003 0.
    3.98308475e-005 -8.27246462e-004 1.84006256e-003 1.85200875e-003
    1.29985355e-003 3.92559188e-004 0. 0. 0. 0. 0. 0. 0. 0. 0. 0.
    9.69522342e-004 1.19002978e-003 4.27546026e-003 0. 0. 0. 0.
    -8.51162418e-004 1.29314454e-003 0. 0. 0. 0. 3.99241719e-004
    1.53123314e-004 2.33051158e-003 0. -8.80824693e-004 0. 0. 0.
    -1.65176578e-003 0. 0. 0. 0. 2.14623543e-003 2.68330972e-004
    -5.10628708e-003 0. 0. 0. 0. 0. 0. 0. 0. 0. 0. 3.78168700e-003
    5.05467318e-003 0. 0. 8.51695519e-003 0. 0. 0. 6.65147847e-004 0. 0.
    0. 0. 3.24869389e-003 0. 0. 3.94153222e-003 0. 1.50145264e-003
    6.20046584e-003 0. 0. 0. 0. 0. -5.66845294e-004 0. 0. 0. 0.
    5.16334781e-003 -9.36522149e-004 -4.66208003e-005 0. 0. 0. 0. 0. 0.
    0. 0. 7.85481243e-004 1.72042251e-002 0. 0. 0. 4.92671411e-003 0. 0.
    0. -4.50016523e-004 2.46185773e-005 0. 0. 0. 0. 0. -4.91196930e-004
    0. 0. -9.04581684e-005 0. 9.01289005e-003 5.41396486e-003
    2.14081816e-003 0. 0. 1.46481616e-003 2.05318257e-003
    6.01996609e-004 0. 0. 0. 2.34689028e-003 0. 1.28730834e-002
    2.60064844e-004 1.68890005e-003 0. 0. 0. 0. 2.34139524e-003
    1.03366515e-003 1.24995606e-002 2.19059293e-003 8.29680078e-003 0.
    0. 1.05580672e-004 3.06180632e-003 0. -1.78425747e-003
    -1.64098898e-003 0. 0. 0. 0. 1.18716736e-003 6.69229683e-003 0. 0.
    0. 6.92946883e-003 0. 0. 4.40469768e-004 1.41611332e-002 0. 0. 0. 0.
    0. -1.24652951e-003 0. 0. 0. 4.87060938e-003 0. 0. 0.
    1.37531792e-003 0. 0. 0. 0. 0. -1.65300409e-003 0. 3.46877193e-003
    0. 0. 4.11093142e-003 0. 0. 0. 0. 0. 0. 0. 0. 0. 9.42091516e-004 0.
    6.06887450e-004 -6.25851331e-004 5.46323229e-003 0. 0.
    1.62288939e-004 3.30522750e-003 0. 0. 2.52951542e-003
    -2.41463515e-003 0. 0. 1.11135049e-002 2.10177177e-003
    -1.79744620e-005 0. 0. 0. 2.06852471e-003 0. -1.01433520e-003 0. 0.
    0. 0. 0. -2.20891112e-003 0. 0. 0. 1.53383982e-004 2.61537964e-003
    0. 0. 0. 7.42766060e-005 0. 6.14753366e-003 0. 2.41506845e-003 0. 0.
    1.09352404e-003 0. 0. 0. 8.33533995e-004 0. 6.75709080e-003 0. 0. 0.
    4.90565225e-003 0. 0. -1.29996182e-003 0. -2.47144140e-003
    3.26433708e-003 0. -3.19127133e-003 0. 0. 0. 9.62134101e-004 0. 0.
    0. 1.98052824e-003 0. 0. 0. 1.79520750e-003 0. 0. -4.47381550e-004
    0. 0. 1.07468548e-003 0. 0. 3.19673866e-003 0. 0. 3.07947421e-003 0.
    0. 0. 0. 0. 0. 2.30376347e-004 3.40725924e-003 3.05012963e-003
    1.37501652e-003 0. 0. 3.79791507e-003 -2.91092857e-003 0. 0. 0.
    1.32772150e-002 0. -1.04135612e-003 0. 0. 0. 0. 0. 0. 0.
