<?xml version="1.0"?>
<opencv_storage>
<imageDescriptor type_id="opencv-matrix">
  <rows>1</rows>
  <cols>1000</cols>
  <dt>f</dt>
  <data>
    0. 0. 0. 0. 0. 0. 0. 1.18853687e-003 9.60050151e-004
    -1.10716000e-003 6.37454039e-004 0. 1.13722542e-003 0. 0. 0. 0. 0.
    6.46235887e-004 0. 2.29087239e-003 4.59611765e-004 0. 0.
    2.12759303e-004 0. -2.44686642e-004 2.66827265e-004 1.54765984e-002
    0. 0. 0. 0. 0. 4.17346228e-003 0. 0. 0. 0. 0. 0. 2.89569492e-003 0.
    0. 3.77016491e-004 0. 0. -1.65407444e-004 9.60214471e-004 0.
    1.22905476e-003 0. 0. 0. 0. 0. 0. 6.21087383e-003 0. 0.
    6.18368969e-004 0. 1.08755124e-003 0. 0. 0. 4.27051866e-003 0. 0. 0.
    0. 0. 0. 0. 0. 0. 0. 0. 0. 0. -6.67896529e-004 1.80787744e-003 0. 0.
    0. 0. 0. 3.00927320e-003 1.20980362e-003 0. 4.64317901e-003 0. 0. 0.
    0. 0. 1.67554920e-003 -1.17984822e-003 0. 0. 0. 2.37673465e-002 0.
    0. 1.20639484e-002 7.33072404e-003 0. 0. 0. 2.03919713e-003
    2.24596425e-003 -2.05777586e-004 0. 3.10729374e-003 0. 0. 0. 0.
    3.34385637e-004 3.00633628e-002 2.41734623e-003 4.46980167e-003 0.
    5.07655181e-003 0. 1.98344532e-002 -1.32013183e-005 -3.91172105e-003
    0. 7.43130222e-003 5.69160387e-004 0. 0. 0. 0. 6.03470078e-004 0. 0.
    2.47679418e-004 0. 4.65939008e-003 0. 0. 5.80873806e-004 0. 0. 0.
    2.52113538e-003 0. 8.43357586e-004 -5.34827414e-005 9.16816643e-004
    -1.06742023e-003 0. 5.03873546e-003 0. 1.83885377e-002 0. 0. 0.
    1.02941245e-002 0. -4.54028661e-004 0. 0. 5.80769544e-003 0. 0. 0.
    0. 9.48234636e-004 0. 0. 0. 0. 0. 0. 0. 1.49312960e-002 0. 0. 0. 0.
    0. 0. -3.22027190e-004 3.45342513e-003 0. 0. 0. 0. 0. 0.
    2.46260292e-003 0. 0. -2.48889293e-004 0. 0. 0. -3.40907136e-004 0.
    0. 0. 0. 0. 9.66206379e-003 0. 5.91492793e-003 0. 0. 0. 0. 0. 0.
    2.80973362e-003 0. 1.63543667e-003 0. 0. 0. 0. 0. 4.31859196e-004
    1.87591033e-003 9.08910856e-003 0. 0. 0. 0. 0. 1.21991406e-003 0. 0.
    0. 4.21589380e-003 0. 0. 0. 0. 0. 0. 0. 0. 0. 0. 0. 0.
    1.31751853e-003 0. 0. 8.76752380e-003 -2.86684317e-005 0. 0. 0. 0.
    0. 0. 0. 0. 2.57110019e-004 0. 0. 1.08165725e-003 0. 1.47744344e-004
    0. 0. 0. 9.29082837e-003 0. 0. 0. 0. 0. 0. 3.05213197e-003
    3.29037942e-003 0. 0. 0. 0. 0. 2.64537066e-005 0. 0. 0.
    -7.93035957e-004 6.81497669e-003 0. 0. 6.69050147e-004
    6.87272660e-003 3.42160929e-003 0. 0. 0. 4.25856560e-003 0. 0.
    3.41856643e-003 6.31072838e-003 0. 0. -9.40498663e-004 0. 0.
    1.68800401e-003 0. 0. 0. 0. 1.39605403e-002 7.54814036e-003 0. 0.
    1.09407026e-003 0. 7.37425231e-004 1.66154921e-003 1.35951396e-003
    0. -5.11486316e-004 0. 0. 0. -3.15480196e-004 -7.04142556e-004 0. 0.
    0. 0. 0. 2.32474413e-003 0. 0. 0. 0. 0. 0. 1.21317524e-003 0. 0. 0.
    0. 4.52322233e-003 0. 0. 0. -1.10206101e-003 3.31746810e-003
    5.94978407e-003 1.71240375e-004 5.71769290e-003 1.81147456e-003
    -1.93336920e-003 0. 0. 0. 0. 0. 0. 0. 0. 0. 0. 0. 6.92628149e-004
    8.42766277e-003 0. 0. 4.85918950e-003 0. 1.96420518e-003 0. 0. 0.
    1.71796735e-002 1.24385976e-003 0. -4.41299425e-003 2.63143418e-004
    0. 1.70138059e-003 0. 0. 0. -4.79167320e-005 0. 0. 4.52933041e-003
    0. 0. 0. 6.51435787e-003 0. 0. 0. 0. 1.43494932e-002 0. 0. 0. 0. 0.
    0. 0. 6.19380455e-003 9.54496767e-003 0. 2.66309804e-003
    2.35630665e-004 3.07852984e-003 0. 0. 0. 0. 3.63569963e-003
    2.18684203e-003 0. 3.55568249e-003 0. 0. 0. 0. -1.78891176e-003 0.
    1.61672791e-003 0. 0. 0. 0. 2.77689658e-004 -2.95870501e-004 0.
    1.24762774e-001 2.09351024e-003 2.11311461e-004 8.04490002e-004
    3.03974579e-004 0. 4.62365191e-004 0. 4.52861562e-003 0. 0.
    6.89024979e-004 1.95714645e-003 0. 0. 0. 1.03446958e-003 0.
    -2.52484437e-003 0. 0. 0. 0. 0. 1.33427661e-002 0. 0.
    6.18300866e-004 0. -4.66685888e-005 0. 1.99863850e-003 0. 0.
    2.25983164e-003 0. 0. 0. -1.61385071e-003 0. 0. 0. 0.
    6.29732804e-003 0. 3.38927517e-003 -6.62119419e-004 7.49577442e-003
    1.65744475e-003 0. 0. 0. 8.89766146e-004 1.25628221e-003 0. 0. 0. 0.
    0. 0. 0. 0. 5.59279090e-003 5.24384575e-003 0. 0. 2.52854708e-003
    -2.64241186e-004 0. 0. 0. 0. 1.16640120e-003 0. 0. 0. 0. 0. 0. 0.
    2.32133851e-003 0. 7.21624994e-004 0. 0. 0. 3.35636525e-003 0. 0. 0.
    0. 0. 0. 5.87499526e-004 0. 2.46343319e-003 0. 0. 0. 0. 0. 0. 0. 0.
    0. 0. 0. 0. 0. 0. 0. -3.78699246e-004 1.13896606e-003 0.
    7.30183255e-003 0. 0. 0. -4.37998853e-004 0. -4.75260895e-003 0. 0.
    0. 2.02819705e-003 0. 0. -1.33064215e-003 0. 0. 0. 0. 0.
    1.08023488e-003 0. 0. 6.43358938e-003 0. 0. 0. 0. 0. 0.
    8.05481430e-003 0. 2.80845887e-003 -3.88409622e-004 0. 0. 0.
    1.86263770e-003 0. 4.26865090e-003 0. 0. 0. 0. -7.70613202e-004 0.
    0. 0. 3.47591052e-003 -3.52166267e-003 0. 0. 0. 0. 0. 0. 0. 0. 0. 0.
    0. 0. 2.13000295e-003 0. 1.47451274e-003 0. 0. 0. 4.98576183e-003 0.
    0. 0. 0. 0. 7.45911035e-004 0. 0. 0. 0. 0. 0. 0. 0. 0.
    1.81339832e-003 0. 1.07162434e-003 0. 4.50667227e-003
    6.82143820e-003 0. 1.41746597e-004 0. 0. 0. 0. 0. 0. 0.
    3.95878218e-003 -1.63217468e-004 7.14743463e-003 0. 0. 0. 0. 0.
    1.41735291e-002 0. 0. 2.07282975e-003 0. 0. 3.97192175e-003 0.
    3.96662159e-003 0. 0. 1.96560360e-002 0. 4.88700159e-003 0. 0. 0.
    -8.02227645e-004 0. 0. 6.19868189e-003 0. 0. 0. 5.66653302e-003 0.
    0. 5.17710112e-004 1.89377833e-003 0. 0. 0. 0. 0. 1.74824754e-003 0.
    0. 0. 1.77841587e-003 0. 0. 0. 2.79990793e-003 3.43533373e-003 0. 0.
    0. 0. 0. 0. 0. 0. 0. 2.85008317e-003 9.42261424e-003 0.
    6.34431432e-004 0. 0. 1.00645544e-002 2.31678528e-003 0. 0. 0. 0.
    4.98822657e-003 0. 0. 0. 0. 0. 0. 0. 0. 4.55334550e-003
    6.46451069e-003 1.69537065e-003 0. 8.25035211e-004 0. 0.
    -2.02124426e-003 0. 0. 0. 0. 0. 3.45937745e-003 0. 0. 0.
    1.81091635e-003 0. 0. 1.76758831e-003 6.47411589e-003 0. 0. 0. 0. 0.
    0. 0. 2.01735157e-003 0. 8.62219167e-005 2.59886915e-003 0. 0.
    1.17492420e-003 0. 0. 0. 0. 0. 0. 3.63593310e-004 0. 0.
    1.88240979e-003 1.40866009e-003 7.84450024e-003 5.75131271e-004
    7.15444796e-004 1.98364351e-003 0. 0. 0. 0. 0. 0. 0. 0. 0.
    1.78617937e-003 4.74822533e-004 0. -2.83942232e-003 -1.94117764e-003
    4.58578253e-003 -1.50760030e-003 0. -1.90242857e-003 4.92075167e-004
    0. 1.18737505e-003 -3.11662047e-003 0. 0. 0. 1.45431055e-004 0. 0.
    0. 0. 0. 0. 1.08057563e-003 0. 0. 2.63954932e-003 0. 0. 0. 0.
    9.16023913e-004 5.01859991e-004 0. 1.22669665e-003 0.
    1.13645103e-002 0. 1.22942240e-003 0. 0. 0. -1.22405007e-003 0. 0.
    0. 0. 0. 0. 0. 0. -2.07627355e-003 1.30110118e-003 0. 0.
    2.87623703e-003 0. 0. 0. 0. 1.99474278e-003 0. 0. -6.33957621e-004
    0. 0. 5.03859948e-004 0. 0. 0. 0. 0. 0. 0. 0. 5.88534385e-005 0. 0.
    1.07182621e-003 0. 0. 5.28101297e-003 4.57205484e-003 0.
    7.83479959e-003 0. 0. 0. 4.62091109e-003 7.42302975e-004
    3.88242886e-004 0. 0. 0. 5.50350349e-004 4.24719928e-003 0.
    -7.27957231e-004 0. 1.78778917e-003 -1.80710515e-003 1.35676144e-002
    0. 7.75145367e-004 6.88054366e-003 4.32013068e-003 0. 0. 0. 0. 0. 0.
    0. 0. 0. 6.65977318e-003 0. 1.15608843e-003 0. 0. 0. 0. 0. 0. 0. 0.
    0. 1.58888754e-003 0. 1.44188944e-003 0. 0. 0. 0. 0. 0.
    1.57850666e-003 0. 0. 8.26995587e-004 0. 0. 0. 0. 0. 1.77650654e-003
    0. 0. 0. 0. 0. 0. 0. 0. 0. 0. 0. 0. 0. 0. 0. 0. -7.80388145e-005 0.
    0. 0. 0. 0. 0. 0. 0. 0. 5.90246730e-003 0. 8.51022545e-004 0.
    1.41700916e-003 0. 0. 3.75910720e-004 0. 0. 0. 2.49068569e-002
    1.76782417e-003 0. 7.15819467e-003 0. 0. 0. 0. 3.69960384e-004 0. 0.
    0. 0. 0. -1.29921560e-003 0. -3.29356268e-003 0. 0. 0. 0.
    -1.36619562e-003 0. 0. 0. 0. 0.</data></imageDescriptor>
</opencv_storage>
