<?xml version="1.0"?>
<opencv_storage>
<imageDescriptor type_id="opencv-matrix">
  <rows>1</rows>
  <cols>1000</cols>
  <dt>f</dt>
  <data>
    0. -3.59690341e-004 0. 4.55813529e-003 3.18302284e-003
    -1.12046069e-003 6.06578891e-004 0. 5.36906242e-004 3.54174385e-003
    3.10794823e-003 2.58860318e-003 2.57866577e-005 0. -1.43351022e-003
    0. 0. 2.12456635e-003 2.27036863e-003 0. 9.30801434e-006
    1.33752252e-003 0. 0. 2.35289262e-004 0. 0. 0. 0. 0. 1.84254150e-003
    0. 0. 0. 2.05925480e-003 4.04846243e-004 1.91101921e-003
    7.47081218e-003 1.15870440e-003 -5.20157162e-004 6.65352098e-004
    -4.59556293e-004 0. 0. -1.74274304e-004 0. 3.08007561e-003
    5.62561862e-003 -2.02776887e-003 0. 0. 0. 0. 2.30816286e-003 0. 0.
    0. 4.04334773e-004 -5.21510199e-004 0. 0. 0. -2.35438856e-004 0. 0.
    2.14504762e-004 0. 0. 0. 0. 0. -1.72167947e-003 0. 0.
    5.67621505e-003 3.06844944e-003 0. 0. 0. 0. 2.74624280e-003
    9.83221340e-004 0. 0. 1.00259099e-003 1.15266209e-002
    1.56347512e-003 0. 1.18769647e-003 1.13963091e-003 -3.48083675e-004
    -1.19154877e-003 0. 0. 0. 3.79905192e-004 2.48436187e-003 0.
    3.23984656e-003 1.24639401e-003 0. 0. 0. 0. 8.13855790e-003
    1.63674951e-002 0. 8.44008115e-004 0. 1.53584720e-003
    1.39506056e-003 3.96136148e-003 3.41488910e-003 4.29433817e-003 0.
    0. 0. 0. 3.32203135e-003 5.79499966e-003 1.09362439e-003
    9.61209647e-004 0. 6.78285584e-003 0. 1.90378190e-003
    6.19606627e-003 0. 0. 0. 8.13327439e-004 0. 4.82082920e-004 0. 0. 0.
    6.67692919e-004 0. -3.68133624e-004 -4.28964442e-004 3.58262588e-003
    0. 0. 1.02885149e-003 0. 2.59153172e-003 3.96936201e-003
    1.17745518e-003 0. 6.79038232e-003 1.77984053e-004 0.
    5.67685068e-003 0. 1.94743171e-003 0. 5.31272823e-003 0. 0. 0.
    4.02762846e-004 2.90483050e-003 0. 1.44313075e-004 1.67011493e-003
    0. 0. 0. 0. 0. 0. 0. 2.33345362e-003 0. 4.00172966e-003 0. 0. 0.
    2.66369455e-003 9.67503001e-004 4.29848256e-003 0. 0. 0. 0.
    9.55330033e-004 6.48275390e-003 0. 0. 0. 0. 3.53912497e-003
    3.19724833e-003 0. 2.09308136e-003 0. -5.75382728e-004 0. 0.
    6.47741696e-003 5.75214392e-003 5.43058850e-005 0. 1.39668037e-003
    3.78699088e-003 0. 6.53802359e-004 0. 1.71054865e-003 0. 0. 0. 0. 0.
    -5.28134464e-004 0. 0. 3.24460352e-003 0. 4.65657748e-003 0. 0. 0.
    1.46835041e-003 0. 7.32897362e-003 0. -1.01253194e-004 0.
    4.16661566e-003 0. 0. 4.48290864e-003 -3.61957098e-003
    2.69292295e-003 1.11191347e-003 5.49648935e-003 5.03034284e-003
    3.00370576e-003 1.41212565e-003 0. 3.54766403e-003 1.38470880e-003
    0. 0. 2.92274170e-003 0. 7.54039595e-003 1.01184196e-004 0. 0.
    2.43852288e-003 0. 7.70924846e-003 5.11910999e-004 0.
    7.34012341e-004 3.78256291e-003 0. 3.65495286e-003 9.12035059e-004
    8.51313118e-004 1.97815453e-003 0. 6.01736072e-004 0.
    -2.63644638e-003 5.21650119e-003 0. 0. 2.12815288e-003 0. 0. 0. 0.
    0. 9.33186559e-004 2.51768134e-003 1.87219854e-003 0. 0.
    3.97962373e-004 0. 0. -1.09994573e-004 0. 0. 0. 1.12590997e-003
    1.19059533e-003 0. -1.96429202e-004 3.73752019e-003 8.69485491e-004
    0. 2.81836779e-004 0. 7.35824136e-003 0. -1.11896014e-004 0. 0. 0.
    0. 3.89805506e-003 1.50845607e-003 0. 8.01021873e-004
    1.84477147e-004 0. 3.31527437e-003 3.10313306e-003 0.
    8.51249602e-003 0. 0. 0. 9.25124623e-003 2.10254733e-003 0. 0.
    -2.27360433e-004 1.09824573e-003 0. -3.64026811e-004 0. 0.
    3.99969099e-003 0. 5.18790621e-004 0. 2.08064308e-003 0. 0.
    4.48578876e-003 0. 0. 0. 3.47416406e-003 8.74768884e-004
    1.11183652e-003 -3.17255617e-004 0. 0. 0. 2.07944377e-003 0. 0. 0.
    0. 5.76520106e-003 -2.37911590e-003 0. 1.62832495e-002
    1.39854196e-003 0. -1.89382851e-003 0. 8.43069341e-004 0. 0. 0. 0.
    4.65754420e-003 0. 0. 0. 0. 0. 0. 0. 0. 0. 9.25570726e-004
    4.98323422e-003 0. 0. 0. 7.19118107e-004 0. 0. 0. 0. 0.
    1.19603341e-002 0. 1.28828149e-004 2.47825473e-003 2.84480606e-003
    -1.67760998e-003 0. 7.71942222e-003 0. 1.42875861e-003 0.
    1.14513934e-003 -1.97877080e-006 2.06622091e-004 0. 3.18016228e-003
    4.40816442e-003 9.95086506e-004 0. 8.33498314e-004 2.69694778e-004
    0. 0. 0. 0. 1.19509862e-003 6.70004229e-005 2.30318285e-003
    5.84625057e-004 -5.56024304e-003 2.14765989e-003 0. 0. 0.
    5.36790956e-003 3.07258713e-004 0. -7.70842598e-004 1.61108968e-003
    0. 0. 0. 1.79976036e-004 0. 0. 2.19256664e-003 0. 3.20153753e-003
    4.64719400e-004 3.21905315e-003 1.60848384e-003 0. 1.58888160e-003
    3.15554300e-003 0. 0. 7.19588576e-003 0. 0. 0. 2.24705762e-003 0. 0.
    6.05578721e-003 0. 0. 4.02835617e-003 0. 0. 0. 1.26311684e-003 0. 0.
    8.92653503e-003 1.57097413e-003 0. -1.07710657e-003 6.15670718e-003
    2.06606026e-004 5.82670746e-003 -1.72127795e-004 2.37377686e-003 0.
    3.13839945e-003 1.88147149e-003 0. -9.55874100e-004 0. 0.
    9.90997883e-004 7.70954043e-003 1.08250172e-003 0. -9.58879464e-005
    0. 2.22624908e-003 0. 2.18487391e-003 0. 2.69161793e-003
    8.32463708e-003 0. 1.06773032e-002 -4.56250273e-004 1.50693825e-003
    0. 1.17775705e-003 0. -1.50035729e-003 2.55335658e-003 0. 0. 0. 0.
    3.44740856e-003 -2.07404094e-003 7.72457279e-004 3.04180803e-003
    2.87531642e-004 -8.37225933e-004 2.37461948e-003 0. 1.57062465e-003
    0. 0. 0. 0. 0. 0. 1.26821091e-004 -1.82242400e-003 2.98513769e-005
    0. 0. 7.35621375e-004 0. 0. 0. 0. 0. 8.75141588e-004 2.49131350e-003
    2.41518277e-003 0. 1.94822275e-003 1.46469765e-003 0.
    -1.78353555e-004 0. 1.10505079e-003 4.20287205e-003 0.
    1.41798523e-006 0. 0. 0. 0. 1.42401119e-003 4.41921689e-003
    -1.60884170e-003 1.95229542e-003 -2.47370871e-003 0. 0. 0. 0. 0. 0.
    4.06720815e-003 0. 0. 0. 3.38348607e-003 1.79901754e-003
    2.10508145e-003 0. 5.30266343e-003 0. -6.48157380e-004
    1.06639019e-003 1.40661572e-003 0. 5.05703781e-003 0. 0.
    7.21038494e-004 0. 0. 8.16036598e-004 -6.54332922e-004
    -4.78885195e-004 0. 0. 4.88496153e-003 0. 2.91032228e-003 0.
    -2.40699667e-003 0. 0. 0. 3.18038103e-004 1.56025984e-003
    1.05613458e-003 5.87120699e-003 0. 0. 1.88519899e-003 0.
    -8.59251828e-004 1.56130409e-003 0. 1.03152147e-003 3.00811231e-003
    -1.46558136e-003 0. 0. 0. 6.04935107e-004 8.34326260e-004 0.
    1.11531268e-003 0. 0. 0. 0. 0. 3.51545098e-003 0. 3.39628500e-003 0.
    0. 0. 0. 0. 0. 0. 0. 1.66944694e-003 1.98324444e-003 1.89008808e-003
    0. 0. 0. 0. 0. 0. 0. 0. 9.58797638e-004 0. 0. 1.71743555e-003
    -1.45113491e-003 3.93986423e-003 0. 1.33873371e-003 0. 0. 0.
    1.03410361e-002 6.26108958e-004 3.92130823e-006 0. 9.55997442e-004
    2.04055430e-003 0. 0. 5.09918015e-003 0. 0. 0. 0. 0. 0. 0. 0. 0.
    3.94972786e-003 0. 2.96004419e-003 0. 8.21402296e-004
    1.57801493e-003 0. 0. 1.79710786e-003 0. 0. 0. 0. 1.16131490e-003
    5.99202095e-003 0. 0. 4.28829482e-003 0. 2.65986123e-003 0.
    -7.67211823e-005 1.29848137e-003 5.42323512e-004 0. 0. 0. 0.
    1.57516710e-002 8.46645236e-003 0. 0. 3.71687650e-003 0. 0. 0. 0.
    3.49655165e-003 1.39748608e-003 0. 0. 0. 0. 2.26968457e-003
    6.94933254e-003 0. 0. 0. 2.60822685e-003 7.42555014e-004
    2.44150608e-004 0. 8.42068985e-004 2.85722502e-003 9.54336952e-004
    1.14765950e-003 1.50731800e-003 1.71129429e-003 0. 0. 0. 0. 0. 0. 0.
    0. 4.41221520e-003 0. 2.20970949e-003 1.17753688e-002 0. 0.
    1.04000662e-002 0. 0. 0. 0. 0. 1.01525988e-002 0. 0. 6.05340872e-004
    -3.53959127e-004 0. 0. 1.75432139e-003 2.53743696e-004 0. 0.
    8.72136559e-003 2.55344459e-003 0. 0. 0. 0. 0. 0. 8.71642586e-003 0.
    -1.91916886e-003 -7.72215644e-005 0. 0. 1.56585372e-003
    4.58711712e-003 0. 0. 0. 0. 0. 0. 0. 5.44110406e-003 1.39278569e-003
    1.60275830e-003 1.82017765e-003 0. 0. 8.03395268e-003 0. 0. 0.
    2.21633608e-003 0. 0. 0. 0. 0. -5.31864818e-004 0. 0.
    -1.97290210e-003 2.90561956e-003 6.63452176e-003 0. 0.
    -1.14362466e-003 4.83892392e-004 0. 2.10604328e-003 2.46003992e-003
    0. 0. 6.42563566e-004 0. 0. 3.48164141e-003 -1.07803229e-004 0.
