<?xml version="1.0"?>
<opencv_storage>
<imageDescriptor type_id="opencv-matrix">
  <rows>1</rows>
  <cols>1000</cols>
  <dt>f</dt>
  <data>
    0. 0. -1.48015504e-003 0. 0. 5.29296231e-003 -1.66166690e-003 0.
    5.79858525e-003 3.71355156e-004 0. 5.29868947e-003 0.
    2.07411009e-003 0. 3.73586849e-003 0. 0. 0. 0. 6.33250573e-004 0.
    2.98231607e-003 0. 4.47705854e-003 2.64704204e-003 3.54542118e-003
    0. 0. -1.12356211e-003 1.34463736e-003 1.84185791e-003
    2.92362180e-003 0. -1.66683795e-003 3.42958793e-003 0. 0. 0.
    8.23243463e-004 1.78214628e-003 5.01773134e-003 8.77706509e-004 0.
    0. 0. 0. 0. 0. 4.16088803e-003 0. 8.52104044e-004 0. 0.
    -4.06265899e-004 -6.89672088e-005 0. 8.81624932e-004 0. 0.
    1.09108005e-005 1.09666993e-003 0. 2.00745068e-003 0. 0. 0. 0.
    1.24510494e-004 -3.41668521e-004 0. 2.91627622e-003 0. 0. 0. 0. 0.
    0. 0. 0. 2.02140393e-004 4.15772805e-003 0. 9.20065772e-003 0.
    -1.63717952e-003 0. 3.78088001e-003 1.01172486e-002 1.76500878e-003
    0. 1.05992414e-003 5.67467541e-005 8.20602849e-003 1.61297666e-003
    3.00489157e-003 0. 3.79662751e-003 5.78012492e-004 1.36904127e-003
    0. 0. 0. 0. 0. 0. 0. 0. 1.65358698e-003 0. 7.71227106e-003
    1.89218577e-003 0. 0. 6.87769195e-003 -6.89618581e-004 0.
    4.48364532e-003 1.00681663e-003 6.05067378e-003 0. 0. 0. 0. 0. 0.
    1.14926975e-003 1.60509790e-003 0. 0. 0. 1.59239769e-002 0.
    2.43772962e-003 0. 4.19319636e-004 0. 0. 0. -2.97036488e-004
    9.98054515e-004 0. 9.14474585e-005 3.21978005e-004 -5.27506229e-004
    6.89342478e-003 9.35799500e-004 7.40799820e-004 1.96935306e-003 0.
    2.23826105e-003 1.92970019e-002 0. 0. 0. 0. 0. 0. -1.92735763e-003
    0. 1.99387607e-004 0. 0. 0. 0. 0. 0. 0. 3.11292708e-003 0. 0. 0.
    8.52649752e-003 1.55940687e-003 0. 0. 7.55050918e-003
    -3.64700536e-004 0. 0. 0. 0. 1.07868036e-004 0. 1.07379456e-004
    4.72982973e-003 0. 8.01525021e-004 -4.27926483e-004 4.53063200e-004
    -1.60269439e-003 0. 0. 0. 8.09174671e-004 1.19062886e-002
    -1.52640662e-003 1.31157425e-003 2.86458875e-003 -1.26527611e-003
    2.79857707e-003 3.06196883e-003 5.93443541e-003 4.29758104e-003 0.
    0. 0. 0. 0. 1.97006669e-003 0. 0. 2.90601701e-003 -6.43920735e-004
    0. 0. -1.50121388e-003 -3.18513397e-004 2.47751875e-003 0.
    3.82652250e-003 0. 0. 0. 0. 4.75956500e-003 -1.93891604e-003 0. 0.
    -6.12707983e-004 0. 0. 2.79159704e-003 3.89695913e-003 0.
    7.51876738e-004 0. 0. 0. 1.52463827e-003 0. 2.06264155e-003
    -1.85860705e-003 0. 0. 2.33443244e-003 -1.56876713e-003 0. 0. 0.
    -1.56358816e-003 0. 0. 4.99442511e-004 0. 4.00030706e-003 0.
    2.57316418e-003 1.04465568e-003 0. 0. 6.76065218e-004 0. 0. 0.
    5.38494845e-004 0. 0. 0. 0. 0. 1.94883568e-003 2.36440636e-003
    -1.59567792e-003 0. 0. 0. 0. 0. 0. 3.69953923e-004 0. 0.
    2.87317391e-003 8.07696688e-006 -3.19127087e-003 0. -2.27115862e-003
    -4.14790632e-003 0. 0. 0. 0. 0. 2.14931113e-003 0. 0.
    -1.62912090e-003 0. 0. 0. 5.02573885e-003 4.58979793e-003 0. 0.
    5.07783669e-004 3.22991144e-003 0. 6.12886669e-003 1.58411963e-003
    0. 0. 0. 3.24958796e-003 2.32271245e-003 0. 0. 4.56440262e-003 0.
    1.34659547e-003 1.95413968e-003 0. 1.81727856e-003 0.
    1.35401462e-003 0. 8.45623610e-004 0. 0. 0. 9.29329486e-004
    2.09356402e-003 1.22381877e-002 -4.71602427e-004 1.68575533e-002 0.
    3.21947248e-003 0. 5.26961684e-003 0. 1.39031827e-003 0. 0. 0. 0. 0.
    0. 0. -2.54846597e-003 0. 2.34802067e-003 0. 1.76228386e-005 0. 0.
    0. 2.99067912e-003 0. 0. 0. 0. 0. 0. 2.25824188e-003 0. 0. 0.
    5.99953393e-003 0. 0. 1.99647364e-003 0. 0. 0. 0. 0. 0. 0.
    1.00327132e-003 1.83077573e-004 0. 0. 0. 2.06759595e-003 0. 0. 0. 0.
    0. 0. -1.12070155e-003 0. 7.19069829e-003 0. 0. 6.95152162e-003
    2.74803326e-003 0. 0. 0. 0. 0. 2.15111766e-003 0. 0. 0. 0.
    5.43421949e-004 0. 0. 9.61844623e-003 0. 0. -4.31986013e-003 0.
    -6.49549416e-004 0. 0. 6.07557222e-003 0. -6.21348445e-004 0.
    3.63764772e-003 1.15193205e-003 9.65442392e-004 5.28940372e-003 0.
    8.35036393e-003 7.25975493e-003 0. 0. 5.15022082e-003 0. 0. 0. 0.
    -1.25732424e-003 0. -5.18534449e-004 0. -9.19129874e-004
    7.38325238e-004 0. 4.25924867e-004 0. 0. 3.31513630e-003 0. 0. 0. 0.
    0. 2.94932770e-003 1.46734400e-003 0. 6.80671586e-003
    3.49715631e-003 0. 0. 0. 0. 2.85552442e-003 1.89321593e-003
    6.93857763e-003 3.32271308e-003 1.61846839e-002 1.37802295e-003 0.
    0. 4.73638857e-003 -2.62408098e-003 0. 2.37969449e-003 0. 0. 0. 0.
    0. -1.64676132e-003 1.15030422e-003 3.85392201e-003 0.
    6.26218331e-004 0. 7.13005546e-004 -1.09802710e-003 0. 0. 0. 0. 0.
    0. 0. 0. 0. 0. -5.09541831e-004 0. 0. 0. 0. 0. 1.87948043e-003 0.
    2.82890256e-003 0. 1.72158980e-004 4.10076987e-004 0.
    4.92530735e-003 2.20710086e-003 2.18616589e-003 1.04938389e-003 0.
    1.21775935e-004 0. 9.06405097e-004 0. -1.82804000e-003
    -6.44310901e-004 0. 5.42043149e-003 7.25442311e-004 0.
    7.77353533e-004 2.46708468e-003 0. 0. 1.84109360e-002 0.
    -5.06005854e-005 -1.34041347e-003 0. 2.58021336e-003 0.
    1.88890239e-003 0. 7.16348458e-003 4.76729264e-003 0. 0.
    1.51946431e-003 2.39056838e-003 6.94041932e-003 -1.17802969e-003 0.
    0. 0. 0. 7.80065020e-004 0. 0. 3.67766334e-004 0. 3.89324501e-003 0.
    0. 0. 0. 0. -1.72310404e-003 6.13913406e-003 1.72032625e-003
    -1.25798178e-004 0. 0. 0. 2.20119394e-003 0. 0. 9.02606640e-003 0.
    0. 3.85292433e-003 0. 0. 0. -1.27913954e-003 0. 1.04898284e-003
    1.06932297e-002 0. 0. 0. 0. 2.18734099e-003 8.03143310e-004 0. 0. 0.
    8.13916791e-003 0. 0. 1.03334163e-003 -2.81618442e-003 0.
    7.42013706e-003 0. 3.50400875e-003 0. 0. -1.56234403e-003
    7.49486173e-003 0. 1.51593718e-004 2.11480609e-003 4.38656239e-003
    5.28822478e-004 -2.61250231e-003 1.00712117e-003 0. -2.74024671e-003
    7.82101136e-003 0. 0. 0. 0. 0. 5.27158892e-003 0. -4.82507254e-004
    2.08989321e-003 0. 4.65379242e-004 0. 1.67627854e-003 0. 0.
    6.99787494e-003 4.43958095e-004 0. 1.88386510e-003 0.
    1.25985965e-003 2.62972363e-003 0. 0. 0. 0. 0. 0. 0. 2.93185120e-003
    0. 0. 0. 2.65873765e-004 1.24703143e-002 6.49026595e-004
    4.39293915e-003 0. 0. -3.07717989e-003 0. 2.48432928e-003
    1.81432406e-004 0. 1.49041158e-003 1.95923937e-003 0. 0.
    5.05993515e-003 0. 0. 0. 0. 0. 0. 0. 0. 0. 0. 0. 1.49860943e-003 0.
    3.92746832e-003 0. 0. 0. 0. 0. 1.59669984e-002 5.27690118e-003
    3.95772513e-004 0. 6.48366055e-003 0. 9.00518498e-004 0. 0. 0.
    -1.31582504e-003 0. 8.14943481e-003 -6.87977445e-005 0. 0.
    1.85187801e-003 1.39562227e-003 0. 0. 0. 0. 9.46736836e-004
    2.52819411e-003 0. 0. 0. 2.25492567e-003 0. 0. 0. 1.61843956e-003 0.
    0. 0. 0. 0. 0. 0. 5.38367359e-003 5.91632305e-003 0. 0. 0. 0.
    8.89940013e-004 0. 0. 0. 0. 0. 0. 3.58333089e-003 1.96556561e-003
    3.82542843e-003 7.84885779e-004 -4.09336237e-004 8.08055885e-003 0.
    0. 1.99538097e-003 -8.81353102e-004 0. 3.88808153e-003
    1.22707011e-002 0. 0. 2.02701730e-003 0. 0. 0. 0. 0. 0. 0. 0.
    1.94343168e-003 0. 0. 0. 0. 0. 9.76939779e-003 7.34118093e-003 0. 0.
    -2.67039775e-003 0. -1.81915786e-003 -8.03030736e-004 0. 0. 0. 0. 0.
    5.18882938e-004 0. 0. 0. 0. 0. 0. 7.00387405e-004 0. 1.47032714e-003
    0. 0. 0. 0. 0. 8.65500513e-003 0. 4.14132280e-003 0. 1.25684368e-003
    0. 2.31679203e-003 0. -5.44551644e-004 0. 0. 0. -2.29488942e-003 0.
    0. 1.45577267e-003 0. 1.42206927e-003 0. 1.69596425e-003 0.
    -1.45159976e-003 0. -2.88323790e-004 0. 3.63738835e-003 0.
    1.02022744e-003 1.66745484e-003 1.00284144e-002 0. 2.76836706e-003
    0. -3.73999705e-004 0. 0. 0. -6.70736597e-004 3.57858231e-003 0. 0.
    2.62863061e-004 4.62134089e-003 0. 0. 5.83470194e-003 0.
    1.20740747e-002 0. 7.45213544e-003 -3.22512211e-003 0.
    4.09735512e-005 1.63739629e-003 0. -7.38762668e-004 1.30312901e-003
    5.09211840e-003 0. 0. 0. 5.15210791e-004 0. 2.92009558e-003 0. 0. 0.
    0. 0. -1.18418178e-003 0. 3.28887929e-003 0. 0. 0. 0. 0. 0.
