<?xml version="1.0"?>
<opencv_storage>
<imageDescriptor type_id="opencv-matrix">
  <rows>1</rows>
  <cols>1000</cols>
  <dt>f</dt>
  <data>
    0. 0. 6.63317565e-004 0. 9.43811494e-004 0. 3.52261035e-004 0.
    5.02622314e-003 0. 0. 3.91797954e-003 0. 0. 0. 0. 0. 5.24189416e-003
    0. 0. 5.71130833e-004 0. 4.19252226e-003 0. 4.92625113e-004
    2.05148896e-003 0. 5.75069978e-004 0. 1.05394493e-003
    5.32654300e-003 -8.05811433e-004 0. 0. 0. 0. 0. 0. 0.
    1.92230486e-003 -9.15480254e-004 0. 3.69968917e-003 0.
    8.91814940e-004 0. 0. 0. 0. 3.16194142e-003 0. 9.76621406e-004 0. 0.
    0. 0. 0. 0. -6.34940749e-004 1.38260052e-003 8.89073301e-004 0.
    5.85258147e-003 0. 1.85586466e-003 0. 0. 0. 2.17403215e-003
    2.70467717e-003 0. 4.26947983e-004 0. 1.50873035e-003 0. 0.
    8.86807742e-004 0. 0. -5.88080962e-004 0. 0. 6.88128313e-003
    2.39958591e-003 3.06282309e-003 -3.09414027e-004 6.39725258e-005
    -3.60582210e-003 0. 0. 0. 2.51750858e-003 0. 1.25958631e-003 0.
    1.22955604e-003 5.93462121e-003 7.31643522e-005 -1.15925679e-003
    -4.67177626e-004 0. 0. 0. 2.66258186e-003 2.84169987e-003
    3.07537010e-003 0. 0. 2.20874650e-003 0. 0. 0. 2.76797597e-004 0.
    -2.52964033e-004 0. 0. 6.56805886e-003 0. 0. 0. 0. 5.93320059e-004
    2.16907775e-003 1.58462062e-004 5.19922283e-003 5.52000850e-003
    2.49387464e-003 0. 2.21027224e-003 -2.74249865e-003 0. 0. 0. 0. 0.
    2.39617340e-002 -1.04849506e-003 0. 0. 0. 0. 0. 0. -7.41257973e-004
    0. 1.22691784e-003 0. 0. 0. 0. 0. 0. 9.84430034e-003 0. 0.
    7.15995440e-003 0. 6.29874412e-004 3.13068071e-004 6.71386439e-003
    0. 0. 0. 7.85504747e-003 -9.60047648e-004 0. 0. 5.13846520e-004
    8.17230344e-003 1.82304438e-003 0. 0. 2.83588702e-003 0. 0. 0.
    -1.83191174e-003 0. 0. 0. 0. -3.86687083e-004 0. 0. 1.42101361e-003
    6.55923330e-004 4.11553076e-004 1.64723117e-003 0. 0.
    1.45763194e-003 3.32344929e-003 0. 2.53629265e-003 -9.17162630e-004
    -8.49546399e-004 0. -8.53576494e-005 0. 6.61835715e-004
    1.67225988e-003 9.80841368e-003 6.27212739e-003 0. 6.04788656e-004
    0. 1.99450552e-003 0. 2.39955261e-003 0. 6.28343830e-003
    1.76873966e-003 0. 0. 0. 0. 0. 3.30510410e-003 -1.00910966e-003 0.
    0. 1.03906239e-003 0. 0. 0. 1.23035768e-003 0. 0. 1.58032752e-003
    3.94377625e-003 0. 2.59587029e-003 3.34711908e-003 2.28264532e-003
    0. 0. 0. 0. 3.74428951e-003 0. 6.12239726e-003 0. 0. 1.31383096e-003
    0. 0. 0. 0. 0. 1.49738963e-003 0. 0. -1.74541620e-003 0.
    4.62319190e-003 -7.72546860e-004 0. 3.19233397e-003 0.
    1.41028978e-003 0. 0. 1.97783898e-004 0. 0. 1.47550902e-003 0. 0. 0.
    0. 1.85761868e-003 0. 0. 0. 0. 2.80073052e-003 7.96399429e-004 0. 0.
    2.76258099e-003 -3.12471762e-004 0. 6.01382041e-003 0. 0. 0.
    -8.30370293e-004 -2.53802817e-003 0. 0. 0. 0. 0. 0. 0. 0.
    8.75733793e-003 0. 0. 8.72286689e-003 4.59291833e-003 0. 0.
    9.76532174e-004 0. 1.33553287e-003 0. 1.14346377e-003
    3.18405393e-004 0. 1.71717315e-003 1.15095626e-003 0.
    6.97397208e-003 1.56493322e-003 7.02734385e-003 1.37063256e-002 0.
    -2.39054731e-004 0. 0. 5.77742606e-003 0. 0. 2.70049088e-003
    6.79659192e-004 0. 0. 0. 1.12639135e-003 0. 6.45977538e-003
    9.68824420e-003 1.47727714e-003 2.52540829e-003 1.18001329e-003 0.
    0. 0. 0. 0. 1.63427251e-003 0. 0. 0. 0. 0. 0. 0. 1.27052749e-003
    1.21229782e-003 5.23127755e-003 0. -1.33478304e-003 2.55173945e-004
    0. 1.62484031e-003 1.56314345e-003 1.85431191e-003 -2.02367711e-003
    0. 0. 2.48324871e-003 0. 0. 0. 2.76340824e-002 3.00449110e-003 0. 0.
    0. 0. 0. 2.40772520e-003 0. 0. 0. 4.38597891e-003 0. 0. 0. 0. 0.
    -2.46774964e-003 1.48668140e-003 6.92504924e-004 2.48670019e-003 0.
    4.88772894e-005 0. 3.36247194e-003 0. 8.84193089e-003 0. 0.
    5.09991869e-003 0. 0. 0. 0. 0. 0. 0. 7.06132327e-004 0. 0.
    8.37550033e-004 0. 1.95831433e-003 4.17431467e-004 2.47549126e-003
    5.86365443e-003 -2.13007396e-003 0. 0. 0. 0. 0. 2.97663920e-003 0.
    0. 4.90037724e-003 0. 2.19066790e-003 2.70066736e-003 0. 0.
    4.56317747e-003 2.42484198e-003 1.59014238e-003 0. 8.05549149e-004
    1.94684591e-003 0. 0. 0. 0. 0. 0. 3.92652070e-003 1.35556830e-003 0.
    0. 0. 3.56030650e-003 0. 0. 0. 0. 0. 7.02191470e-003 2.36446830e-003
    0. 8.89996439e-003 8.46613257e-004 1.33378000e-003 0. 0.
    -1.14152755e-003 0. 0. 0. 1.10597932e-003 4.61858930e-003 0. 0. 0.
    3.08822165e-003 -3.23245651e-003 0. 0. 0. 0. 2.34431331e-003 0.
    -4.67862876e-004 1.44682254e-003 1.54924951e-003 3.47387022e-003 0.
    5.60454745e-003 5.02658449e-003 0. 0. 0. 0. 9.96790011e-004
    2.26347381e-003 3.79494915e-004 0. 0. 6.67306781e-003
    1.98569032e-003 0. -2.47344549e-004 1.53883931e-003 0. 0.
    -1.50978949e-003 0. 2.60577421e-003 9.05159570e-004 1.14228483e-002
    4.54870198e-004 7.52563996e-004 1.64579379e-003 0. 0. 0. 0. 0.
    2.08896026e-003 5.98522311e-004 0. 0. 5.48989372e-003 0.
    2.12141220e-003 5.06013399e-003 0. 1.70672545e-003 2.23178347e-003
    0. 4.91024344e-004 0. 0. 0. 0. -3.77105258e-004 0. 0. 0. 0. 0.
    3.42672016e-003 0. 2.47059530e-003 1.30084157e-002 0. 0. 0.
    3.23119038e-003 0. 0. 2.59280484e-003 0. 3.21973138e-003 0.
    1.02330372e-002 0. 8.46625422e-004 0. 3.46963014e-003
    -2.64538149e-003 0. 0. 2.76932609e-003 0. 0. 0. 0. 0. 0.
    1.04313064e-003 0. 0. 4.35817201e-005 0. 0. 2.36243359e-003 0.
    2.00690725e-003 8.41981033e-004 0. 0. 0. 0. 0. 2.58836010e-003
    7.04917498e-003 -2.58146739e-003 0. 0. 0. 0. 0. 5.35531389e-003 0.
    0. 2.24003964e-003 0. 0. 2.95718038e-003 5.82435215e-003 0. 0.
    1.52026012e-003 1.81213632e-004 6.35073846e-003 0. 0. 0.
    -6.80446683e-004 4.20880644e-003 1.61896436e-003 3.52776982e-003 0.
    -6.59387500e-004 0. 0. 2.96851294e-003 0. 1.70389831e-003 0. 0. 0.
    9.92385088e-004 0. -1.63848349e-003 4.17148136e-003 0. 0. 0. 0. 0.
    0. 4.33215639e-004 4.33803676e-003 0. 0. 1.35666318e-003
    1.55296957e-003 0. -5.82382258e-004 5.09115821e-003 0.
    1.93438155e-003 -5.13168576e-004 0. 0. 4.29515727e-003
    2.76200793e-004 -8.60644155e-004 0. 0. -3.14507727e-003 0.
    1.18789671e-003 -1.08385028e-003 0. 1.95091323e-003 3.39891901e-003
    1.96430623e-003 1.63714087e-003 2.15502130e-003 0. 0.
    2.37459876e-003 0. 0. 0. 0. 4.98586427e-003 0. 0. 1.65946409e-003 0.
    9.11672134e-004 0. 0. 0. 0. 5.20934910e-003 8.11016595e-004 0. 0.
    9.12185700e-004 0. 0. 0. 3.97458952e-003 1.07892125e-003 0. 0.
    2.29009413e-004 1.08883646e-003 0. 0. 0. 0. 0. 0. 0. 0.
    1.95907918e-003 1.96559937e-003 0. 3.55248246e-003 0. 0. 0.
    1.10910682e-003 1.64917298e-003 4.46936628e-003 3.99640389e-003 0.
    0. 4.96631814e-003 7.34467350e-004 0. 8.76297615e-003
    9.13920254e-003 0. 0. 0. 0. 0. 2.15120905e-004 0. 6.58506714e-003
    5.24904020e-003 8.03101517e-004 0. 2.40978971e-003 0. 0. 0. 0. 0. 0.
    0. 2.13307864e-003 0. 0. -3.07135284e-004 0. 1.36353041e-003 0. 0.
    4.62308526e-003 0. -1.21710640e-004 2.24544550e-003 2.17269827e-003
    0. 0. 1.10130047e-003 4.89646895e-003 0. 2.04845727e-003 0.
    6.55004464e-004 1.18562276e-003 0. 0. 0. 0. 0. 4.14014375e-003 0.
    2.26219115e-003 -3.65819113e-004 2.95247533e-003 0. 3.94339161e-003
    0. -4.41208715e-003 0. 2.57855258e-003 2.66120583e-003 0.
    9.58016608e-004 0. 2.67665088e-003 0. 2.34844722e-003 0. 0. 0. 0.
    2.34565861e-003 0. 0. 5.42652979e-003 0. 0. 0. 0. 0. 0. 0.
    9.65565036e-004 2.23676418e-003 2.11338885e-003 1.08364481e-003 0.
    0. 0. 0. 0. 0. 0. 0. 0. 0. 0. 5.90126636e-003 0. 0. 1.06197118e-003
    0. 0. 9.50424524e-004 1.39191907e-004 0. -8.92028947e-006 0.
    -1.26101461e-003 2.43297080e-003 0. 1.12574524e-003 0.
    6.50944933e-003 0. 1.58188411e-003 0. 0. -1.14174886e-003 0. 0.
    8.96229118e-004 0. 0. 1.33363344e-003 0. 4.98838257e-003 0. 0. 0. 0.
    0. 1.61975692e-003 0. -1.57596252e-003 0. -2.72205332e-004 0. 0.
    2.16187444e-003 0. 0. 0. 0. -1.23963357e-004 0. 0. 0. 0. 0. 0.
    8.09944049e-003 0. 0. 7.53725879e-004 0. 3.13075585e-003 0.
