<?xml version="1.0"?>
<opencv_storage>
<imageDescriptor type_id="opencv-matrix">
  <rows>1</rows>
  <cols>1000</cols>
  <dt>f</dt>
  <data>
    0. 0. 0. 3.99570772e-003 0. 0. 0. 0. 2.55643181e-003 0.
    1.71740877e-003 3.21546150e-003 0. 1.55847985e-004 1.89920273e-002
    4.24899161e-003 7.77856447e-003 1.50234043e-003 0. 1.46620441e-003
    0. 0. 3.56044178e-003 0. 0. 0. 0. 0. 0. 2.32075481e-003
    1.19785417e-003 0. 5.41002490e-004 0. 0. 1.08814181e-003
    -1.58116862e-004 0. 0. 8.59177962e-004 2.92645243e-004
    -5.52872312e-004 8.89827730e-004 5.39189298e-003 2.94187875e-003
    4.08072228e-004 1.22303449e-004 0. 0. 0. 0. -8.03881907e-004
    6.66503853e-004 0. 2.15426902e-003 -3.71915463e-004 1.97607651e-003
    0. 0. 3.85093910e-004 0. 2.60852254e-003 -7.01013312e-004
    3.58866365e-003 8.28860910e-004 -4.28525207e-004 9.93317273e-003 0.
    0. -3.64429026e-004 1.01430691e-003 -1.98013592e-003 1.65829365e-003
    2.28280760e-003 0. 1.81741058e-003 8.45031999e-003 0. 0. 0.
    3.74677329e-004 0. 8.55605584e-004 1.71415997e-003 2.28578271e-003
    8.35168816e-004 0. 2.28971755e-003 0. 1.41945682e-004 0.
    2.50563491e-003 2.70724460e-003 4.67990199e-003 4.20185085e-003 0.
    0. 1.54704542e-003 0. -7.92610808e-004 0. 0. 0. 0. 1.71538617e-003
    1.12525849e-002 0. 0. 8.97076039e-004 0. -3.66691704e-004
    -4.01462676e-005 0. 8.97255959e-004 1.06543256e-003 0. 0.
    4.46642842e-003 0. 0. 8.03476607e-004 0. 0. 1.13655254e-003
    4.08120779e-003 0. -1.21943798e-004 -2.01745331e-003 0.
    -6.77176751e-004 0. 0. 0. 1.24207803e-003 0. 2.84646335e-003 0. 0.
    0. 0. 3.49260704e-003 3.35830846e-003 1.08634797e-003 0.
    -2.14084215e-003 0. 4.23733238e-003 8.56115308e-004 7.81474751e-004
    2.06543715e-003 3.84756597e-004 4.50629462e-003 0. 0. 0. 0. 0.
    5.76619699e-004 1.82017393e-004 0. 0. 0. 0. -4.47027560e-004
    3.21487593e-003 0. 1.46498531e-003 0. 2.83606094e-003 0.
    9.63069964e-003 1.19909504e-002 1.81199762e-003 5.27213281e-003 0.
    1.58415327e-003 3.08787380e-003 2.41623097e-003 1.46294420e-003
    2.93544703e-003 3.32811684e-003 0. 1.37533329e-003 0. 0.
    2.54148408e-003 -4.93576576e-004 1.64237077e-004 2.32639816e-003 0.
    1.41165347e-003 0. 0. 0. 0. -3.15591431e-004 1.77418871e-003 0. 0.
    0. 1.29499123e-003 -2.78262491e-003 2.26383423e-003 6.75095851e-003
    3.97039438e-003 0. 2.43534474e-003 0. 0. 2.20074994e-003
    -1.04937050e-003 0. 4.95322281e-003 0. 0. 0. 0. 0. 3.78976867e-004
    3.32170702e-003 0. 0. 0. 0. 0. 0. 0. 1.61523779e-003
    -2.48829223e-004 4.69214423e-003 1.35660334e-003 0. 2.21623434e-003
    1.61429215e-003 1.91281477e-004 0. 7.96191569e-004 -4.59944131e-005
    1.21675408e-003 0. 0. 7.89717212e-003 0. 9.92887188e-004
    1.49601221e-003 7.55933055e-004 2.71924335e-004 0. 0.
    1.67855143e-003 3.12555628e-003 8.18538538e-004 0. 1.61221123e-003
    2.94266996e-004 0. 1.12224882e-003 2.17268549e-004 3.47663159e-003
    0. 0. 3.58083611e-003 9.88968532e-004 1.61355524e-003
    7.34584813e-004 0. 3.28323781e-003 0. 1.71450805e-003 0.
    1.96600938e-003 0. 3.09909577e-003 1.90145627e-003 1.06670879e-004
    4.28008009e-003 0. 0. 0. 0. 6.17917860e-003 0. 0. 0. 0.
    2.01170682e-004 0. 2.39591449e-004 0. 0. 3.86419846e-003 0.
    4.88410646e-004 0. 0. 0. 0. 2.34348257e-003 2.19081203e-003 0.
    1.61586737e-003 1.90163439e-003 3.69365589e-004 5.21183386e-003
    4.31103073e-003 0. -4.32277622e-004 0. 0. -2.64332048e-004 0.
    2.31315324e-004 4.58748871e-003 0. 9.23928455e-004 0. 0.
    2.52399524e-003 0. 3.50529561e-003 2.55623530e-003 0.
    3.16955312e-003 0. 0. 0. 3.91639723e-003 -6.48169254e-004 0. 0.
    3.64482473e-003 3.29690496e-003 2.51722010e-003 2.72288104e-003
    6.20308798e-004 0. 0. 0. 2.38874392e-003 0. 0. 0. 1.82925141e-003
    3.76919657e-003 3.13300896e-003 1.94620877e-003 0. 0. 0. 0.
    3.95876006e-004 2.25949869e-003 0. 0. 0. 7.89357757e-004
    2.15442409e-003 0. 0. 5.78453008e-004 0. 0. 0. 0. 1.22970913e-003
    3.51745752e-003 0. 2.31510471e-003 0. 0. 5.77716157e-004 0. 0.
    2.54398421e-003 0. 4.26367950e-003 7.94742256e-003 3.52031272e-003
    0. 0. 3.41301528e-003 0. 0. 0. -3.85032363e-005 2.41051079e-004 0.
    0. 0. 0. 0. 1.14883855e-003 0. 0. 1.57526077e-003 0. 2.30814418e-004
    1.78268750e-003 1.30975200e-003 2.84217624e-003 0. 7.61182560e-003
    -1.40715230e-004 1.17903831e-003 0. 0. 5.60078712e-004 0. 0. 0.
    9.35151707e-003 0. 0. 0. 0. 0. 0. 3.17429681e-003 0. 0. 0.
    4.14830307e-003 1.25153363e-003 -1.76665338e-003 0. 0.
    2.08658935e-003 7.32110534e-003 -1.20542420e-004 2.66919332e-003 0.
    -1.12295529e-004 0. 0. -4.79547743e-004 0. 0. 0. 9.40715428e-004 0.
    0. 2.11072009e-004 4.52362793e-003 0. 0. 1.67106662e-003 0. 0.
    5.29032586e-005 0. 0. 0. 0. 0. 1.55802444e-003 2.02458163e-004 0. 0.
    0. 2.43695476e-003 0. 2.02659774e-003 2.85176677e-003
    3.21247871e-003 9.63216298e-004 0. 0. 0. 0. 0. 1.63759652e-003
    3.67440097e-003 0. 1.52018073e-003 1.05597242e-003 0. 0.
    2.61285761e-003 2.10001785e-003 0. 0. 0. 1.31127192e-003 0. 0.
    -6.65925909e-004 0. 1.99334580e-003 0. 0. 1.98701397e-003
    5.45569928e-003 1.98177807e-003 0. 0. 0. -2.98707047e-004
    1.23603072e-003 0. 0. 0. 0. 6.16859819e-004 6.59207953e-003
    1.09159183e-002 2.21141195e-003 3.45891225e-004 2.45971559e-003 0.
    0. 2.74730637e-003 0. 0. 1.15575478e-003 2.87941773e-003
    4.55014734e-003 0. 6.94238697e-004 1.12201006e-003 0. 0.
    1.28381653e-003 2.58538499e-003 3.21413972e-003 1.95523608e-003 0.
    8.71484372e-005 0. -2.69623846e-003 1.63117645e-003 0.
    -9.59888450e-004 3.06175882e-003 -1.08766882e-003 0. 0. 0.
    6.38565223e-004 7.25651043e-004 1.22059521e-003 8.27695243e-004
    -8.84549227e-005 5.45416772e-003 0. 0. 3.62273352e-003 0.
    2.90136109e-003 0. 0. 0. 0. 1.02328626e-003 0. 1.49611721e-003 0. 0.
    8.39935557e-004 5.25282463e-003 4.57648712e-004 1.26687530e-003
    1.38067536e-003 0. 8.33348779e-004 0. 0. 3.28402710e-003
    3.35288001e-004 2.20139488e-003 0. -1.30986562e-004 0. 0. 0.
    3.64001165e-003 5.19426726e-003 0. 1.02626567e-004 0.
    6.13634242e-004 0. 0. 0. 0. 0. 3.33049335e-003 0. 0. 0.
    1.39104307e-003 0. 0. 0. -4.83046839e-004 2.04666890e-003
    1.49838428e-003 4.96546598e-003 1.40044815e-003 -6.17101032e-004
    1.25885918e-003 0. 2.11508755e-004 0. 0. 1.15255928e-002
    4.99485247e-003 3.89676541e-003 0. 6.36538374e-004 0. 0.
    2.75540689e-004 1.14320265e-003 3.45471711e-003 0. 0. 0.
    1.74121570e-003 0. 0. 1.32548157e-003 0. 0. 2.12865253e-003
    1.68447045e-003 0. 4.69457451e-003 1.38216582e-003 0.
    1.71427545e-003 1.71765409e-004 0. 0. 2.73401849e-003 0.
    -7.93489802e-004 1.91680284e-003 3.99767421e-003 1.57096563e-003
    4.21462377e-004 1.53675524e-003 1.74080266e-003 2.72622705e-003
    1.69829722e-003 2.31624348e-004 2.05194484e-003 -9.75358766e-004
    3.24668596e-004 0. 0. 0. 0. 0. 1.22520549e-003 0. 0. 1.48883043e-003
    0. 0. 0. 8.59053922e-004 0. 0. 3.87030561e-003 0. 0. 2.37211073e-003
    0. 2.78244074e-003 0. 2.43645208e-003 1.90057757e-003 0. 0. 0. 0. 0.
    4.22627060e-003 0. 0. 5.23665862e-004 4.09119576e-003
    5.97345352e-004 2.49522179e-003 0. 3.80367786e-003 2.20303278e-004
    6.93370414e-004 0. 2.61441362e-003 -1.40473200e-003 -9.68195556e-004
    0. 0. 8.04255367e-004 4.46381513e-003 2.16686656e-003
    2.40466767e-003 0. 1.18128199e-003 -3.52755043e-004 4.07142006e-003
    0. 6.84713421e-004 1.73177314e-003 2.77442555e-003 1.43744180e-003
    0. 1.43821072e-003 1.08896766e-003 0. 0. 4.51403539e-005
    -1.60397729e-003 0. 0. 0. 0. 2.89753918e-003 0. 0. 0. 0. 0. 0. 0. 0.
    -1.65788500e-004 0. 0. 1.27094972e-003 0. 9.62518854e-004
    6.73195929e-004 5.20773057e-004 -4.27242863e-004 3.29950801e-003 0.
    0. 0. 0. 0. 9.81034944e-004 1.45364541e-003 5.11039840e-003
    3.58158583e-003 0. 0. 0. 0. 6.81111543e-003 0. -5.84191177e-003
    3.83381057e-003 -1.42210058e-003 0. 0. 0. 0. 0. 1.40233792e-003
    -5.11730555e-004 3.38055613e-003 0. 0. 2.11603520e-003 0.
