<?xml version="1.0"?>
<opencv_storage>
<imageDescriptor type_id="opencv-matrix">
  <rows>1</rows>
  <cols>1000</cols>
  <dt>f</dt>
  <data>
    2.13675923e-003 3.29952734e-003 5.99911762e-003 0. 0.
    -1.06167502e-003 1.96402078e-003 0. 6.77113561e-003 -1.33847538e-003
    0. -1.65298974e-004 0. 0. -8.51151883e-004 3.13659944e-003 0. 0.
    8.42981099e-004 2.32378356e-004 0. 0. 6.24901906e-004 0. 0.
    6.13749819e-003 6.10721996e-003 8.97382211e-004 0. 5.17369900e-003
    -7.27867940e-004 0. 4.59639792e-004 0. 0. 9.66801716e-004
    3.92810535e-003 -1.78934206e-004 0. 3.24243470e-003 0. 0.
    -9.54842777e-004 9.84183745e-004 0. 0. 0. 0. -6.61343802e-004 0. 0.
    0. 3.60702194e-004 4.32136375e-003 2.41856230e-003 -1.83823413e-005
    0. 0. 6.16042118e-004 4.63728001e-003 3.72122671e-003 0.
    1.20974961e-003 -1.44569064e-003 4.76797391e-003 2.66561541e-003
    1.59575231e-003 0. 0. 0. 7.00627104e-004 0. 0. 4.65712789e-003
    2.73343967e-003 0. -3.91268586e-005 0. 0. 0. 0. 0. 0.
    3.35251936e-003 6.37800200e-004 2.73628742e-003 4.55162302e-003 0.
    -2.12622876e-003 6.39158476e-004 1.54387249e-004 3.99470609e-003 0.
    0. 1.29091891e-003 5.30581689e-003 0. 1.49717974e-003
    2.79071450e-004 -1.41188102e-005 0. 0. 0. 7.02701334e-004 0. 0.
    2.27221102e-003 0. 3.78750172e-003 0. 1.11656183e-004 0.
    2.02884548e-003 0. 4.23671911e-003 1.31834357e-003 0.
    1.79850997e-003 2.19819928e-003 0. 2.62585236e-003 0. 0.
    -2.02554933e-004 0. 5.41923940e-003 2.36593158e-004 -3.18367936e-004
    0. 0. -3.29529401e-004 2.97522428e-003 0. 1.18154299e-003
    3.10110999e-003 0. 9.30442940e-003 3.47570470e-003 1.26161799e-003
    2.32539326e-003 0. 0. 0. 0. 7.58894254e-004 7.44781210e-005
    3.44406534e-003 8.94423516e-004 2.24782317e-003 7.62567995e-003
    -6.70705049e-004 5.97352860e-003 2.01335270e-003 0. 2.57289107e-003
    0. 0. 0. 4.22945945e-004 0. 1.00870384e-003 9.17784171e-004 0.
    1.35162461e-003 0. 0. 8.12162063e-004 0. 0. 2.53634248e-003 0.
    -4.04148479e-004 0. 4.26311465e-003 2.32179253e-003 1.09821581e-003
    0. 0. 1.12526410e-003 0. 0. 0. 1.76308258e-003 0. 0. 3.12049873e-004
    0. 1.12914084e-003 -5.74546051e-004 0. 3.54040344e-003
    2.28504534e-003 0. 0. 0. 1.09152365e-002 0. -8.41386849e-004 0.
    5.61221677e-004 9.69844987e-005 3.68053489e-003 4.83374530e-003
    3.27943504e-004 0. 1.48027099e-003 3.91947135e-004 3.68970446e-004
    0. 3.80427158e-003 -4.09454398e-004 0. -2.14603142e-006
    -4.81255876e-004 0. 0. 2.62793060e-003 1.10229244e-003
    -2.61546602e-003 -1.21405569e-003 2.86805280e-003 0. 0. 0.
    1.29409891e-003 0. 4.22487408e-003 0. 0. 0. -3.72841285e-004 0.
    2.69840145e-003 0. 0. 1.15417654e-003 0. 1.21185047e-004 0.
    3.09177581e-003 0. 9.56974458e-003 -2.44869880e-004 0. 0.
    -8.00589682e-004 4.15630313e-003 0. 1.00037258e-003 2.29026494e-003
    6.73393020e-004 2.20957003e-003 0. 0. 0. 1.22093491e-003 0. 0.
    2.26918582e-005 0. 5.25445386e-004 2.12749769e-003 0. 0.
    3.43470398e-004 0. 0. 0. 3.03291250e-003 0. 5.56286890e-004 0. 0.
    -1.26692140e-003 0. 1.28117899e-004 0. 0. 1.71867246e-003 0.
    3.92036466e-003 1.10969634e-003 -7.64306678e-005 3.57975182e-003
    5.72656281e-004 -2.85304338e-003 0. 1.94147264e-003 -7.43911660e-004
    0. 0. -1.35464384e-003 1.33131398e-003 0. 8.69891664e-004 0. 0. 0.
    7.29825406e-004 0. 7.17366987e-004 0. 1.53600634e-003 0.
    2.69283005e-003 9.48166475e-003 1.23140332e-003 0. 5.12669235e-003
    -1.16604417e-004 0. 0. 2.70946790e-003 4.55703773e-003 0. 0.
    6.74006995e-004 4.13015578e-003 0. 1.54059392e-003 1.97973219e-003
    0. 3.30130919e-003 5.14130748e-004 1.15384441e-003 2.51204940e-004
    0. 0. 0. 5.36426529e-003 0. 3.08596878e-003 2.48115580e-003
    2.16283719e-003 1.39619922e-003 5.56522515e-003 1.29467330e-003 0.
    4.26415959e-003 3.52816680e-003 -8.33268510e-004 0. 0. 0.
    1.24127127e-003 4.17788513e-003 1.55494711e-003 2.87252624e-004 0.
    0. 0. 3.97681521e-004 8.54916580e-004 0. 0. 3.14690801e-003 0.
    7.92825944e-004 1.17139425e-004 2.39772047e-003 1.48436066e-003 0.
    0. 0. 0. 0. 1.32336060e-003 0. 0. 0. 4.13616840e-003 0. 0.
    4.57137445e-004 0. 0. 3.47789028e-003 3.50217964e-003
    1.19039956e-002 0. 0. 0. 0. 0. 0. -1.01281144e-003 2.90327263e-003
    -5.44555485e-004 0. 0. 0. -4.34211688e-004 1.30446709e-003
    6.03834284e-004 0. 4.12007654e-003 5.49484789e-003 1.55553932e-003
    0. 0. 0. 0. 5.48655866e-004 1.00800896e-003 3.81041202e-003 0.
    2.17517419e-003 0. 8.90832627e-004 6.73442497e-004 -1.18774093e-004
    0. 0. 0. 0. 3.09997326e-004 0. 0. -1.32188096e-003 4.46245400e-003
    1.69958023e-003 -1.19154516e-003 1.05417462e-003 8.23617665e-005 0.
    0. 8.95284116e-003 1.39965175e-003 1.28651489e-004 2.17900914e-003
    1.82865036e-003 2.60043726e-003 0. 0. 6.52543849e-006
    4.17390838e-005 0. -2.35851810e-004 7.05009792e-004 0.
    9.36074008e-004 0. 1.44977763e-003 0. 0. 3.28503223e-003
    1.95683770e-005 0. 0. 0. -1.32067726e-004 0. 0. 1.61481660e-003
    4.57057124e-003 1.56306312e-003 1.99788180e-003 0. 0. 0. 0.
    6.33523893e-003 0. 8.44277383e-006 2.87979585e-003 5.08271204e-003
    0. 0. 3.21121281e-003 2.30008713e-003 1.95779512e-003 0.
    1.25115411e-003 0. 1.69908977e-003 1.75525656e-003 0. 0.
    1.52543501e-003 0. 5.26584545e-003 0. -6.35127013e-004 0. 0.
    3.49524710e-003 0. 3.24394251e-003 0. 1.09672185e-003
    1.41565036e-003 2.98475567e-003 5.54461767e-005 0. 0. 0. 0. 0. 0.
    -2.48918441e-005 1.88105041e-003 0. 6.05691283e-004 0.
    6.22818596e-004 3.46584711e-004 0. 0. 0. 3.28517286e-003
    6.39105495e-003 2.17874278e-003 8.73418991e-003 0. 0. 0.
    4.63372795e-004 2.62389984e-003 1.04590354e-003 0. 0.
    1.27005146e-003 3.44239245e-003 0. 4.28621238e-003 0.
    -2.18432443e-003 0. 4.52171080e-004 0. 1.95691036e-003
    1.99938216e-003 1.42737629e-003 0. 0. 0. 0. 1.84898835e-003
    3.20790429e-003 5.38285449e-003 0. -6.48960238e-004 0.
    1.27569004e-003 -4.13190515e-004 -7.52076157e-005 0. 0. 0.
    5.81685407e-003 0. 1.00271609e-002 0. 0. 1.43659394e-003 0. 0. 0.
    2.75729760e-003 0. 1.56214274e-003 2.18794914e-003 9.85615479e-005
    0. 0. 0. 0. 1.37770444e-003 -2.20115529e-004 0. -4.91384162e-005 0.
    2.32955767e-003 2.80574779e-003 1.20214140e-003 8.75848439e-003 0.
    0. 2.02527875e-003 2.29594228e-003 3.23552219e-003 3.54813226e-003
    0. -3.80838756e-004 0. 1.08299674e-002 6.29605120e-003
    3.44753219e-003 0. 0. 2.07873364e-003 0. 0. -1.42887107e-003
    4.95223748e-003 0. 0. 0. 1.95915438e-003 1.15312717e-003
    -1.79323935e-004 1.14545447e-003 0. -9.45625216e-005 1.19633065e-003
    5.32766746e-004 9.13009280e-004 0. 0. 0. 0. 2.15467555e-003
    2.54768482e-003 1.33208896e-003 0. 1.39672100e-003 0.
    6.24128792e-004 1.85910647e-003 1.69791770e-003 -2.08142260e-003
    4.53572342e-004 9.02743603e-004 1.11575646e-003 0. 0. 0. 0.
    1.07199093e-003 0. 2.03064465e-005 1.67053670e-003 0. 0. 0.
    1.92164711e-003 3.11246701e-003 9.75667266e-004 0. 1.84814248e-003
    7.01195269e-004 -9.45461215e-005 3.98333883e-003 8.71374330e-004 0.
    0. 5.92555944e-003 5.20335464e-003 5.90925571e-004 4.50671325e-003
    0. 0. 0. 1.06831419e-003 5.00794966e-003 0. 1.21247000e-003 0.
    -1.36587099e-004 1.81823119e-003 2.97492457e-004 3.83663690e-003 0.
    0. 1.20324118e-003 3.30295134e-003 0. 0. 1.29463326e-003 0. 0. 0.
    2.14401004e-003 7.52868888e-004 0. 0. 0. 9.60384903e-004 0. 0. 0.
    8.27070558e-004 2.91839521e-003 5.20981615e-003 0. 0.
    6.62428187e-003 1.47843978e-003 0. 8.17387248e-004 0. 0. 0.
    1.98577385e-004 -4.59737988e-004 -1.09874745e-004 0. 1.67418184e-005
    -3.75582662e-004 0. 4.42136917e-003 1.60703494e-003 0.
    6.95782132e-004 -8.07252538e-004 9.86992745e-005 0. 0.
    4.47934261e-003 2.68368924e-004 0. 4.00566682e-003 3.83062725e-004
    4.55255678e-004 0. 0. 0. 0. 1.81182602e-003 8.64593836e-004
    1.01986472e-002 0. 9.42215207e-004 0. -7.07748113e-004 0.
    1.91782520e-003 9.71986039e-004 0. 0. 0. 0. 0. 0. 0. 8.83962680e-003
