<?xml version="1.0"?>
<opencv_storage>
<imageDescriptor type_id="opencv-matrix">
  <rows>1</rows>
  <cols>1000</cols>
  <dt>f</dt>
  <data>
    9.31046787e-004 1.21595731e-004 6.56224787e-003 2.18442292e-003 0.
    -1.30977045e-004 0. 0. 1.71923381e-003 0. -5.31343743e-004
    1.16949889e-003 0. 0. 3.15208291e-003 1.53654790e-003
    -1.06340309e-003 -4.58590803e-004 0. 0. 0. 0. 3.05119483e-003 0.
    1.68710924e-003 0. 0. 0. 0. -2.06050253e-003 0. 2.06462946e-003 0.
    0. -4.83094295e-003 0. 0. 0. 0. 0. 9.07739741e-004 2.11313111e-003
    2.29053712e-003 0. 0. 0. 0. 0. 1.49108260e-003 -6.51667709e-004
    3.31810472e-004 1.19800621e-003 0. 0. 6.81759696e-003
    8.13483354e-003 -6.43962820e-004 0. 0. 5.58012212e-003
    4.86973953e-003 2.20900076e-003 3.62232164e-003 5.69929944e-005 0.
    0. 1.06250006e-003 0. -5.30896476e-004 3.68852075e-003 0.
    -3.21332103e-004 0. 6.58057630e-003 0. 1.78791117e-003
    -1.43064768e-004 0. 0. 1.21543405e-003 2.18700012e-003 0.
    8.10080615e-004 3.90929548e-004 0. 1.70777424e-003 1.72966463e-003
    -3.82548268e-003 0. 0. 2.47946242e-003 2.88545899e-003
    1.35887391e-003 3.71962466e-004 2.18577031e-003 9.93112219e-004
    5.67951123e-004 4.43476904e-003 1.17311627e-003 0. 0.
    5.87362389e-004 0. 0. 2.31170049e-003 0. 0. 0. 0. 0.
    -4.68472578e-003 0. 0. 0. 1.74944371e-003 1.70328666e-003
    5.68158599e-003 1.38914993e-003 0. 0. 1.39585859e-003 0. 0. 0.
    -1.36820861e-004 0. 0. 0. 0. 0. 4.83774667e-004 0. 1.87290146e-003
    9.38900514e-004 1.14520220e-003 6.28494332e-003 2.36052758e-004
    1.43961830e-003 3.78421228e-003 6.53468422e-004 8.57356004e-004
    1.43474096e-003 -6.43242500e-004 0. 0. 0. 1.00819091e-003
    6.30941801e-003 1.14758918e-003 1.03302409e-004 -1.79640995e-003
    4.62181401e-003 0. 0. 3.99336312e-003 7.25149363e-003 0. 0.
    2.89310212e-003 0. -1.35993620e-003 0. 1.87899638e-003 0.
    8.65679118e-004 0. 6.72048307e-004 0. 6.91330759e-003
    3.49194347e-003 -2.42880807e-004 0. 4.58181277e-003 -1.68812810e-003
    0. 0. 2.04326399e-003 4.48731706e-003 0. 6.39278023e-003 0. 0.
    -2.02492042e-003 5.03579387e-003 0. 0. 1.29271578e-003
    1.86795532e-003 8.28474015e-003 7.51557248e-003 0. 6.83467882e-003
    2.74721696e-003 0. -5.43255999e-004 5.03013842e-003 -3.42205632e-003
    4.43253294e-003 4.63652099e-003 -8.26546748e-004 3.56875779e-003
    3.83308111e-003 4.59328148e-004 0. 0. 0. 1.81266968e-003
    -4.84064425e-004 0. 1.53175858e-003 0. 2.72517884e-003 0. 0. 0.
    6.20580185e-003 0. -2.92624500e-005 1.38396723e-003 -6.14040240e-004
    0. 0. 2.89146556e-004 0. 0. 0. 0. 6.78953715e-004 0. 4.49218758e-004
    8.58788204e-004 1.11414643e-003 0. -1.22138218e-003 0. 0. 0.
    8.87930917e-004 2.47959676e-003 5.01119951e-003 0. 0.
    3.09307384e-003 0. 0. -1.44789286e-003 0. 0. 9.44827334e-004
    6.72663562e-003 0. 0. 1.99604128e-003 0. 0. 1.24256301e-003
    3.68276518e-003 1.00196572e-003 -7.01844285e-004 0. 8.63121299e-004
    1.27126649e-003 0. 1.43930886e-003 0. -6.93333976e-004
    1.59231818e-003 0. -1.96986739e-003 0. 1.36296824e-003
    5.85269358e-004 1.13072361e-004 1.21186976e-003 1.18768716e-003 0.
    0. 6.70853676e-003 0. 0. 6.71332888e-003 0. -3.17823119e-003 0.
    2.42221417e-004 -9.66756488e-004 0. 1.11402560e-003 2.53333501e-003
    3.89895722e-004 0. 0. 0. 0. 0. 2.88148550e-003 0. 0. 0. 0.
    1.51779765e-004 1.32077187e-003 -4.35416645e-004 0. 1.87386689e-003
    2.54597282e-003 0. 4.13240027e-003 0. 0. 0. 0. 2.51240097e-004
    1.99190996e-004 0. 4.60843119e-004 0. 0. 8.99145321e-004 0.
    -1.34952611e-003 0. 2.44704797e-003 9.10847075e-003 0.
    -4.42039315e-003 2.03029532e-003 1.65232213e-003 1.05836941e-003 0.
    5.67742274e-004 0. 1.80909445e-003 -5.24083211e-004 2.12579519e-002
    2.30154209e-003 2.18116166e-003 1.72329415e-003 1.71919924e-003
    -3.02924047e-004 4.06009238e-003 0. 0. 4.39614709e-003
    1.58629159e-003 0. -2.23655297e-004 2.61812063e-004 0. 0. 0. 0. 0.
    0. 1.65809726e-003 0. 0. 0. 0. 8.65114635e-005 0. 8.12433427e-004 0.
    1.90814945e-003 1.53715242e-004 -7.63841206e-004 7.01386714e-004
    7.68942584e-004 4.96604387e-003 0. 0. 0. 0. 3.03155743e-003 0.
    3.46914330e-003 0. 2.94013810e-003 0. 0. 0. -1.80275482e-003 0. 0.
    1.61306025e-003 1.96216092e-003 0. 0. 0. 0. 0. 3.86283873e-003 0.
    5.42960968e-003 0. 0. 6.77603763e-003 2.02092598e-003 0. 0. 0.
    1.23684353e-003 5.54987881e-003 0. 1.32225826e-003 0.
    7.82656192e-004 1.31374330e-003 0. 3.78792669e-004 0. 0. 0. 0. 0. 0.
    0. 4.03349334e-003 0. 3.04314587e-003 1.58884171e-002
    2.09595496e-003 -2.62669928e-004 0. 5.12744242e-004 -1.05674355e-003
    2.03268486e-003 7.49196450e-004 0. 0. 2.58462899e-003
    1.01587810e-002 0. 0. 0. 1.54859445e-003 0. 1.98487658e-003 0. 0. 0.
    0. 0. 0. 0. 3.72567098e-003 0. 0. 0. 0. 0. 0. 4.06074012e-003
    7.92317151e-004 4.35635727e-003 3.00705526e-003 0. 2.09963368e-003
    0. -2.24340428e-003 0. 0. -4.35325870e-004 3.53769446e-003 0.
    1.52535262e-002 0. 0. 2.52869050e-003 1.19217706e-003 0. 0. 0. 0. 0.
    0. 0. -1.09469169e-003 1.29429461e-003 0. 0. 7.09010463e-004
    1.92689430e-002 2.93246936e-003 0. 9.01299063e-004 0.
    1.20309553e-004 0. 1.92640655e-004 0. 0. 6.84108702e-004 0.
    1.94644672e-003 0. 5.46102785e-003 0. 0. -2.28618179e-003 0.
    3.52487713e-003 2.73277937e-003 1.45647966e-003 0. 1.24256825e-003
    0. 2.49768444e-003 0. 0. 0. 0. 4.04759636e-003 1.26339064e-003 0.
    6.61902223e-003 -1.42207777e-003 2.96908268e-003 -1.19112083e-003 0.
    1.36572460e-003 0. 0. 0. 3.70810414e-003 3.14563490e-003
    -8.91830859e-005 1.22598198e-003 0. 1.67904422e-003 1.38566187e-002
    3.22975754e-003 0. 6.19141792e-004 1.81831216e-004 5.08314976e-003
    0. 5.80892246e-003 0. 0. 5.40217370e-005 1.42411666e-003
    6.88735629e-004 0. 0. -4.48496954e-004 0. 0. 0. 3.03242472e-004
    7.04338774e-004 7.20554637e-003 0. 0. -6.88175962e-004
    2.05994165e-003 7.66499259e-004 0. 3.18268035e-003 7.53562374e-004
    1.68560969e-003 4.45320038e-003 0. 0. 0. 0. 0. 0. 0. 0.
    1.09025394e-003 0. 7.98178487e-004 0. 0. 1.80619990e-003 0.
    7.66125973e-004 0. 1.04436814e-003 0. 2.24365023e-004
    1.04944245e-003 6.58277422e-004 0. 2.93243909e-004 5.60605759e-003
    4.56669973e-003 0. 0. 1.35851814e-003 0. 0. 0. 2.19533895e-003 0. 0.
    0. 1.15774048e-003 -4.92644496e-004 0. 0. 0. 0. 5.33810630e-003 0.
    8.82421664e-005 6.07125694e-004 3.16320336e-003 0. 0.
    3.26894131e-003 2.61816871e-003 0. 0. 0. 0. 1.92738697e-003 0. 0.
    4.39458014e-003 1.51824974e-003 0. 6.68147579e-004 8.61807377e-004
    0. 0. 0. 3.83429322e-003 -3.70616501e-004 5.80306584e-003 0. 0. 0.
    0. 2.32718070e-003 6.84305048e-003 0. 0. 0. 1.13746489e-003
    -7.87861820e-004 0. 8.90398573e-004 0. 0. 4.66041081e-003 0.
    1.31738675e-003 1.26310601e-003 0. 4.46739886e-003 0.
    3.60152405e-003 8.02525505e-003 3.37545015e-003 0. -6.32739975e-004
    4.05164901e-003 0. 0. 1.08156935e-003 0. 0. 0. 0. 2.84927315e-003 0.
    2.36938125e-003 1.02757988e-003 -7.79798254e-004 0. 0.
    6.49597845e-004 0. 0. 1.23422977e-003 0. 0. 0. 0. 2.25057197e-003
    3.89130879e-003 -1.39919444e-004 0. -2.40166773e-004 0. 0. 0. 0. 0.
    0. 2.78893369e-003 8.58158630e-004 1.01079058e-003 1.08134572e-003
    4.64315061e-003 1.23812712e-003 0. 4.07542847e-003 0. 0.
    2.57739471e-003 -2.30257545e-004 3.15430388e-003 4.10427991e-003
    8.39028144e-005 -1.70447951e-004 2.64338381e-003 0. 0.
    1.47368386e-003 -2.90451397e-004 5.24900446e-004 0. 0. 0. 0.
    2.93805031e-004 0. -4.10852430e-004 3.30502773e-003 2.20341887e-003
    0. 5.01833018e-003 0. 1.02412584e-003 1.48618594e-003 0.
    1.41001865e-003 0. 9.51797294e-004 0. 3.25864792e-004 0.
    7.87093490e-003 0. 2.82777473e-003 1.06341660e-003 0.
    1.23113289e-003 0. 3.35155264e-003 0. 0. 0. 0. 0. 0. 0.
    1.75987976e-003 7.40129268e-004 -7.19040632e-004 1.50834257e-003
    1.20936101e-003 0. 0. 0. 4.91376454e-003 0. 0. 0. 3.57280456e-004 0.
