<?xml version="1.0"?>
<opencv_storage>
<imageDescriptor type_id="opencv-matrix">
  <rows>1</rows>
  <cols>1000</cols>
  <dt>f</dt>
  <data>
    1.90303335e-003 4.37769620e-003 2.74032616e-004 0. 5.79691958e-004
    2.54791300e-003 1.69887498e-003 0. 3.46009433e-003 0. 0.
    -3.37671256e-004 0. 1.86624238e-003 0. -8.00948357e-004
    8.40055570e-003 0. 2.64926045e-003 0. 0. 0. 0. 1.27921486e-003 0. 0.
    1.02053992e-002 1.30378630e-003 0. 5.32304356e-003 0.
    1.79808529e-003 6.84987567e-003 0. 0. 2.21665204e-003
    1.82737049e-003 0. 5.01546403e-003 0. 7.49061396e-003
    1.42713625e-003 8.11953004e-003 2.34216778e-003 0. 0.
    5.32067241e-003 0. 0. 4.46264399e-003 0. 7.02930483e-005 0. 0.
    4.56283800e-003 3.93178227e-004 0. 8.29655619e-004 0.
    8.47068895e-003 0. 0. -9.49063629e-004 5.10670384e-003 0. 0.
    3.02122510e-003 8.95813049e-004 1.05311075e-004 0. 0. 0. 0.
    4.33947938e-003 0. 7.53912935e-003 0. 2.87197251e-003 0.
    3.60237039e-003 0. 0. 0. 7.62590149e-004 0. 0. 0. 0. 2.80894758e-003
    1.15937809e-003 0. 1.85512879e-003 0. 5.06192446e-004
    1.12534035e-003 2.78171664e-003 0. 0. 1.43256271e-003
    4.33824677e-003 0. 0. 0. 6.20781211e-003 0. 1.46897137e-003 0.
    3.88290209e-004 7.02494930e-004 0. 0. 2.33913143e-003 0. 0.
    3.76553810e-003 -1.17803423e-003 4.18514013e-003 0. 0. 0.
    1.20550673e-003 0. -1.12109806e-003 -1.01706141e-003 3.48698185e-003
    1.64679205e-003 0. 1.24374952e-003 0. 0. -2.46797362e-003
    1.41657342e-003 0. 3.46058770e-003 1.38121797e-003 1.45998364e-003
    0. 0. 0. 0. 8.92723328e-004 -2.42041802e-004 0. 4.59957309e-003
    2.63723382e-003 0. 8.02914088e-004 8.38320877e-004 3.95465206e-004
    3.68624320e-003 0. 0. 4.85515426e-004 0. 0. 0. 0. 0.
    -1.38602348e-003 0. 0. 0. 2.63314880e-003 0. 2.33733724e-003 0.
    -1.30050548e-003 0. 7.82728719e-004 0. 0. 4.24419250e-003
    4.58161900e-004 0. 0. 0. 0. 7.19119841e-003 0. 0. 0. 0. 0.
    5.65726124e-003 0. 0. 0. 1.14119670e-003 1.24653627e-003 0. 0. 0.
    1.65394624e-003 0. -2.09861295e-003 0. -8.27478536e-004
    2.29754276e-003 9.56861582e-003 0. 2.94433185e-003 0.
    -2.09311978e-003 4.51909937e-003 0. 0. 1.42369140e-003
    8.48557707e-003 0. 0. 0. -2.43371399e-003 1.96095952e-003 0. 0.
    8.34305247e-004 -5.23646246e-004 0. 3.56784277e-003 0. 0. 0. 0.
    5.31162927e-003 0. 0. 0. 1.73172564e-003 0. 2.54836865e-003
    1.93025960e-004 0. 0. 2.81190209e-004 0. 0. 0. 0. 0. 0. 0.
    2.79401289e-003 0. 0. 0. 0. 0. 0. 0. 7.84957840e-004 0.
    3.34537076e-003 0. 0. 4.61098878e-003 0. 1.48058671e-003
    3.58513149e-004 0. 0. 0. 3.50656133e-004 0. 0. 0. 9.41834063e-004 0.
    0. 2.83919764e-003 9.52812668e-004 2.33694387e-004 4.35020449e-003
    0. 1.98791167e-004 0. 0. 0. 0. 3.46750906e-003 0. 0. 0. 0.
    1.07174669e-003 3.91651038e-003 1.58912712e-003 0. 1.65078568e-003
    0. 0. 0. -1.12192798e-003 1.56707305e-003 0. 1.03699829e-004 0. 0.
    6.46372512e-003 0. 0. 0. 1.14284735e-003 -4.70022293e-004 0.
    4.94405278e-004 0. 0. 0. 0. 2.20753625e-003 2.06083612e-004
    4.68131417e-004 0. -4.93828091e-004 6.32297189e-004 7.16545153e-003
    0. -7.68292637e-004 6.10934221e-004 9.26200417e-004 3.16448766e-003
    0. 5.70015376e-003 0. 2.99579930e-003 0. 0. 0. 0. 1.38677442e-002
    5.62249403e-003 2.56209576e-004 -9.14381875e-004 6.17002742e-003
    3.85864405e-003 0. 1.44318258e-003 0. -9.09907219e-004 0. 0. 0.
    5.73926838e-003 0. 1.80428021e-003 0. 0. 9.99626238e-003 0. 0.
    2.20192480e-004 2.83338450e-004 8.02139053e-004 0. 0.
    -1.70511732e-004 -6.99918950e-004 0. 0. 0. 0. 0. -4.77706810e-004 0.
    1.86410849e-003 0. 0. 0. 0. 0. 1.13991345e-003 0. 6.84404001e-003
    4.44834772e-003 0. 0. -1.95906730e-004 1.92217447e-003
    3.30378592e-004 4.61471034e-003 4.06774692e-004 0. 0. 0.
    8.84879101e-003 0. 0. 2.47227261e-004 0. 0. 0. 5.90968085e-003
    6.98005839e-004 6.23166794e-003 4.32643993e-003 2.46398943e-003
    4.82347235e-003 8.01874499e-004 0. 0. 0. 0. 1.07347462e-002
    -6.17169891e-004 2.60018976e-003 0. 0. 3.06320214e-003 0.
    3.14446469e-003 1.54040952e-003 1.52393361e-003 7.74006359e-004 0.
    0. 2.91599520e-003 0. 0. 9.12879070e-004 2.14114529e-003
    1.31126028e-003 1.02258276e-003 1.00966892e-003 0. 0. 0.
    -2.84440722e-003 1.46767136e-003 0. 1.74151803e-003 0. 0. 0. 0.
    -1.09374744e-003 0. 0. 0. 0. 0. 0. 2.53310287e-003 0.
    -1.21965240e-005 0. 1.54566660e-003 1.38019025e-003 0. 0. 0.
    1.68102531e-004 0. 1.01781765e-003 0. 8.05529198e-005
    1.76115800e-003 0. 0. 0. 1.18226209e-003 0. 0. 4.53502033e-003
    1.14599522e-003 0. 0. 3.10574472e-003 0. 1.42191292e-003
    5.40280528e-003 3.02576693e-003 1.37614878e-003 0. 0.
    1.80822529e-003 0. 1.49974506e-002 1.61521032e-003 1.62597327e-003
    0. 1.75022765e-003 0. 1.69970456e-003 -1.56992042e-004
    9.82846017e-004 0. 0. 0. 2.55929539e-003 0. 0. 0. 0. 0. 0. 0.
    3.61393177e-004 0. 0. -8.59844964e-004 0. 1.30046799e-003
    1.53458095e-003 2.30727205e-003 0. 0. 0. 0. 0. 2.78242421e-003
    1.53092830e-003 0. 8.15015868e-004 0. 0. 0. -2.55456916e-003
    3.21194855e-003 9.24694177e-004 0. 1.61334826e-003 2.72763963e-003
    1.84478518e-003 0. 0. 0. 1.71495636e-003 0. 0. 9.13582742e-004 0.
    2.16747052e-003 -9.15698649e-004 4.84985299e-003 -9.17689642e-004
    4.14036401e-003 0. 3.45079298e-003 0. 3.95434629e-003
    1.49906916e-003 -8.94945624e-005 2.85750302e-003 -2.16753269e-003
    1.63156167e-003 3.19737568e-003 0. 0. 0. -6.31920178e-004 0.
    2.68007303e-003 0. 0. -1.03806553e-003 0. 0. 2.84633110e-003
    2.92430655e-003 3.12981079e-004 -1.27813697e-003 5.46509912e-003 0.
    3.52277675e-005 0. 0. 1.00346969e-003 2.24041217e-003 0.
    -1.95558509e-003 1.32418098e-003 0. 0. 0. 0. 4.34606074e-004 0.
    9.40234895e-005 6.37035677e-003 2.21401709e-003 5.74569509e-004 0.
    0. 0. 0. 1.98336528e-003 5.61779691e-003 2.31518340e-003 0. 0. 0. 0.
    0. -7.61272036e-004 4.08449629e-003 2.09892145e-003 0. 0.
    1.38839195e-002 3.46966810e-003 0. -9.28017253e-004 0. 0.
    1.47771323e-003 2.72139581e-003 2.13665888e-004 7.66053738e-004
    4.10988834e-003 0. 0. 9.79860313e-004 6.76633464e-003
    6.74759224e-003 0. 0. 0. 0. 0. 1.18433626e-003 2.84779514e-003
    1.37105379e-002 0. 7.33077060e-003 0. 0. 6.64539693e-004 0. 0.
    -1.00964610e-003 1.74124236e-003 1.77185179e-003 0. 0. 0.
    9.49719513e-004 0. 5.79466461e-004 1.54515367e-003 0. 0.
    1.52193615e-003 3.06003261e-003 2.71325745e-003 0. 0. 0. 0. 0. 0. 0.
    1.18164159e-003 4.99045197e-003 -3.90886934e-003 3.96932522e-003 0.
    -1.68604625e-003 5.90790575e-003 0. 6.00431953e-003 1.13485625e-003
    0. 0. 4.96454828e-004 -2.92847399e-003 9.95702576e-004
    7.26728642e-004 1.37147447e-003 4.22026496e-003 1.27952150e-003 0.
    0. 0. 4.64836456e-004 0. 0. 1.84839382e-003 8.26749485e-004 0.
    1.61804643e-003 1.32029492e-003 6.99559576e-004 1.49467336e-002 0.
    0. 0. 4.93405666e-003 0. 0. 0. 0. 0. 0. 5.06120501e-003 0. 0. 0.
    1.24366488e-003 0. 2.12474470e-003 0. 1.43516692e-003
    3.43154860e-003 1.65297737e-004 1.74067903e-003 3.75346397e-003
    3.71955661e-003 0. 1.06735993e-003 0. 0. 3.82927060e-003
    1.07672147e-003 0. 0. 0. 0. 0. 7.64912134e-003 0. 0. 1.07458560e-003
    3.73936119e-003 0. 0. 0. 0. 0. 0. 0. 1.06472697e-003 0. 0.
    3.17838858e-003 0. -4.12726833e-004 2.34489329e-003 5.86858834e-004
    1.26812712e-003 0. 0. -5.66438481e-004 -2.03753053e-003
    4.56603803e-003 1.89845369e-003 0. 0. 0. 2.84720049e-003 0.
    2.36309483e-003 0. 0. 5.83090913e-003 0. 0. 0. 0. 0. 0. 0.
    2.99317110e-003 7.80036347e-003 1.53601414e-003 1.64224906e-003
    1.19654753e-003 5.06875478e-003 0. 0. 0. 9.24007327e-004 0. 0.
    1.77200709e-003 -1.33166017e-004 0. 0. 2.87627941e-003 0.
    2.19227071e-003 2.17559093e-004 0. 0. 0. 0. 0. 3.45532526e-003 0. 0.
    0. -1.80882134e-003 0. 0. 1.20240198e-002 -1.22864381e-003
    2.97906203e-003 1.13417616e-003 -2.03995907e-004 0. 1.40952191e-003
    0. 0. 7.63386837e-004 0. 0. 0. 0. 4.74799098e-003 0. 0. 0. 0. 0. 0.
