<?xml version="1.0"?>
<opencv_storage>
<imageDescriptor type_id="opencv-matrix">
  <rows>1</rows>
  <cols>1000</cols>
  <dt>f</dt>
  <data>
    3.62465926e-003 2.44130893e-003 2.68450892e-003 0. 0.
    2.76189717e-003 0. 0. 2.22015218e-003 0. -2.30685016e-003
    2.05259142e-003 2.37297150e-003 7.50751758e-004 2.77027534e-003
    1.56918447e-003 6.59558037e-003 0. 0. 0. 0. 0. 3.15312966e-004 0.
    5.61343040e-003 2.61862366e-003 4.37434297e-003 4.03931306e-004 0.
    0. 0. 3.18318559e-003 1.28708454e-003 0. 0. 0. 2.03306763e-003 0.
    -1.17493991e-003 0. 6.64183171e-003 4.52026259e-003 2.27582036e-003
    0. 6.55624550e-004 0. 0. -1.53292895e-005 -6.78957964e-004
    2.76507554e-003 0. 1.58678219e-002 -1.07825478e-003 0.
    5.93747990e-003 0. 0. 0. 0. -1.79060444e-003 -7.53494911e-004
    1.77309138e-003 9.79299773e-004 1.37786428e-003 0. 2.05278723e-003
    -4.39656898e-004 0. 0. -4.18171985e-004 2.68947915e-003
    -3.59675800e-003 0. 1.00356145e-002 0. 1.98705634e-003
    1.54141767e-003 -3.44152621e-004 0. 4.85239376e-004 0. 0. 0.
    8.70514137e-004 4.61570732e-003 1.68906746e-003 5.67935733e-003
    2.61615659e-003 1.07448897e-004 0. 4.01961943e-003 -1.84990279e-003
    0. 1.48366275e-003 1.10493228e-003 0. 0. 3.07324179e-003
    1.42558641e-003 0. 2.31645000e-003 0. 0. 0. 0. 0. 0. 0.
    6.06973656e-003 0. -1.80464758e-005 0. 1.43088051e-003 0.
    1.21627795e-003 3.44366999e-004 4.07215487e-003 0. 2.28415985e-004
    0. 0. 1.58853899e-003 0. 0. -1.00077933e-003 1.91186043e-003 0.
    -7.33740671e-005 0. 0. -1.24184553e-005 0. 0. 0. 0. 0.
    7.19234638e-004 4.03808430e-003 0. -7.66975863e-004 0. 0.
    -1.36471761e-004 0. 0. 0. 7.31868809e-003 1.10493344e-003 0.
    1.82827504e-003 0. 0. -2.44597584e-004 -4.35130292e-004
    1.37260172e-003 0. 0. 0. 1.04337663e-003 0. 1.85982464e-003 0.
    1.28446845e-003 0. 0. 0. 5.04879223e-004 0. 1.39585901e-002 0.
    1.14044046e-003 1.81669241e-003 0. 0. 8.14431871e-004 0.
    -2.36452513e-004 -1.28597254e-003 0. 5.23125846e-003 0. 0.
    4.59532108e-004 0. 0. 0. 1.01634196e-003 4.70578932e-004
    4.23459196e-003 0. 4.10865154e-003 0. 1.27119361e-003 0.
    -1.50896213e-003 8.67395941e-003 -1.02817453e-003 4.43392759e-003
    4.59343288e-003 1.02162317e-004 0. -2.13678228e-003 5.50655555e-003
    1.86764705e-003 0. 0. -3.92021029e-005 3.31137725e-003 0.
    1.39823491e-002 2.96430604e-004 2.39164266e-003 2.23977282e-003 0.
    0. 0. 0. 0. 0. 0. 0. 0. 6.50304696e-003 4.79878299e-003
    1.03450380e-003 0. 4.35300823e-003 0. 0. 1.65084633e-003
    3.80367041e-003 6.02072757e-003 0. -5.12999529e-003 0.
    4.25268058e-003 0. 0. -5.09015343e-004 6.16240257e-004 0.
    3.19443340e-003 1.41439703e-003 0. 0. 4.26223036e-003 0. 0. 0.
    -7.46177175e-005 0. 0. -1.70155763e-004 0. 1.41193159e-003 0.
    -6.76101656e-004 0. 1.18166115e-002 0. 2.77806306e-003 0.
    2.00671144e-003 8.83917033e-004 2.80229375e-003 1.23372965e-003 0.
    0. 1.22614810e-003 1.14092033e-003 -3.68203531e-004 1.38363661e-003
    3.64839542e-003 0. 1.28935534e-003 0. 1.26214989e-003 0. 0. 0.
    1.28774715e-004 0. 3.24354362e-004 3.84870870e-003 1.81936624e-003
    0. 0. 1.12652010e-003 0. 0. 0. -4.58208204e-004 0. 0. 0.
    7.38839328e-004 -1.39220653e-003 5.06450422e-003 0. 0.
    6.09115697e-004 0. 1.71078113e-003 2.40019741e-004 -4.39832453e-004
    -1.47480778e-005 5.63315931e-004 0. 0. 2.04656579e-004 0. 0.
    8.37754179e-003 -3.53398093e-004 3.26890033e-003 -1.45702128e-004
    6.15431811e-004 4.83953074e-004 5.68928523e-003 3.87673237e-004
    2.27319333e-003 0. 0. 0. 8.20109562e-004 4.86055715e-003
    4.26385505e-003 0. 0. 4.53897007e-003 2.81016272e-003 0.
    1.00345649e-002 3.14918510e-003 3.88239208e-003 4.50366642e-004
    3.38910683e-003 1.25660037e-003 1.28949818e-003 7.97608984e-004 0.
    0. 0. 0. 1.72078749e-003 6.83472166e-003 0. 5.90506196e-003
    1.31202477e-003 1.74517848e-003 0. 0. 3.33845476e-003 0. 0.
    -6.46801709e-005 1.50556304e-003 0. 3.16443067e-004 0.
    1.98255118e-004 0. 5.34903165e-003 6.25025202e-003 0.
    1.30583451e-003 0. 0. 2.25307210e-003 0. 1.14252977e-003 0. 0.
    7.19128817e-004 0. 0. 0. 1.06047967e-003 0. 0. -9.26080917e-004 0.
    0. 0. -2.82650930e-004 -2.44857254e-003 0. -3.24106688e-004 0. 0. 0.
    -4.08491032e-005 0. 1.44769694e-003 0. 3.01270909e-003
    1.05809467e-003 6.37196889e-003 0. 0. 0. -1.06132415e-003
    9.18033812e-003 0. 9.64093662e-004 0. 0. 0. 0. 0. -3.80510501e-005
    0. 0. 1.54956512e-003 0. 2.62959884e-003 0. -2.01275805e-004
    3.90922505e-004 7.65984994e-004 2.60417489e-003 2.66532181e-003 0.
    3.43002821e-003 0. 2.22125370e-003 0. 0. 0. 4.04351810e-003 0.
    1.03453537e-002 0. 0. 0. 0. 0. 0. 0. 0. 0. 0. 0. 2.95968377e-003 0.
    0. 5.41404122e-003 0. 0. 0. 8.99785024e-004 1.10813905e-003 0. 0.
    5.10609848e-003 0. 1.24158640e-003 2.98403366e-003 0. 0. 0.
    7.46368477e-003 0. 3.48618050e-004 0. 5.05070726e-004 0. 0. 0.
    1.85379235e-003 2.61905813e-003 0. -3.20420542e-004 0. 0.
    1.80581247e-003 9.08805151e-003 2.43768608e-003 3.32945236e-003 0.
    0. 4.11735469e-004 9.60159674e-003 0. 0. 2.84395821e-004 0.
    6.79178920e-004 1.79747946e-003 0. 0. 0. 0. 0. 0. 0. 8.37348460e-004
    9.56531789e-004 0. -7.79517941e-005 0. 0. 0. -7.01500801e-004
    1.04795005e-002 0. 0. -1.61093500e-004 0. 0. 1.00644235e-003
    9.75660107e-004 4.37784987e-003 0. 6.85748237e-004 0.
    -1.64720172e-003 2.03052274e-004 0. 0. 5.29644452e-003 0.
    6.83407532e-003 -2.76945884e-005 4.03088937e-003 1.41357945e-003 0.
    0. 1.80751050e-003 1.30584266e-003 0. 6.48613507e-003
    1.15035044e-003 0. 1.60770945e-003 -2.10240320e-003 3.32002365e-003
    2.45891232e-003 1.15212367e-003 2.23122491e-003 0. -5.32082107e-004
    8.97485763e-004 0. 0. 1.91536301e-003 3.15693929e-003 0. 0.
    9.80951265e-003 0. 6.30035857e-003 0. 0. 0. 0. 0. 0. 0. 0. 0.
    -2.21224013e-003 0. 1.17043254e-003 0. 0. 0. 3.37671459e-004 0. 0.
    1.31050346e-003 0. 9.88975284e-004 0. 1.96327409e-003
    1.18708657e-003 0. 0. 0. 7.12713285e-004 -4.17530828e-004 0. 0.
    -1.04259909e-003 0. 0. 0. 0. 7.85705051e-004 0. 0. 0. 0.
    5.82664157e-004 -1.41972152e-003 0. 0. 0. 7.59494305e-003
    1.05950283e-003 0. 0. 0. 1.64634420e-003 0. -3.12923477e-003
    1.97009230e-003 -6.72049820e-004 0. 3.12771095e-004 0.
    3.60944518e-003 4.02018661e-003 4.58083785e-004 1.90763932e-003
    2.78715650e-003 0. 5.08324150e-003 0. 0. -2.01172614e-003 0. 0.
    4.49890783e-003 0. 1.81988534e-003 3.47484543e-004 -4.30923043e-004
    0. 1.34396239e-003 8.31754063e-004 0. 0. 0. 3.70051828e-003
    5.80015694e-005 1.35372626e-002 0. 7.31152657e-004 1.61022064e-003
    0. 0. 4.29350417e-003 6.92973845e-004 0. 0. 0. 1.23004161e-003 0.
    -2.63483613e-003 0. 1.13069322e-002 0. 5.14925411e-003
    1.75209309e-003 5.05658658e-003 -5.55570121e-004 4.04957263e-003
    2.87816650e-003 4.14270628e-003 2.02696491e-003 2.35390995e-004 0.
    0. 0. 0. 0. 0. 2.86329864e-003 0. -9.48270026e-005 1.77134178e-003
    -2.15277596e-005 9.20745544e-004 0. 0. 0. 3.52369901e-003 0.
    -1.30760518e-003 1.19683403e-003 4.03480558e-003 1.42584136e-003
    3.21944407e-003 0. 3.79976700e-003 0. 0. 0. 1.42181772e-004 0. 0. 0.
    1.87737378e-003 0. 3.46130691e-003 1.21234928e-003 2.21328530e-003
    0. 9.11798212e-004 4.10909124e-004 0. 0. 2.56794202e-003
    1.67250703e-003 1.26179389e-003 3.40107596e-004 1.61101914e-003
    1.01225656e-002 2.41579444e-004 0. 0. 3.36977630e-003
    1.38401438e-003 0. 0. 0. 0. 2.20790948e-003 0. 0. -9.56453907e-004
    -7.83887983e-004 0. 0. 0. 0. 1.56694534e-003 0. 0. 0.
    2.16769893e-003 0. 0. 0. 0. 2.33653747e-003 4.51572356e-004 0. 0. 0.
    6.63151208e-004 -3.50261980e-004 0. 3.40783765e-004 0. 0. 0. 0. 0.
    1.06000481e-003 0. -1.39721553e-003 7.67007936e-003 0. 0. 0. 0. 0.
    2.07146353e-004 0. 0. 1.62638840e-003 1.19396078e-003 0.
    1.26285816e-003 -5.52529120e-004 5.90913789e-003 0. 1.19181769e-003
    0. 0. 0. 4.75511327e-003 5.32946549e-003 0. 0. 0. 2.06007436e-003 0.
