<?xml version="1.0"?>
<opencv_storage>
<imageDescriptor type_id="opencv-matrix">
  <rows>1</rows>
  <cols>1000</cols>
  <dt>f</dt>
  <data>
    3.08006559e-003 0. 7.47853843e-003 0. 0. -1.95695646e-003
    -2.67835846e-003 6.50430564e-004 2.46261508e-004 0. 0.
    1.52563723e-003 1.58053532e-003 0. 0. 5.70228137e-003
    2.51897331e-003 2.80513079e-003 0. 0. 0. 0. 0. 0. 5.55204169e-004
    6.54857024e-004 1.62373681e-003 0. 0. 0. 3.38890729e-003
    1.61456072e-003 0. 0. -8.27131700e-003 8.94713099e-004
    3.58039699e-003 3.70657840e-003 0. -3.89817142e-004 -3.62819323e-004
    0. 7.13010086e-004 2.61344877e-003 0. 0. 0. 0. 4.79524955e-003 0.
    1.91768457e-003 0. -2.11401144e-003 2.74811685e-003 1.64679834e-003
    2.29536113e-003 0. 0. 4.40168288e-003 2.25229189e-003 0. 0. 0. 0. 0.
    4.10563638e-003 8.56796687e-004 0. 1.86211255e-003 2.41863338e-004
    0. 3.92888003e-004 0. 0. 0. 5.04598022e-003 3.77986202e-004 0. 0.
    1.85054215e-003 0. 0. 0. 0. 3.61985248e-003 4.72102733e-003
    8.52901256e-004 8.64944595e-004 1.46132347e-003 -4.46676859e-004
    -8.93424905e-004 0. 0. 2.10545026e-003 0. 0. 5.32104587e-003 0. 0.
    5.13206585e-004 0. 0. 0. 0. 0. 3.71789164e-003 8.47762276e-005
    1.47562788e-003 0. 0. 0. 4.19587083e-003 9.85495164e-004
    4.06482694e-004 0. 2.04271078e-003 0. 0. 0. 4.67248354e-003 0. 0.
    1.72537577e-003 2.84347264e-003 0. 6.41634502e-003 3.52207981e-002
    0. 0. 2.41371017e-004 -2.33961549e-003 0. 0. 1.89592596e-003
    2.87708780e-003 3.07028019e-003 0. -1.02070544e-003 0. 0.
    -6.94155926e-004 5.67212119e-004 0. 0. 0. 0. 1.91423192e-003 0.
    1.68018264e-003 0. 0. 0. 4.47688857e-003 7.27471896e-003
    7.90803786e-003 0. 2.73182639e-003 0. 2.22237385e-003 0. 0. 0. 0. 0.
    0. 0. 0. 0. -3.83581803e-003 0. 0. 2.07968010e-003 0.
    8.13429011e-004 0. 0. 0. 2.37518386e-003 1.81619287e-003
    2.75539409e-004 0. 0. 1.31808710e-003 2.19387584e-003 0. 0.
    1.42142281e-003 0. 0. 0. -5.31703292e-004 3.31779988e-003
    6.73617469e-003 0. -6.51500071e-004 0. 1.62530062e-003
    2.65687355e-003 -4.63030272e-004 0. 1.77518965e-003 0. 0. 0. 0.
    1.59817006e-004 0. -3.18659324e-004 0. 0. 2.90993997e-003 0.
    7.82574527e-004 0. -2.78739637e-004 0. 6.64330693e-003
    7.96398707e-003 0. 0. 0. 0. 0. 0. 0. -5.46589843e-004 0. 0.
    3.53665790e-003 0. 0. 3.88002978e-003 4.17416682e-003
    -2.62308889e-003 0. 0. 0. 0. 2.47354177e-003 3.12687154e-003 0. 0.
    -9.44611675e-004 0. 0. 0. 5.34705678e-003 0. 0. 1.17867801e-003 0.
    0. 0. 1.73246476e-003 4.93920362e-003 0. 0. -1.61125360e-003 0.
    3.55725270e-003 8.59144318e-004 0. 0. 0. -1.14417099e-003
    5.80773340e-004 0. -3.14573385e-003 0. 0. 9.11184878e-004
    1.27725059e-003 0. 0. 0. 1.33615080e-003 1.23762130e-003 0. 0. 0.
    -2.29201120e-004 -1.46137230e-004 0. 0. 0. -2.67743994e-003 0.
    1.93546654e-003 0. 5.78919135e-004 0. 0. 2.36028247e-003
    2.12622900e-003 0. 1.72797265e-003 0. 1.07983472e-002 0.
    1.60870492e-003 0. 0. 0. 8.84629041e-003 0. 0. -3.22967069e-003 0.
    0. 0. 0. 0. 0. 1.80053525e-003 0. 0. 7.80203054e-003
    -1.23802060e-003 6.46298053e-003 5.18185366e-003 -5.62116387e-004 0.
    0. 1.34033628e-003 0. -3.12510319e-003 1.84755470e-003
    3.16744880e-003 7.47016456e-004 0. 7.42323464e-004 0.
    1.06110536e-002 0. 0. 0. 1.58962479e-003 0. 2.42216140e-003 0. 0.
    5.87140629e-003 1.90334150e-003 5.75194426e-004 0. 0.
    2.85237469e-003 0. 0. 0. 7.41088996e-003 8.44931055e-004 0. 0. 0.
    1.91719795e-003 0. 0. 0. 0. 2.98382854e-003 3.24512739e-003
    1.14956601e-002 1.06477086e-003 0. 0. 0. 9.65170376e-003
    6.73557442e-005 0. 0. 1.39000174e-003 0. 2.30198773e-003 0. 0. 0.
    -4.95076529e-004 0. 2.87170033e-003 3.07641784e-003 0.
    7.86520261e-003 0. 4.79492266e-003 2.54029711e-003 0. 0. 0. 0. 0.
    3.28262453e-003 0. 0. 0. 1.49857311e-003 6.22937863e-004 0. 0. 0.
    2.52277940e-003 7.45865749e-004 0. 9.10868766e-005 2.61791237e-003
    0. 0. 2.84012547e-003 2.59849080e-003 2.97208480e-003 0. 0. 0.
    1.12404511e-003 0. -4.31708700e-004 0. 0. 0. 0. 0. 0. 0.
    1.02637121e-002 1.20852084e-003 0. -1.28045896e-004 1.16291493e-002
    0. 0. 0. -1.41381682e-003 4.27752081e-003 0. 0. 7.20157928e-004 0.
    0. 1.19348697e-003 0. 0. 0. 0. 0. 1.81945856e-003 0. 0.
    -1.12966707e-004 0. 0. 0. 0. 0. 2.09720642e-003 8.97212420e-003 0.
    0. 0. 0. 3.19335447e-003 0. 5.27207926e-003 1.34171045e-003
    -3.39938648e-004 0. 0. 0. 2.85915355e-003 5.12411862e-005 0.
    1.45635556e-003 0. 0. 3.12419084e-004 1.11580233e-003 0. 0. 0. 0. 0.
    3.74698360e-003 0. 2.44554132e-003 2.88042473e-003 1.49523222e-003
    0. 0. 7.90918246e-003 0. 1.30384171e-003 0. 0. 6.85708772e-004 0. 0.
    0. 0. 0. 0. 0. 0. 1.84828718e-003 2.01904541e-003 4.91856923e-003 0.
    0. 0. 2.85362895e-003 0. 3.85389151e-003 0. 8.42273608e-003
    1.11430709e-003 3.19053931e-003 0. 0. 0. 0. 0. 0. 0. 0.
    1.68550503e-003 0. 0. 0. 2.76848371e-003 0. 2.96373549e-003 0.
    8.63223150e-003 1.47881510e-003 2.57421820e-003 0. 0.
    1.10706303e-003 0. 0. 0. 0. 0. 1.02975103e-003 4.19874024e-003 0.
    1.04114776e-002 2.49681715e-003 0. 0. 2.06518895e-003
    1.64251670e-003 0. 0. 0. 0. 4.21325723e-003 1.07969507e-003 0. 0. 0.
    4.09833714e-003 0. 5.43699542e-004 2.72227707e-003 1.00771487e-002
    0. 3.95685062e-003 0. 0. 0. 7.99418252e-004 0. 0. 0. 1.75410807e-002
    0. 6.04713988e-003 0. 0. 0. 1.44579192e-003 1.64274161e-003
    -1.03892514e-003 0. 5.17471042e-003 0. 0. 0. 0. 4.73666750e-003
    1.92248798e-003 2.16966704e-003 0. 1.69691201e-002 3.07331420e-003
    -4.04166931e-004 1.42012618e-003 0. 0. 2.91133299e-003 0. 0.
    1.25078894e-002 0. 5.51245583e-004 0. 0. 5.65749081e-003
    5.23725571e-003 0. 1.56204822e-003 0. 0. -4.01416980e-003
    5.54324593e-003 0. 0. -5.79595391e-004 2.48131924e-003 0.
    5.19830128e-003 -4.04006394e-004 7.15092639e-004 0. 1.52604398e-003
    9.04266350e-003 0. 0. -1.07317045e-003 0. 0. -1.22267462e-003
    1.15362031e-003 0. -7.74446235e-004 0. 7.94084091e-003 0. 0.
    2.62497133e-003 0. 4.02436405e-003 0. 0. 4.08082129e-003
    1.70469482e-003 0. -1.08735496e-003 -1.55643839e-003 1.79850974e-003
    -2.79304269e-003 0. 8.45952518e-003 0. 0. 0. 0. 0. 0.
    1.19282014e-003 0. 3.42015503e-003 0. 0. 0. 2.21979152e-003 0. 0.
    2.99747614e-003 1.87492685e-003 6.81928475e-004 0. 0.
    9.23530170e-005 0. 0. 0. 1.45021407e-003 2.97997706e-003 0. 0. 0. 0.
    3.88448150e-003 0. 0. 0. 1.22512202e-003 0. 0. 1.49730956e-002 0. 0.
    5.39376400e-003 9.08543007e-005 0. 3.51080042e-003 0.
    -7.04066246e-004 -5.23350376e-004 0. 1.17489100e-002 1.96281588e-003
    0. 0. 0. 0. 1.96717563e-003 0. 0. 0. 1.76691869e-003 0.
    8.69291369e-004 0. 0. 0. 0. 0. -7.18964497e-004 0. -4.17229580e-003
    2.95701693e-003 6.91450201e-004 1.78610929e-003 -3.16012738e-004 0.
    0. 0. 0. 0. 0. 0. 0. 0. 0. 6.63418206e-004 0. 0. 4.97741625e-004 0.
    2.85535096e-003 0. 0. 6.55942829e-003 0. 2.05484359e-003 0. 0.
    2.55873217e-003 5.49939345e-004 1.04088848e-003 0. -1.96748599e-003
    -1.51728094e-003 0. 0. 4.97828191e-003 0. 1.64834585e-003 0. 0. 0.
    0. -3.12109682e-004 0. 0. 3.87764839e-003 5.51263988e-003
    8.27002921e-004 3.54362372e-003 3.61275929e-003 0. 0.
    2.76342942e-003 -1.26949279e-003 -3.92406160e-004 1.52289344e-003
    4.31312388e-003 0. 0. 3.87878797e-004 0. 0. 1.33330782e-003 0.
    -5.15891996e-004 0. 0. 0. 4.51622205e-003 0. 0. 1.89522759e-003
    2.90770805e-003 1.50001829e-003 -3.40463739e-004 0. 0.
    6.87985739e-004 0. 0. 3.78654897e-003 1.29815028e-003 0. 0.
    6.88152714e-003 0. 0. 0. 0. 0. 2.27539707e-003 0. 0. 0. 0. 0. 0. 0.
    0. 1.60567381e-003 0. 1.23050129e-002 0. 0. 1.39252571e-002 0. 0.
    1.44679751e-003 0. 0. 0. 0. 0. 0. 0. 0. 0. 0. 0. 0. 0. 0. 0.
    -1.02489942e-003 0. 5.99087740e-004 -6.38294208e-004 0. 0.
    2.53100763e-003 0. 2.78833671e-003 6.95738057e-003 0. 0. 0.
    1.07562188e-002 0. 1.79684919e-003 0. 0. 0. 0. 0. 0. 0. 0. 0. 0.
    1.20707590e-003 0. -5.63359645e-004 4.05647932e-003 0.
