<?xml version="1.0"?>
<opencv_storage>
<imageDescriptor type_id="opencv-matrix">
  <rows>1</rows>
  <cols>1000</cols>
  <dt>f</dt>
  <data>
    0. 0. 7.17545161e-003 0. 0. 0. -1.72634632e-003 0. 5.05906483e-003
    0. 0. 0. 0. 0. 6.59992825e-003 0. 5.17996727e-004 1.69279007e-003 0.
    0. 0. 2.87033181e-004 0. 0. 2.45979265e-003 0. 4.25582007e-003 0. 0.
    0. 7.55098881e-004 0. 1.85790122e-003 0. 0. 6.25325833e-004 0. 0.
    7.92151783e-003 3.59833444e-004 0. 0. 1.59390841e-003 0. 0. 0.
    3.12320841e-003 0. 0. 0. 0. 0. 1.93958031e-003 0. 1.70652929e-004 0.
    0. 0. 1.92910992e-003 0. 4.01962223e-003 4.30825213e-003 0. 0.
    1.66952063e-003 2.32868828e-003 0. 0. 0. 0. 0. -1.86076644e-003 0.
    1.00907311e-003 0. 4.09021275e-003 0. 0. 0. 0. 0. 0. 4.84553864e-003
    0. 0. 0. 0. 0. 0. 0. 0. 1.76077231e-003 0. 0. 5.00645768e-003 0. 0.
    1.14622815e-002 0. 9.09051578e-003 0. 0. 0. 0. -4.15203953e-003
    2.35549081e-003 3.91764287e-003 0. 0. 0. -2.95453821e-003 0. 0. 0.
    7.00701587e-003 0. 4.00840770e-003 0. 8.50460608e-004
    7.81316252e-004 2.58482620e-003 0. 2.33721081e-003 0.
    3.69878922e-004 -1.55861967e-003 2.66529853e-003 0. 0. 0.
    -2.96553434e-003 1.49678753e-003 2.55536800e-003 0. 0.
    2.44882097e-003 0. 0. 0. -2.46013893e-004 0. 0. 0. 0. 0. 0.
    1.26443407e-003 0. 6.24309934e-004 0. 0. 0. -7.29474006e-004 0.
    -7.16811337e-004 7.87208322e-003 -1.86323340e-003 4.31712810e-003
    6.92914613e-003 1.76616898e-003 2.30851676e-003 0. 0. 0. 0.
    1.10303785e-003 0. 0. 2.49282643e-003 0. 0. 0. 4.45701517e-005 0.
    5.17863489e-004 0. 1.91633881e-003 0. 0. 0. 0. 0. 0. 1.73445721e-003
    0. 4.39336902e-004 0. 4.72503481e-004 0. 7.77859183e-004 0.
    5.42805251e-003 1.20249288e-002 0. 5.53708244e-003 7.61231454e-003
    0. 0. -1.07489224e-003 0. 1.06189656e-003 -1.63768639e-003 0.
    3.08017916e-004 0. 0. -3.02035012e-004 0. 0. 0. 0. 0. 0. 0. 0.
    1.79594930e-003 4.70105279e-003 2.34170887e-003 1.51577382e-003 0.
    0. 0. 3.75353801e-003 3.78671195e-003 0. 1.00384746e-002
    1.99994631e-003 0. 0. 0. 0. 4.51681204e-004 8.70420015e-004
    -4.46808233e-004 0. 0. 0. 0. 0. 0. 0. 1.07188977e-003
    9.48055007e-004 0. 0. 3.08155268e-003 0. 5.74952166e-004 0. 0. 0.
    -5.02506446e-004 2.09715241e-003 0. 6.21726643e-003 1.92289241e-003
    0. 0. -8.18547327e-004 0. 1.93780055e-003 0. 0. 0. 0. 0.
    -4.35629539e-004 0. -2.07243720e-003 0. 0. 7.41393445e-003 0.
    6.69758942e-004 2.91327690e-003 0. 0. 0. 0. 0. 0. 8.99110280e-004 0.
    0. 5.42798953e-004 0. 0. 0. 0. 2.30947300e-003 0. 0. 7.84147298e-004
    0. 0. 0. 1.34214945e-003 7.52316701e-005 0. 0. 0. 4.01537167e-003 0.
    0. 0. -5.43428003e-004 0. 3.60863912e-003 0. 0. 0. 2.47380300e-003
    1.43585040e-003 0. 9.83473565e-003 0. 2.13591754e-003 0. 0.
    1.76559552e-003 5.52997645e-003 -3.48392641e-004 3.60963540e-003
    2.04227329e-003 1.81594177e-003 1.77362619e-003 0. 0. 0. 0.
    1.45048113e-003 0. 8.91456846e-004 2.03433982e-003 0.
    -3.48190893e-004 0. 0. 7.99187645e-003 2.01204442e-003 0. 0.
    -2.04408332e-003 0. 1.75820454e-003 0. 0. 0. 0. 9.53990675e-004 0.
    0. 7.66985002e-004 4.64804034e-004 0. 0. -2.52222468e-004 0. 0.
    1.63673086e-003 0. 6.30347803e-003 0. 8.08913913e-003 0.
    -3.08536831e-003 0. 5.05389739e-003 0. 2.02081352e-003 0. 0.
    1.14110205e-003 0. 0. 0. 0. 0. 0. 0. -1.64412922e-004 0. 0. 0. 0.
    -1.81570137e-003 0. 1.38757215e-003 0. 0. 0. 0. 0. 0. 0. 0.
    1.87794142e-003 2.21111206e-003 0. 0. 1.06434745e-003 0. 0.
    2.86406279e-003 2.05187150e-003 0. 1.28747802e-003 3.09439888e-003
    0. 0. 1.06267957e-002 4.37365146e-003 0. -2.80987914e-003 0. 0. 0.
    0. 0. 0. -7.39279145e-004 8.44437920e-004 4.37892182e-003
    3.04982252e-003 1.83062954e-003 2.66817492e-003 1.34518929e-003
    6.14965381e-003 3.79147910e-004 0. 0. 0. 1.96837820e-003 0. 0. 0. 0.
    2.45447806e-003 4.74550965e-004 0. 1.25312619e-003 0. 0. 0. 0. 0. 0.
    0. 1.30938564e-003 0. 6.20828534e-004 0. 0. 5.40979067e-003
    4.34262585e-003 0. 0. 0. 0. 1.05714111e-003 2.17575696e-003
    -1.00967439e-003 0. 1.85439375e-003 0. 0. 0. 0. 0. 0.
    5.25744958e-003 0. 1.50910567e-003 -2.26769145e-004 5.94155351e-003
    1.42855337e-004 0. 0. 0. 5.84132387e-004 3.49926449e-005 0.
    -2.91687855e-003 0. 0. 0. 0. 0. 2.63642473e-003 0. 0.
    -3.75231914e-003 0. 0. 0. 0. 0. 0. 1.05657720e-003 8.90814979e-003
    0. 0. -3.29441944e-004 0. 9.05483868e-003 6.42799889e-004
    2.33690278e-003 5.44016948e-003 1.94929400e-003 -1.62750031e-004 0.
    0. 2.20337091e-003 0. 0. 0. 6.67437271e-004 3.68256727e-003 0. 0. 0.
    0. 0. 7.39871012e-003 6.59538433e-004 0. 6.35177596e-003 0.
    3.51456478e-002 -2.82194902e-004 0. 6.37896126e-003 -2.07474353e-004
    -1.17223943e-003 1.43176108e-003 0. 0. 1.90901558e-003
    3.27745243e-003 0. 0. 2.04620976e-003 4.71183984e-003 0. 0.
    -9.04976216e-004 0. 0. -1.73090579e-004 0. 0. 0. 0. 0. 0. 0.
    1.03686051e-003 3.12014110e-003 7.34687224e-003 -1.74129021e-003 0.
    0. 4.20883793e-004 0. 0. 0. 0. 7.56058190e-003 0. 0. 0. 0.
    -9.20651655e-006 1.37479015e-004 3.08689475e-003 0. 0. 0. 0.
    2.98878604e-005 0. 0. 0. 1.03249745e-002 0. 0. 0. 1.50620064e-003 0.
    0. 0. 0. 0. 0. 1.67241425e-003 0. 0. 0. 0. -1.78482570e-003 0.
    1.53601589e-003 0. 0. 7.83015916e-004 0. -1.29636799e-004 0.
    9.09667276e-003 0. 0. 0. 6.47081342e-003 0. 0. 0. 0. 0. 0.
    1.62501400e-003 1.54552539e-003 0. 0. -1.25824226e-004
    5.70299430e-003 0. 0. 0. 2.64313072e-003 0. 0. 0. 0. 0. 0.
    9.67486016e-003 4.42375010e-003 -1.47288747e-003 0. 0. 0. 0.
    4.93756088e-005 6.45058043e-003 0. 2.05878634e-003 6.30709901e-003
    0. 0. 4.95133828e-003 0. 3.15865094e-004 0. 0. 0. 1.77658815e-003 0.
    0. 0. 1.99323427e-003 4.38406314e-005 0. 1.66252861e-003 0. 0. 0. 0.
    0. 0. 0. 7.79335736e-004 8.25677346e-003 0. 0. 1.87626501e-004
    1.80496427e-003 -4.12509457e-004 6.73222647e-004 0. 8.15001025e-004
    0. -5.13413048e-004 3.70918796e-003 0. 0. 0. 0. 0. 0.
    6.74053980e-003 0. 5.24473982e-003 3.07902182e-003 0.
    3.82904452e-003 0. 0. 0. 0. 1.57114759e-003 1.04032094e-002
    4.85452497e-003 0. 0. 0. 0. 1.76958682e-004 0. 0. 9.37209465e-003 0.
    0. 0. 0. 0. 2.57178140e-003 0. 0. 4.37451573e-003 0. 3.07976967e-003
    0. -2.76464707e-004 3.65092512e-003 9.70299370e-005 3.44067998e-003
    1.21425767e-003 0. 1.19040674e-003 0. 0. 1.95953436e-003
    1.87076093e-003 3.47062713e-003 4.87483223e-004 3.77159636e-003 0.
    0. 0. 0. -1.47447002e-003 0. 1.31295272e-003 3.96466721e-003
    -2.19818228e-003 0. 0. 2.31812801e-003 2.93041300e-003 0.
    2.93799210e-003 3.21136881e-003 -4.13355744e-003 -9.89423366e-004 0.
    0. 0. 0. 0. 0. 0. 3.82328848e-003 0. 1.41747191e-003 0.
    2.01626495e-003 0. 2.41624471e-003 1.71831192e-003 0. 0. 0.
    1.81129889e-003 4.27673012e-003 0. 0. 8.03062983e-004
    -2.10826215e-003 6.68110093e-004 2.50122300e-003 0. 6.11309137e-004
    0. 4.77584638e-003 0. 0. 0. 0. 0. 0. 0. 0. 6.28204085e-004
    1.25765183e-003 0. 0. 3.40389251e-003 2.49332236e-003 0.
    -2.13946798e-003 0. 1.81210367e-003 0. 0. 0. 0. 0. 0.
    9.32422234e-004 0. 0. 0. 1.05170382e-003 1.40542584e-003
    3.94763844e-003 0. 0. 1.32684864e-003 1.55483198e-003 0. 0. 0. 0.
    4.50414512e-003 0. 1.68335042e-003 1.51890423e-003 5.70966862e-003
    0. 0. 0. 0. -7.41753436e-004 2.35777930e-003 0. 0. 0. 0. 0.
    6.19378593e-003 0. 6.45516440e-003 0. 0. -1.54849642e-003 0. 0. 0.
    5.61162829e-004 1.77577429e-003 0. 0. 3.27822356e-003 0. 0. 0. 0.
    1.32020237e-003 0. 0. 0. 2.33269087e-003 1.54186285e-003
    1.86828990e-003 0. 0. 0. 0. 6.31356984e-003 0. 2.00487295e-004 0. 0.
    0. 0. 3.62597615e-003 0. 6.00585435e-003 0. 0. 0. 0. 0. 0. 0. 0.
    3.18905315e-003 1.78456400e-003 0. 0. 7.49657571e-004
    -1.49968604e-003 0. 0. 0. 0. 2.78569246e-003 9.32472199e-003
    9.87518928e-004 2.55528634e-004 0. 0. 0. 0. 1.25575007e-003 0.
    2.33843992e-003 0. 1.30481739e-003 2.07372522e-003 0. 0.
