<?xml version="1.0"?>
<opencv_storage>
<imageDescriptor type_id="opencv-matrix">
  <rows>1</rows>
  <cols>1000</cols>
  <dt>f</dt>
  <data>
    9.29160975e-004 4.09566658e-003 0. 0. 0. 5.51473233e-004
    -2.06655241e-003 3.63270123e-003 0. 0. 6.68011664e-004
    6.34847849e-004 0. 0. 0. 0. 5.17206918e-003 -9.58358985e-004 0. 0.
    1.95949455e-003 1.60169540e-004 0. 0. 1.80925790e-003
    2.69918540e-003 2.47216434e-003 2.23482656e-003 0. 9.76261857e-004
    1.22202164e-003 3.22801596e-003 1.01447734e-003 0. -1.18455559e-003
    0. -9.20920429e-005 0. -3.69748625e-004 -9.87125677e-004
    -5.13212290e-004 2.87664682e-003 1.76141784e-003 5.16704422e-005 0.
    0. 0. 0. 8.20660032e-004 9.12873482e-004 1.97510957e-003 0.
    6.35949662e-004 0. -4.56912559e-004 3.73680028e-003 0. 0.
    5.33164188e-004 8.88365379e-004 0. -1.20675564e-003 3.04505206e-003
    1.26719121e-002 0. 1.41332368e-003 2.61214143e-003 0. 0.
    2.72962177e-004 7.96836975e-004 1.58943166e-003 0. 2.38123187e-003
    0. 3.90894618e-003 0. 9.85707855e-004 0. 2.68761767e-003 0.
    6.98407937e-004 0. 3.87436175e-003 1.08949863e-003 3.34084267e-003
    1.51386368e-003 6.34295633e-004 3.74627835e-003 0. 0.
    -1.45341997e-004 0. 0. 1.96178118e-003 0. 7.14717200e-004 0.
    6.63673598e-003 0. 0. 1.94977492e-003 0. 2.21467298e-003 0. 0.
    2.20829993e-003 0. 9.63099650e-004 0. 4.63035004e-003 0.
    5.33183338e-003 -3.56617995e-004 3.99896409e-003 -8.89775984e-004
    1.25095085e-003 1.34213013e-003 1.94352993e-003 2.44910317e-003 0.
    0. 1.10679003e-003 1.99307702e-004 2.35212443e-004 -3.44509346e-004
    2.92270514e-003 1.01902883e-003 0. 0. 3.06838518e-003 0. 0.
    1.89922366e-003 0. -7.97869812e-004 0. 2.81193200e-003
    2.04502605e-003 -1.36947306e-003 -2.60930974e-004 0. 1.08367494e-004
    0. 0. 0. 1.56759424e-003 1.49162242e-003 6.90951245e-004 0.
    7.48601218e-004 0. -6.60167207e-005 0. 1.39661727e-003
    1.83860247e-003 -1.04713428e-004 0. -1.66085246e-003 8.13952705e-004
    0. 0. 0. 0. 0. 0. 2.77414569e-003 0. -2.68458331e-004
    2.27694074e-003 0. 8.61891138e-004 0. 0. 1.42540969e-003 0. 0.
    -9.88488900e-005 0. 1.45376998e-003 1.70213683e-003 0.
    2.09603482e-003 2.12590303e-003 0. 0. -3.75752134e-004
    1.87750382e-003 2.22225580e-003 -5.49203651e-005 -7.75420573e-004
    8.37953237e-004 0. 0. 1.87200715e-003 -1.28486264e-003 0.
    -1.03778823e-003 2.35473577e-004 1.27685501e-003 1.91770960e-004
    -1.14515839e-004 6.34576660e-004 -3.34216544e-004 1.37011718e-003 0.
    0. 4.67708241e-003 0. 0. 0. 2.72101187e-003 2.58773705e-003 0. 0.
    2.46316334e-003 3.22302512e-004 6.50845096e-003 3.28584528e-003 0.
    0. 0. 0. 0. 0. 0. 0. 2.58833589e-003 0. 1.28739467e-003 0.
    1.71190384e-003 3.11399321e-003 7.07187632e-004 2.60406383e-003 0.
    -5.50843426e-004 5.93863288e-003 0. 1.87120680e-003 0.
    1.61052705e-003 3.35743243e-005 0. 3.92223272e-004 1.59182446e-003
    -2.88059266e-004 4.30464977e-004 -1.13272537e-004 -5.11385384e-004
    9.42039420e-004 0. 1.29180029e-004 0. -1.05264341e-003
    2.73589510e-003 5.66110364e-004 3.12500214e-003 -7.37794791e-004
    1.05826976e-003 4.11232654e-003 2.35509127e-003 6.41737040e-003
    2.16372102e-003 0. -7.39647716e-004 4.94441530e-003 0.
    2.86732102e-003 0. 0. 9.53221577e-004 -7.54364228e-005
    4.98278998e-003 3.37696099e-003 0. 0. 0. 2.91785836e-004 0.
    2.28921976e-003 0. 0. 1.32818089e-003 2.63070315e-003 0. 0.
    -4.86143585e-003 0. 0. 5.35660482e-004 1.94121472e-004
    -1.08610897e-003 0. 0. 0. 0. 0. 0. 0. 0. 0. 9.24524444e-004
    1.11566414e-003 2.11480726e-003 7.73980573e-004 7.55138579e-004 0.
    1.71122677e-003 6.13754988e-003 7.76990317e-004 0. 2.33500454e-004
    4.51941229e-003 1.51017704e-003 -1.12634290e-004 3.89898568e-003 0.
    0. 1.83531456e-003 1.05977328e-002 0. 7.69635488e-004
    9.78309079e-004 0. 0. 2.20005517e-003 0. 9.74841649e-004 0.
    2.35859581e-004 1.00434670e-004 -8.64853442e-004 9.79171367e-004 0.
    0. 0. 0. 0. 3.06954025e-003 1.11515075e-003 0. 0. 1.54453586e-003 0.
    1.55673490e-003 0. 0. 0. 0. 0. 0. 0. 0. 0. -4.71665058e-004
    8.41313042e-004 0. 3.78202152e-004 8.99319630e-003 5.64102875e-003
    0. 2.53662560e-003 0. 0. 0. 0. 6.33961475e-003 1.31519896e-003 0.
    9.20408696e-004 0. 1.30414416e-003 0. 0. 0. 1.74900331e-003
    9.49925045e-004 4.56096558e-003 0. 0. -1.21662475e-003
    3.52045638e-003 0. 0. -1.49913668e-003 1.61406945e-003 0.
    -1.23220403e-003 9.23927990e-004 3.85606918e-003 4.16536396e-003
    1.16199360e-003 1.63434609e-003 5.42821421e-004 0. 5.22656227e-003
    4.58863890e-003 8.87827598e-004 1.59003423e-003 0. 6.72448194e-004
    1.15422904e-003 2.04958115e-003 0. 0. 2.42514862e-003 0. 0.
    2.35156436e-003 8.68770387e-003 2.57211691e-003 6.38032798e-004 0.
    1.23834505e-003 2.39948346e-003 0. 0. 3.43785709e-004
    1.18410808e-003 -2.19348213e-003 1.00758567e-003 1.02993136e-003
    -3.14204372e-004 0. -2.36807231e-004 -2.01032846e-003
    6.05840236e-003 0. 0. 0. 2.47892295e-003 3.24765663e-003 0.
    7.47007667e-004 9.60992125e-004 0. 0. -7.82843388e-004 0.
    9.82754864e-004 1.89510628e-003 0. 0. 0. 2.35782098e-003 0. 0.
    1.45686395e-003 1.68090046e-003 4.41265153e-003 0. 3.23161017e-004
    2.21925415e-003 3.28366901e-003 2.56425410e-004 6.41400460e-003
    3.48928804e-003 0. 0. 0. 4.45449911e-003 0. 0. 3.03407549e-003
    -4.35820810e-004 0. 1.42086449e-003 7.26061931e-004 0.
    1.24843756e-003 -4.34003305e-004 0. -1.50905122e-004
    -6.53193507e-004 0. 1.57137157e-003 2.11852090e-003 0. 0.
    3.22994450e-003 1.75075838e-003 0. 1.78645190e-004 1.06398819e-003
    9.00220533e-004 0. 8.20170389e-004 -5.63756097e-004 0. 0.
    -1.02043641e-003 3.15692392e-003 1.03294640e-003 0. 6.27842615e-004
    3.66942119e-003 0. 2.38585111e-004 0. 0. 0. 3.51844216e-003 0.
    4.34310874e-003 0. 0. 0. 0. 1.37014966e-003 9.51737165e-004
    8.71795171e-004 1.61037268e-003 1.37831224e-003 0. 0.
    2.51102308e-003 8.80038086e-003 2.40347781e-005 0. 0.
    3.09744594e-003 5.19224152e-004 2.75109475e-003 9.29673202e-004 0.
    5.64933801e-003 0. 5.82503388e-003 -1.74856407e-003 0.
    8.01113900e-004 0. 1.18970866e-006 0. 2.14100373e-003 0.
    1.22449256e-003 5.29635418e-003 0. 1.76209048e-003 0.
    2.08570855e-003 0. 0. 1.38211681e-003 0. 0. 0. 0. 1.23310613e-003 0.
    1.17079460e-003 0. 0. 8.14834726e-004 0. 0. 1.00084080e-003 0.
    3.08405911e-003 -1.27443834e-003 4.11617430e-003 1.73221866e-004 0.
    0. 0. 0. 1.01299793e-003 0. -1.12301612e-003 0. 3.00419517e-003
    7.83224963e-003 3.16588720e-003 6.32169517e-003 0. -3.81856284e-004
    0. 6.09985879e-003 1.35420472e-003 2.53700116e-003 0.
    2.15726579e-003 0. 8.14674248e-004 0. 2.84866174e-003 0.
    7.72791449e-003 -9.17200756e-004 0. 0. -1.09632255e-003
    2.22223671e-003 0. 9.69189743e-004 3.73561168e-003 2.63170549e-003
    1.14885857e-002 0. 0. 2.96921702e-003 0. 3.36722098e-003
    5.07291465e-004 1.59261853e-003 2.58883182e-003 1.84116454e-003 0.
    1.28410873e-003 0. 7.26756523e-004 0. 0. 0. 0. 2.33321730e-003
    2.98655150e-003 2.01080649e-004 -2.60309083e-004 0. 0. 0. 0.
    2.21352233e-003 0. -1.91672807e-004 1.03821175e-003 8.44596070e-004
    5.63354755e-004 -4.94943124e-005 0. 0. 1.32379308e-003
    7.01153977e-003 1.02513740e-002 0. 0. 0. 0. 0. 1.26679393e-003
    -1.43786089e-003 0. 0. -1.04832067e-003 0. 2.26521329e-003 0. 0. 0.
    0. 1.35900953e-003 3.29289795e-003 3.54546402e-003 2.33026338e-003
    0. 1.53614453e-003 2.16761255e-003 1.47592532e-003 1.20098621e-003
    0. 0. 4.75059234e-004 0. 0. 5.61199267e-004 0. 3.12963827e-003 0.
    1.45253493e-003 0. 4.32356214e-003 0. 1.45412562e-003 0. 0.
    2.17727432e-003 2.66496302e-003 0. 3.83468391e-003 9.88722779e-004
    0. 0. 0. 2.10084743e-003 8.79853964e-004 0. -7.57461123e-004 0.
    3.54516786e-004 0. 5.16851200e-003 -1.92594586e-003 9.67069471e-004
    2.75667291e-003 0. 4.32475051e-003 0. 0. 4.71074414e-003 0.
    2.61167507e-003 0. 0. 0. 3.16023361e-003 2.55400641e-003
