<?xml version="1.0"?>
<opencv_storage>
<imageDescriptor type_id="opencv-matrix">
  <rows>1</rows>
  <cols>1000</cols>
  <dt>f</dt>
  <data>
    0. 4.53581475e-003 1.77140336e-003 0. 0. 0. 0. 1.75800000e-003
    -1.43140194e-003 0. 0. -1.78101007e-003 6.08757092e-003 0.
    1.10665252e-002 0. -4.15025366e-004 5.82377892e-003 0. 0. 0. 0.
    1.75677566e-003 0. 5.91127574e-003 2.09891354e-003 0.
    5.11883292e-003 0. 4.81656427e-003 6.39845338e-003 0.
    -4.00868274e-004 0. 1.88331271e-003 1.62259396e-003 -9.25365021e-004
    0. 2.32980307e-003 8.24090792e-004 0. 0. 0. 0. 0. 0. 0.
    2.91661825e-003 0. 3.32747912e-003 2.65455525e-003 0.
    -1.39154098e-003 0. 2.10150098e-003 3.85142118e-003 0. 0. 0.
    -2.03458534e-004 0. 0. 6.76617585e-003 0. 0. 7.51063228e-004 0. 0.
    0. 2.15677917e-003 3.31085685e-005 4.44056559e-003 2.06553168e-003
    3.26979469e-004 0. 2.36086361e-003 0. 0. 0. 0. 0. 3.95923108e-003 0.
    7.28862453e-003 -6.74291223e-004 2.04369822e-003 0. 4.19227267e-003
    0. 5.70949400e-003 -1.84797740e-004 5.64484159e-003 0.
    8.66914075e-003 0. 1.82834093e-003 -2.45992932e-003 1.05509870e-002
    2.21960736e-003 0. 0. 0. 0. 0. 0. 0. -2.53161095e-004 0.
    4.44049062e-003 0. -1.24367711e-003 0. 1.04358268e-003 0.
    1.03265578e-002 9.88788321e-004 0. 2.54894863e-003 0. 0. 0. 0. 0.
    5.97928767e-004 0. 1.49806205e-003 0. 0. 0. 0. 0. 3.24039580e-003 0.
    0. 0. -5.40049188e-003 0. 2.38022674e-003 0. -1.53470843e-003
    3.62395612e-003 2.39770836e-003 0. 2.35559186e-003 0. 0. 0. 0. 0. 0.
    0. 0. 0. 0. 0. 3.44043528e-003 2.82549358e-004 0. -3.70396883e-004
    0. 8.43048748e-003 0. 0. 0. 0. 0. 0. 0. 2.13069953e-002
    2.37969472e-003 0. -5.60196815e-004 2.01481325e-003 1.86945137e-003
    2.02388968e-003 6.43823994e-003 1.69316784e-003 2.76095537e-003 0.
    0. 9.01489228e-004 0. 1.96521476e-004 2.80874519e-004 0. 0. 0.
    -8.75730824e-004 -2.30907208e-005 0. -5.90952695e-004 0. 0. 0. 0.
    2.94072973e-003 0. 4.73357883e-004 4.42676619e-003 -5.01916418e-003
    0. 4.53499175e-004 0. 9.35881492e-003 0. 0. 2.30252324e-003
    -1.53284008e-003 0. 4.44624666e-003 5.57065185e-004 1.32455269e-003
    1.51267671e-003 0. 0. 0. 1.43124163e-003 0. 3.97066440e-004 0.
    8.60170741e-003 0. 3.93927330e-003 0. 0. 0. 1.53512286e-003 0. 0.
    1.00568132e-002 5.05830301e-003 0. 3.12873162e-003 4.65644710e-003
    0. 2.15036515e-003 0. 0. 0. 0. 0. 0. 0. 2.72896956e-003
    -3.58998706e-003 0. -9.21837694e-004 0. 0. 1.91705022e-003
    2.25485209e-003 0. 0. 4.81904112e-003 0. -4.55826608e-004
    4.26666142e-004 3.39640002e-003 1.18547762e-002 1.96274742e-003 0.
    0. 0. 0. 0. -8.27422715e-004 0. 0. 0. 0. 1.06526213e-003 0.
    1.94554613e-003 8.35181400e-003 -2.11703638e-003 1.80481467e-002 0.
    0. 5.76621154e-003 0. 2.38012173e-003 9.83844046e-004
    -3.00466545e-005 5.02958195e-003 1.79821346e-003 0. 0. 0. 0. 0. 0.
    0. 1.17890444e-003 0. 0. 9.56004765e-003 0. 1.30484375e-004 0.
    2.88340636e-003 0. 2.16842741e-002 0. 0. 2.67692871e-004 0. 0.
    2.13679465e-004 0. 0. 0. 0. 0. 0. 0. 1.48605008e-003 0. 0. 0.
    2.88841873e-003 7.01318402e-003 0. 0. 0. 0. 3.84631770e-004
    3.73853603e-003 3.44364601e-003 -1.56016019e-003 6.96572522e-003
    -1.35569461e-003 0. 2.34413589e-003 6.11101650e-003 0. 0.
    1.22947409e-003 0. 5.14552230e-003 0. 1.84393872e-003 0. 0.
    2.46060081e-003 0. 0. 0. 1.66371220e-003 3.71510698e-003 0. 0. 0. 0.
    0. 0. 0. 3.22128693e-003 0. 2.02539633e-003 -1.94630935e-003
    4.77766339e-003 0. 2.22173310e-003 0. -1.46634600e-004
    -1.22685742e-003 0. -1.07527478e-004 0. 0. 6.50244020e-003 0.
    2.15720339e-003 1.81383791e-003 0. 0. -1.98338856e-003 0.
    9.01955063e-004 1.39053899e-003 1.23926504e-002 0. 0.
    1.05727976e-002 0. -9.77609074e-004 0. 3.45867500e-003 0. 0.
    -1.81495177e-003 -1.07520726e-003 0. 2.41096248e-003 0. 0.
    2.19131517e-003 0. 0. 0. 0. 0. 6.06971327e-004 0. 5.33254957e-003 0.
    0. 0. 0. 0. 0. 0. 0. 0. 0. 0. 0. 0. 0. 9.03378765e-004 0. 0.
    4.22637025e-003 1.00931171e-002 0. 0. 0. 3.09808808e-003
    5.76849096e-003 0. 0. 0. 0. 0. 0. 0. 0. 0. 0. 0. 0. 0. 0.
    5.56019600e-004 0. 1.35186175e-002 0. 0. 0. 0. 5.79042011e-004 0. 0.
    0. 0. 0. 0. 0. 0. 0. 0. 0. 0. 0. 0. 5.57333836e-003 0. 0. 0. 0.
    2.42489227e-003 0. 0. -5.04718128e-006 0. 1.09539239e-003
    1.49858685e-003 0. 0. 0. 3.33226216e-003 0. 0. 0. 0. 0. 0.
    4.64192964e-003 1.98432081e-003 -1.07129151e-003 0. 2.71787285e-003
    2.14706780e-003 0. 0. 0. 0. 0. 0. 0. 0. 2.25932128e-003 0. 0.
    1.13668274e-002 3.01858666e-003 0. 9.03481245e-003 0. 0.
    -3.94337019e-003 4.53254324e-004 0. 0. 0. 0. 0. 0. 0. 0.
    1.99275417e-003 1.02958092e-002 0. 0. 0. 0. 6.59457874e-003 0.
    7.68127735e-004 -9.94665897e-004 0. 0. 1.63199834e-003
    2.78278068e-003 0. 2.24272138e-004 0. 0. 2.01966730e-003 0. 0.
    5.09625021e-003 0. 0. 1.39617419e-003 5.67119010e-003 0. 0.
    1.85373100e-003 0. 0. 0. 0. 0. 0. 0. 0. 5.09305159e-003
    8.79078545e-003 0. 0. 3.60486971e-004 0. 1.96740235e-004 0. 0. 0. 0.
    0. 0. 1.22529594e-003 0. 0. 2.10116687e-003 0. 0. 0. 3.78916669e-003
    0. 1.92863750e-003 9.74046881e-004 2.13256991e-003 0. 0. 0.
    2.26236647e-003 0. 0. 0. 0. 1.16306478e-002 0. 0. 0. 0. 0. 0.
    4.04526806e-003 -1.24582366e-004 -2.08281400e-003 -9.27410554e-004
    0. 0. 0. 0. 0. 2.57037790e-003 -1.62819377e-003 1.30736711e-003
    5.19840687e-004 0. 0. -2.89696269e-003 2.47832923e-003 0. 0. 0. 0.
    8.05071369e-003 0. -3.05492477e-003 -7.69083970e-004 0.
    8.00007780e-004 -3.15795274e-004 0. 6.30176219e-004 1.52262021e-003
    1.30406942e-003 0. 2.03778408e-003 0. 0. 0. 0. 2.68126046e-003 0. 0.
    0. 0. 0. -3.43365420e-004 6.15672488e-003 6.19284390e-003 0.
    4.02667187e-003 -2.55271414e-004 0. 0. 5.96296624e-004 0. 0. 0. 0.
    0. 2.13639485e-003 0. 3.75962211e-003 0. 0. 0. 0. 0. 0. 0. 0. 0. 0.
    1.29226281e-003 0. 0. 0. 1.79021480e-003 0. 0. 8.07123666e-004 0.
    2.18052603e-003 0. -1.13636066e-004 0. 5.52715035e-004
    4.10157582e-003 0. 0. 5.43030677e-003 0. 0. 0. 3.46156233e-003 0. 0.
    1.99088221e-003 4.24068421e-003 0. 0. 0. 8.93444638e-004
    1.26478197e-002 0. 0. 3.35153745e-005 5.04965195e-003
    4.86017112e-003 2.75608007e-004 1.53622474e-003 -5.78237639e-004 0.
    0. 0. 0. 0. 0. 0. 0. 0. 0. 0. 7.28747156e-003 2.11749086e-003
    1.11146073e-003 1.10411709e-002 5.11376769e-004 0. 1.51367800e-003
    0. 0. 0. 0. 1.34173047e-003 0. 0. 0. 3.52937798e-003 0.
    5.20211412e-003 0. 0. 0. 0. 0. 0. 0. 0. 4.84452676e-003
    9.90730152e-003 0. 0. 7.43561191e-004 0. 0. 0. -4.13478166e-003
    1.44284766e-003 0. 0. 0. 0. 0. 1.74305704e-003 0. 0.
    -5.83069341e-004 6.69788523e-003 0. 0. 1.17617322e-003
    -1.48225157e-003 5.64004388e-003 4.74513136e-003 3.83584504e-003 0.
    0. 4.70896764e-003 -6.28064736e-004 0. 0. 0. 0. 0. 0. 0. 0.
    1.48989679e-003 0. 0. 0. 0. 0. 0. 1.44043425e-003 1.38161075e-003 0.
    2.63783988e-003 0. 3.38191190e-003 0. -8.57096340e-004 0. 0. 0.
    -2.31027114e-003 0. -1.41999917e-003 0. 0. 0. 0. 0. 0. 0. 0.
    -1.63105642e-003 2.72878492e-003 4.31621587e-003 3.83269764e-003 0.
    1.07491587e-003 0. 0. 7.83262867e-003 0. 0. 6.89088265e-005 0. 0. 0.
    0. -3.90429253e-004 0. 0. 0. 3.09645967e-003 0. 2.61761458e-003
    2.23984919e-003 6.94141956e-004 3.39156744e-004 9.13058873e-003
    2.96080345e-003 1.27692642e-002 0. 0. 0. 1.01625575e-002
    1.48427940e-003 4.99548670e-003 1.87307165e-003 0. -2.33724611e-004
    0. 2.78873509e-003 -1.62247533e-003 -4.55446308e-004 0.
    9.67379368e-004 0. 5.36410790e-003 0. 2.20613409e-004
    2.86476599e-004 3.61163379e-003 1.09352393e-003 1.09898171e-003
    7.42360018e-004 0. 0. 0. 0. 1.91913720e-003 6.29867055e-003 0. 0.
    -5.66088187e-004 0. 0. 1.16333086e-003 0. 0. 0. 0. -9.08916700e-004
    0. 1.48804276e-003 0. 0. 3.74876289e-003 0. 0. 0. -5.93279256e-004
    0. 0. 0. 0. 0. 0. -2.15088439e-004 1.02776766e-003 5.98073099e-003
    0. 3.39604449e-003 0. 0. 0. 0. 9.85307619e-004 0. 6.05796173e-004 0.
