<?xml version="1.0"?>
<opencv_storage>
<imageDescriptor type_id="opencv-matrix">
  <rows>1</rows>
  <cols>1000</cols>
  <dt>f</dt>
  <data>
    4.98226564e-003 1.74202258e-003 3.37217539e-003 0. 0.
    9.90518369e-004 0. 0. 3.97246750e-003 0. 1.18011795e-003 0.
    3.73778003e-003 0. 0. 6.14797173e-004 8.98166676e-004 0. 0. 0.
    3.22890282e-003 0. 6.56023808e-003 0. 0. 1.60306171e-002 0.
    1.98770734e-003 0. 4.88622906e-003 -2.89521093e-004 1.20033219e-003
    4.40991530e-003 0. 2.25418108e-003 -3.00609565e-004 -9.28914058e-004
    0. 1.23801362e-003 1.87699345e-003 2.21354130e-004 4.79120965e-004
    8.57826322e-004 0. 0. 1.94795209e-003 0. 0. 0. 1.55211228e-003
    2.35002255e-003 0. 0. 0. 0. 5.70313958e-003 0. 0. 3.57481418e-003
    2.04225234e-003 6.81472057e-003 0. 2.09541759e-003 6.22345833e-004
    0. 1.25329476e-003 0. 0. 1.28540269e-004 0. 0. 3.48120322e-003 0. 0.
    0. 0. -6.30528375e-005 0. 0. 0. 0. 4.19838383e-004 0.
    4.93002590e-003 1.10227593e-005 -4.85296967e-003 0. -3.86498112e-004
    4.44556493e-003 0. 0. 0. 0. 1.93800093e-004 7.86652789e-003 0.
    3.09094379e-004 0. 0. 0. 0. 0. 0. 0. 0. 0. 0. 0. 9.13951546e-003 0.
    1.38529547e-004 0. 7.69265636e-004 0. 6.15390157e-003
    8.04721471e-003 0. 0. 0. 0. -2.20113361e-004 0. 0. 0.
    2.66288104e-003 0. -8.15560168e-004 -3.06971706e-005 0. 0.
    -3.15865758e-003 8.10005516e-003 0. 0. 0. 3.05300066e-003
    4.33914270e-003 2.55004317e-003 0. 0. 1.59257965e-003 0. 0. 0. 0. 0.
    -1.19707751e-004 0. 5.21378606e-005 0. 2.31045834e-003
    1.04868747e-002 1.14294223e-003 7.60680006e-004 0. 0.
    6.79211807e-004 0. 3.50036076e-004 0. -2.22184719e-003 0. 0. 0.
    2.42524850e-003 0. 3.28850001e-003 0. -1.84453756e-003
    2.07986636e-003 0. 1.75414223e-003 0. 0. 0. 1.16552296e-003 0. 0. 0.
    6.04784756e-004 0. 0. 1.29566959e-003 0. 0. 0. 0. 4.76163486e-003
    7.88027886e-003 0. 6.45285239e-003 3.48666194e-003 1.02598593e-003
    0. 0. 1.66608754e-003 2.66904919e-003 -5.13216248e-004
    2.70160288e-003 -3.64278239e-004 0. -2.20427662e-003 0.
    3.69464559e-003 0. 0. 0. 6.49166666e-003 0. 0. 0. 6.14143768e-003
    -3.99881974e-004 0. 0. 0. 4.87633329e-003 1.36907760e-003
    2.32692371e-004 0. 1.06707923e-002 0. 6.23708707e-004 0. 0.
    7.65212986e-004 1.81536993e-003 4.69847349e-003 0. -5.67077019e-004
    6.03353255e-004 0. -1.56927423e-003 -1.11326971e-003 0.
    2.34024646e-003 0. 0. 3.21793067e-003 -2.02367501e-003 0.
    3.88514891e-004 1.58403604e-003 0. 0. 3.06513626e-003
    -1.44612894e-003 0. 1.23505073e-003 7.46145321e-004 0.
    -1.11363493e-004 0. 0. 0. 2.38479045e-003 0. 1.43218867e-003
    8.42111709e-004 0. 0. 0. 0. 1.40516052e-003 0. 3.23253823e-003
    -6.21584360e-004 0. 3.89229995e-003 0. 0. -2.51883548e-003 0.
    2.44602747e-003 0. 0. 0. 0. 0. 0. 4.02228348e-003 -1.00403195e-004
    -8.72613920e-004 0. 1.58614421e-003 2.35983590e-003 0.
    -7.76413130e-004 9.69641563e-003 1.41118572e-003 0. 0. 0. 0. 0. 0.
    0. 2.05249037e-003 0. 0. 0. -5.68149379e-004 1.05806300e-002 0. 0.
    1.71747699e-003 0. 0. 0. 0. 0. 0. 1.67485268e-003 0. 0.
    2.90882587e-003 -5.92038050e-005 5.67677710e-003 4.42302553e-003 0.
    4.84603457e-003 0. 0. -2.17417808e-004 0. 2.48914177e-004 0.
    1.28347194e-003 0. 2.44027353e-003 1.75575598e-003 4.76775866e-004
    -1.74115610e-003 0. 1.81364305e-002 0. 3.96340946e-003 0.
    4.75518545e-003 5.79540199e-003 0. 0. 0. 0. -3.96624440e-004
    1.49228564e-003 0. 0. 0. 0. 1.38844782e-003 0. 0. 0. 0.
    2.12423434e-003 1.61491462e-003 0. 0. 6.67027780e-005 0. 0. 0. 0. 0.
    0. 0. 0. 3.15136532e-003 0. 0. 0. 0. 3.89170088e-003 0. 0. 0.
    1.46278227e-003 4.72923880e-003 0. 0. 0. 0. 6.68549957e-003 0. 0. 0.
    1.76445255e-003 0. 2.19485373e-003 0. 0. 1.11575378e-003
    2.87987944e-003 0. 0. 8.02928291e-004 0. 0. 0. 0. 0. 1.65340782e-003
    0. -1.18886551e-003 0. 0. 0. 0. 0. 4.48404299e-003 0.
    1.69151672e-003 0. -5.98907878e-004 4.88073286e-003 0. 0.
    5.49156638e-003 5.56059508e-003 9.69379209e-003 0. 6.36567641e-003
    1.46284085e-002 0. 0. 0. 1.81118399e-002 0. 2.51268130e-003 0.
    4.83554462e-003 6.51962182e-005 0. 5.28801647e-005 0. 0. 0. 0. 0. 0.
    0. 0. 0. 0. 0. 4.85836109e-003 6.13536220e-004 0. 0. 0. 0. 0. 0.
    2.10289005e-003 0. 0. 0. 0. 0. 0. 4.02943324e-003 1.08149427e-003
    -2.04556226e-003 0. 0. 0. 0. 0. 0. 1.01467595e-002 0. 0.
    3.22847301e-003 0. 0. 0. 4.74184722e-004 4.37223527e-004 0.
    4.03183949e-004 0. 1.46730747e-002 0. 0. 1.73623860e-003 0.
    5.00471843e-003 0. 0. 0. 0. 0. 0. 0. 8.90071678e-004 1.95404631e-003
    0. 0. 1.23092264e-003 3.03236186e-003 0. 1.20997219e-003 0.
    1.67057454e-003 0. 1.17170601e-003 6.65406464e-004 0. 0.
    1.24960486e-003 1.23595295e-003 0. 8.79776943e-003 0. 0.
    7.28477491e-003 0. 1.01314802e-002 0. 0. -6.42069732e-004 0. 0.
    1.48735726e-002 -3.45956557e-003 0. 0. 1.25153922e-003 0. 0. 0. 0.
    2.08788877e-003 0. 2.00429047e-003 0. 2.36493279e-003
    3.57266539e-003 0. 0. 0. 0. 0. 5.61376102e-003 2.65469914e-003 0. 0.
    0. 0. 0. 0. 0. 0. -1.22249278e-003 0. 0. 0. 4.73609800e-003
    2.18227925e-003 0. 0. 0. 4.70267027e-004 0. 0. 0. 0. 5.92989032e-004
    0. 0. 0. 0. 8.98726657e-003 0. 0. 0. 0. 0. 0. 0. -1.68567488e-003 0.
    -5.05999604e-004 8.63632362e-004 2.43598224e-005 -1.00674470e-005 0.
    2.74477340e-003 0. 0. 0. 2.15686229e-003 0. 0. 0. 1.63199543e-003 0.
    0. 0. 0. 1.46763909e-004 0. 0. 5.95264544e-004 0. 8.36377498e-004 0.
    3.93714802e-003 -9.78086260e-004 1.91831705e-003 0. 0.
    1.15650473e-003 0. 0. 0. 0. 2.90240929e-003 0. 0. 2.31166472e-004 0.
    6.50054833e-004 -5.93010278e-004 0. 0. 0. 1.35749690e-002 0. 0.
    1.26223790e-003 0. 0. 0. 0. 0. 0. 0. 0. 1.58479402e-003 0. 0. 0. 0.
    1.15333637e-003 6.57931715e-003 0. 0. -1.05566066e-003 0.
    -4.10190114e-004 0. 3.51033569e-003 1.50505046e-003 6.20353385e-004
    0. 0. 0. 0. -7.79445050e-004 0. 0. 0. 0. 0. 0. 0. 2.54197023e-003
    1.96577632e-003 0. 2.73549021e-003 0. 0. 0. 0. 0. -1.47170713e-003
    0. 0. 5.92745468e-003 8.26153532e-003 1.11853546e-002 0.
    2.07134639e-003 4.38987836e-003 4.31536045e-003 0. 0. 0. 0.
    5.75357955e-003 0. 1.05786556e-002 0. 2.53975368e-003
    1.98326632e-003 -8.52684025e-004 0. 0. 8.68315995e-003 0.
    5.70321502e-003 2.66663730e-003 1.84144638e-003 0. 0. 0.
    8.88940133e-003 0. 0. 3.93501157e-003 6.17131998e-004
    7.41880992e-003 0. 0. 0. 0. -2.24078260e-003 0. 9.38904285e-003
    4.96776309e-004 3.17663979e-003 0. 1.87166163e-003 0. 0.
    1.85438164e-003 0. 0. 0. 0. 0. 0. 0. -1.60359172e-003
    3.61236598e-004 5.39144676e-004 0. 0. 0. 4.57647070e-003 0.
    3.85373423e-004 0. 6.74030697e-003 0. 1.00257428e-004 0. 0.
    3.45373922e-003 0. 0. 3.67988367e-003 0. -1.39751029e-003
    6.91930938e-004 0. 0. 0. 0. 0. -9.71766654e-004 4.22171317e-003 0.
    0. 0. 2.40204483e-003 0. 2.23026902e-004 0. 0. 0. 0. 1.54008355e-003
    0. 0. 0. 0. 2.13412102e-003 3.31540476e-004 -9.00900341e-004 0.
    4.98808268e-003 0. 0. 0. 7.14520970e-003 0. 0. 2.19807192e-003 0. 0.
    4.89225937e-003 0. 0. 0. -3.71282455e-004 0. 0. 0. 1.49702746e-003
    2.53370614e-003 1.86505716e-003 0. 0. 0. 1.56699924e-003 0. 0. 0. 0.
    0. 0. 0. 1.62973534e-003 0. 0. 1.10416347e-003 0. 0. 0.
    1.92590151e-003 0. 0. 4.38521476e-003 0. 0. 0. 2.37413589e-003 0.
    7.36901490e-003 0. -9.78917931e-004 -4.39664960e-004 1.60000206e-003
    0. 0. 6.59982115e-003 0. 1.88755093e-003 1.30857166e-003 0.
    1.88799098e-003 8.26618541e-003 0. 3.29169817e-003 5.85316168e-003
    0. 0. 1.87163381e-003 1.03751430e-003 0. 0. 0. 0. 0. 0. 0. 0. 0. 0.
    0. 0. 4.06273361e-003 0. 0. 0. 0. 0. 5.64750982e-003 0. 0.
    4.81516472e-004 0. 1.15042890e-003 6.45499909e-003 0.
    1.80187009e-004 0. 4.41492768e-003 0. 0. -1.58739381e-003 0.
    5.06733893e-004 7.59009505e-003 4.30406863e-003 0. 1.50087744e-003
    3.09823919e-003 0. 0. 0. 0. 0. 0. 7.20455253e-004 -1.13424356e-003
    3.90560809e-003 0. 1.34509767e-003 0. 1.46120414e-003 0. 0. 0.
