<?xml version="1.0"?>
<opencv_storage>
<imageDescriptor type_id="opencv-matrix">
  <rows>1</rows>
  <cols>1000</cols>
  <dt>f</dt>
  <data>
    0. 1.33913732e-003 4.16190773e-002 0. 6.62010920e-004 0. 0.
    3.84506420e-004 2.87857559e-003 -1.02287414e-003 5.70105901e-003
    5.43100468e-004 1.00471720e-003 2.57273554e-003 1.21874964e-005
    2.33741521e-004 1.69585203e-003 0. 0. 0. 0. -4.94591892e-004
    -1.91419022e-005 0. 0. 1.95755507e-003 0. 0. 3.01568024e-003
    2.43719853e-003 4.36166767e-003 1.58580986e-003 -4.27556770e-005 0.
    1.94660726e-003 0. 0. 0. 3.86027357e-004 0. -2.38539345e-004
    -6.26409601e-004 0. 0. 1.87738647e-003 0. 0. 0. 0. 0.
    1.17952237e-003 0. 1.37810002e-003 2.34080409e-003 -1.17350265e-003
    4.61497856e-003 -9.03957931e-004 0. 0. 0. -7.51483371e-004 0.
    5.93088986e-003 -1.19432504e-003 0. 0. 0. 0. 1.47067395e-003
    2.11236929e-005 0. 2.20956304e-003 0. 3.62149742e-003 0.
    2.21313629e-003 0. 3.09897261e-003 0. 3.97112127e-003
    -3.17058060e-004 3.57719837e-003 4.19889344e-003 2.58690212e-003
    3.63098760e-003 0. 0. 0. -1.40075485e-004 -4.21072968e-004
    5.21247881e-003 2.21674750e-003 0. 0. 0. 1.96734109e-004
    1.45244850e-002 0. 8.00696143e-004 -1.37129255e-005 0. 0. 0.
    4.68475599e-004 0. 0. 0. 0. 1.90253730e-003 0. -3.03748366e-003
    5.92277152e-003 0. 5.03861345e-004 0. 3.30024539e-003 0.
    4.51495126e-003 4.73459810e-003 0. -3.36003868e-004 0.
    6.28155656e-004 6.00511860e-003 1.48452527e-003 0. 0.
    -7.94676831e-004 0. 0. 0. 7.05263298e-003 0. 9.35588207e-004 0. 0.
    1.60621712e-004 1.65240699e-003 -1.87888788e-003 8.83903529e-004
    3.68162896e-003 0. 6.13427197e-004 1.73776539e-003 0. 0.
    7.61605566e-004 0. 0. 0. -6.14764809e-004 6.30593742e-004
    1.40407181e-003 -8.54149170e-004 2.16030679e-003 1.59913418e-003
    1.35764340e-003 0. 5.07369218e-003 0. -4.72338591e-003 0. 0.
    8.41923465e-004 0. 0. 6.91225170e-004 1.28905312e-003
    -8.75069934e-004 0. 0. 2.52480619e-004 2.60284613e-003 0. 0. 0.
    5.13925869e-003 1.49522722e-003 0. 8.87390692e-004 0. 0.
    4.14143642e-003 0. 4.06404398e-003 0. 1.43495899e-005
    5.02612675e-004 1.14697381e-003 1.36265217e-003 0. -2.82865105e-004
    1.09486398e-003 3.61074670e-003 -8.16614076e-004 1.19743953e-002
    4.67593345e-004 9.49296169e-004 5.40814828e-004 0. 2.38325898e-004
    1.23093766e-003 0. 9.93311522e-004 0. 7.92382867e-004 0.
    9.35279357e-004 0. 1.46949175e-003 0. 4.11677966e-003 0. 0.
    7.39018869e-005 0. -7.51855026e-004 3.40640727e-005 3.25630396e-003
    0. 0. 1.55509368e-003 2.14800499e-002 -2.09418754e-003 0.
    1.47370063e-003 7.16852141e-004 2.72557745e-003 0. 0. 0. 0.
    5.21756988e-003 7.26773543e-003 0. 0. 0. 0. 0. 0. 0. 1.66713959e-003
    3.10690142e-003 0. -7.38161209e-004 -3.23305663e-004 9.08918038e-004
    -6.47838868e-004 3.05445690e-004 4.89803264e-003 0. 0.
    1.26567134e-003 4.58778115e-003 0. 0. 8.93663790e-004
    4.43357741e-004 2.95733404e-003 2.39397399e-003 0. 0.
    3.52650532e-003 0. 0. 1.44942722e-003 -4.22103010e-004 0.
    1.39480212e-003 0. 3.49450368e-003 0. 1.07829960e-003
    4.16562939e-003 1.34037249e-003 0. 7.32591259e-004 0.
    1.30958715e-003 0. 6.05717488e-003 2.62274500e-003 6.05871994e-003
    0. 2.73135770e-003 0. 0. 5.70758758e-003 7.55069603e-004
    1.05392374e-003 0. -2.69980927e-004 0. 0. 0. 3.55642056e-003 0.
    1.13538215e-002 0. 5.17404219e-003 1.55276875e-003 -7.29444553e-004
    4.09203029e-004 0. 3.20364092e-003 3.61535163e-003 1.32575608e-003
    0. 9.54365896e-005 0. 0. 0. 8.24240316e-003 1.24317466e-003 0.
    6.84808299e-004 0. 3.94851808e-003 0. 3.94017436e-003
    3.77106888e-004 -8.36791660e-005 1.23514968e-003 6.00049924e-003
    5.98869578e-004 2.45037489e-003 9.55319090e-004 9.83510446e-003
    3.14555201e-003 0. 0. 0. 2.73971935e-003 0. 1.12427166e-003 0. 0. 0.
    1.59002317e-003 3.25234933e-003 2.62359716e-003 0. 3.33114760e-004
    0. 4.73786786e-004 0. 0. -2.15872191e-003 0. 1.07736478e-003 0. 0.
    0. 0. 6.90232555e-005 -6.43732026e-004 2.81052489e-005 0. 0.
    7.67929159e-005 0. 0. -7.11198081e-004 5.63803245e-004 0. 0.
    6.50058617e-004 0. 6.62998296e-004 0. 0. 0. 2.00255075e-003 0. 0.
    4.94451961e-003 2.41737813e-003 2.06219917e-003 1.39493856e-003 0.
    0. -3.72990943e-003 2.10393895e-003 0. 0. 1.71935954e-003
    5.33237914e-003 -1.54928144e-004 3.23831057e-003 -1.07153435e-003
    9.41507344e-004 0. 5.26046799e-003 0. 0. 0. 1.12499646e-003
    6.48344983e-004 0. 0. 0. 4.23263293e-003 0. 7.43208686e-003
    1.09304301e-003 0. 0. 0. 1.31084223e-003 3.94648500e-003 0.
    1.41950021e-003 0. -2.89068383e-004 0. 0. 0. 3.11776152e-004 0.
    2.30474421e-003 5.79071417e-003 -3.84281651e-004 1.34511676e-003
    7.37618189e-003 0. 0. 1.88883831e-004 1.27478840e-003
    -1.52152294e-004 0. 0. 0. 2.25279736e-003 0. 0. 1.11751935e-004 0.
    5.24866255e-003 5.13008749e-003 6.45382504e-004 0. 2.48151855e-003
    0. 0. 3.42713622e-003 3.24986828e-003 4.91125509e-004 0.
    3.33580608e-003 0. 0. 0. 0. 3.63179087e-003 9.06571804e-004 0. 0.
    1.01133836e-002 0. 0. 0. 0. 0. 0. 0. 3.37105407e-003 0.
    9.95122944e-004 2.97223940e-003 0. 0. 0. 0. 0. 6.83246122e-004
    3.09227197e-003 0. 1.35769357e-003 0. 0. 2.35041458e-004
    5.91741758e-004 -5.81627537e-004 1.71181501e-003 3.28418845e-003
    9.20440711e-004 0. 8.67314730e-003 3.16394697e-004 2.49740831e-003
    0. -5.13754087e-004 -1.30799820e-003 -1.11910817e-003 0. 0. 0. 0.
    4.41176409e-004 0. 0. 8.33749829e-004 -7.60292169e-004 0. 0.
    -1.23331975e-003 0. 9.56062984e-004 -5.87871546e-005 0. 0. 0.
    1.78904354e-003 0. 2.83778599e-003 0. 2.62090028e-003
    5.36295876e-004 0. 0. 0. 1.59370713e-003 0. 8.23193637e-004 0. 0.
    1.99900218e-003 2.05133320e-003 0. 0. 4.30044625e-003 0. 0. 0. 0. 0.
    1.54930493e-003 2.64180498e-003 -4.06994077e-004 -5.04503085e-004 0.
    8.16841202e-004 1.07095554e-003 6.22996502e-003 1.04569434e-003
    -7.35177542e-004 0. 0. 0. 2.55646009e-004 0. 1.33446848e-003 0. 0.
    1.54244842e-003 1.04079780e-003 2.25438527e-003 6.12791046e-004 0.
    0. 5.34405117e-004 1.47899101e-003 0. 0. 0. 0. 1.10914314e-003
    1.20958488e-003 0. 0. 1.40308228e-003 0. 2.83674756e-003
    1.15085789e-003 0. 8.31975834e-004 0. 1.40315256e-004 0.
    1.94678258e-003 1.89821376e-003 -3.29516642e-003 0. 4.63948864e-003
    8.64436675e-004 2.75406125e-003 1.00996660e-003 0. -1.44027261e-004
    0. 0. 0. 0. 8.56114086e-004 1.16421143e-003 0. 0. 0.
    -9.19884042e-005 0. 1.66372897e-003 0. 4.06631641e-003 0.
    8.35196639e-004 0. 7.71340041e-004 0. 0. 0. 0. 6.86268380e-004
    2.44280603e-003 0. 0. 0. 0. 1.72842154e-003 0. 3.49531276e-003 0. 0.
    0. 0. 2.39657541e-003 0. -3.87484673e-004 2.52033561e-003
    -3.11847776e-004 0. 9.75936302e-004 0. 0. 9.78469732e-004 0.
    2.40771100e-003 2.11039768e-003 0. 0. 0. 2.37770542e-003
    -1.45590064e-004 0. -1.50010013e-003 0. 0. 0. 0. 1.24408328e-003
    2.83518486e-004 0. 0. 1.82481148e-004 0. 1.95948640e-003 0.
    4.09036735e-003 0. 3.93577648e-005 0. 0. 8.19299463e-003 0. 0. 0. 0.
    -2.28255652e-004 8.15115683e-003 0. 0. -1.48126288e-004
    3.70755233e-003 6.99501112e-003 -4.99827380e-004 0. 0. 0. 0. 0.
    3.76814930e-003 5.91758080e-003 5.49213495e-004 -7.06617429e-004
    -1.32992456e-003 1.41673791e-003 5.84252470e-004 2.97263335e-003
    9.26900073e-004 0. 0. 0. 0. 0. 2.10537855e-003 0. -4.16161667e-004
    0. 7.29823159e-003 1.67381589e-003 0. 0. 2.01738114e-003 0. 0. 0. 0.
    0. 2.09889608e-003 2.47967010e-003 0. 1.48588850e-003 0. 0. 0. 0. 0.
    0. 0. -6.06340822e-004 0. -4.40326286e-003 0. 0. 0. 0. 0. 0. 0. 0.
    0. 1.24280388e-003 3.11608356e-003 0. 8.49331962e-004
    9.52341012e-004 1.00692175e-003 5.62572444e-004 2.40416848e-003 0.
    0. 1.30636001e-003 7.81841576e-004 2.52404343e-003 0.
    2.69376533e-003 -4.76778456e-004 0. 0. 7.32076471e-004 0. 0.
    2.41437205e-003 0. 2.92281155e-003 0. 0. 0. 0. 6.56737667e-003
    2.88635376e-004 0. -3.81789374e-004 -2.09117381e-004 7.39129493e-003
