<?xml version="1.0"?>
<opencv_storage>
<imageDescriptor type_id="opencv-matrix">
  <rows>1</rows>
  <cols>1000</cols>
  <dt>f</dt>
  <data>
    3.65032465e-003 0. 9.27248155e-004 9.23496031e-004 0.
    9.13354941e-003 -6.27490284e-004 0. 0. 8.21501017e-004
    3.82328709e-003 0. 0. 0. 0. 3.27209593e-003 2.71662255e-003
    8.65658280e-003 0. 0. 0. 6.41370789e-005 0. 4.13337926e-004
    8.14599823e-003 4.69336193e-003 4.52866266e-003 5.15366532e-003 0.
    1.48138870e-002 5.66385360e-003 3.97233153e-003 -1.13805069e-003
    1.56461401e-003 2.88358686e-004 0. 0. 0. 4.65150224e-003 0. 0.
    3.20474879e-004 1.59032270e-003 3.24006105e-005 0. 0. 0. 0.
    1.99855259e-003 0. 1.37256342e-003 0. 1.38224836e-003
    2.42604059e-003 3.56404041e-003 2.47515459e-003 2.85522401e-004 0.
    1.76139176e-003 0. -9.87159903e-004 0. 2.16383883e-003
    7.26224738e-004 0. 0. -6.91169465e-004 2.41677673e-003 0.
    1.56463575e-004 0. 4.24220739e-003 0. 9.78330499e-004 0. 0. 0. 0.
    1.55952526e-003 -1.35792547e-003 0. 1.52465620e-003 1.06070074e-003
    6.08517090e-004 3.58055742e-003 8.63826484e-004 0. -1.74674927e-003
    0. 6.36120501e-004 6.66502223e-004 -1.40436657e-003 0.
    1.01561227e-003 0. 7.07138330e-003 0. 0. 0. 0. 0. 0. 0.
    5.21600072e-004 0. 0. 0. 0. 0. 1.48742180e-002 7.82942225e-004 0. 0.
    8.72482080e-003 7.42347387e-004 1.76331401e-003 0. 0.
    1.88802846e-003 0. 4.90500126e-003 0. 3.55412369e-004 0.
    5.37633616e-003 0. 0. 0. 0. 3.42996616e-004 0. 2.27455585e-003 0.
    5.21555403e-003 0. -9.78166820e-004 0. 0. -7.33338878e-004 0.
    1.80520036e-003 1.26274419e-003 9.08674265e-004 0. -2.77152262e-003
    0. 7.69957667e-004 5.30803110e-004 0. 1.26730930e-003
    2.06894544e-003 2.07244325e-003 0. 7.10027700e-004 2.63096439e-003
    0. -3.47453228e-004 0. 6.99912489e-004 0. 0. 0. 0. 9.65955784e-004
    5.43247850e-004 0. 6.44010957e-004 0. 0. -1.19532214e-003
    3.05066374e-003 -8.70876611e-005 0. 2.29906896e-003 0. 0. 0. 0. 0.
    -2.94979848e-003 0. 0. -2.60787201e-004 0. 0. -8.99158942e-004 0.
    2.20733252e-003 5.28626889e-003 1.17556215e-003 3.35772661e-003
    1.50165579e-003 1.00922468e-003 0. 1.98323699e-003 -1.84557715e-003
    -7.99106900e-004 0. 0. 0. 2.33850162e-003 1.60949177e-003 0.
    3.63059272e-003 0. 0. 0. 1.40584074e-004 0. 6.19282434e-003
    8.25309660e-004 3.52199888e-004 0. 0. 0. 3.88761354e-003
    8.33678758e-004 -9.89961321e-004 2.40703230e-003 -3.14600475e-004
    3.38188838e-004 0. 2.89112632e-003 0. 0. 0. 0. 1.00691589e-002
    2.55452236e-003 3.78562050e-004 9.54663788e-004 2.09869142e-003
    -2.22369609e-003 1.34889142e-005 0. 1.13780983e-003 0. 0.
    1.04770123e-003 8.89490917e-003 0. 3.25327250e-003 -7.52389431e-004
    0. 7.12668116e-004 2.58575019e-004 1.07256812e-003 0.
    9.34467942e-004 0. 3.45092826e-003 0. 0. 3.44566908e-003 0.
    4.11263853e-003 -7.31283624e-004 0. 0. 2.04891828e-003 0. 0. 0. 0.
    0. 1.37658615e-003 0. 2.01598136e-003 9.37418605e-004 0. 0. 0. 0. 0.
    0. 0. 0. 0. 0. 0. 7.07203336e-003 0. 4.81803529e-003 6.68562436e-003
    1.07044925e-003 1.48659945e-003 0. 1.14967488e-003 -3.34769982e-004
    0. 0. 0. 2.67900852e-003 0. 0. 1.96460378e-003 0. -1.47158548e-003
    5.79332467e-004 1.66246342e-003 0. 6.04868354e-003 1.06451451e-003
    0. 0. 5.09210106e-004 0. 0. 2.49234785e-004 1.75510696e-003 0.
    -1.08702958e-003 0. 0. 0. 0. 6.15104055e-003 0. 2.94079003e-003
    3.16235540e-003 1.43101579e-002 0. 7.45284720e-004 9.01214965e-003
    0. 0. 6.89728139e-003 5.67092514e-003 1.01359433e-003 0.
    -2.81389395e-004 0. -1.21772347e-003 1.77266318e-002 7.91881903e-005
    0. 5.13927487e-004 4.32430301e-003 1.17414037e-003 0.
    1.56878517e-003 0. 2.98903091e-003 -9.78674390e-004 1.41970813e-003
    -9.41527323e-005 0. -9.33069212e-004 2.63397489e-003 3.58940708e-003
    3.47828143e-004 7.25663686e-003 1.66137784e-003 8.02106981e-004
    3.46273300e-003 0. 1.27130290e-004 4.19034623e-003 5.72227547e-003
    0. 2.85759685e-003 0. 6.02818734e-004 0. 1.37935986e-003 0. 0.
    3.46831442e-003 -1.91094703e-003 0. -3.12122889e-003 0. 0.
    -7.96321605e-004 0. 0. 4.08154592e-004 1.51336694e-003 0.
    1.04273204e-003 0. 0. 0. 2.13191472e-003 0. 8.54791782e-004
    3.75645614e-004 1.12978800e-003 1.18535815e-003 -8.80822263e-005
    3.70868761e-003 1.80357508e-003 0. 0. 0. 0. 4.94857413e-005
    3.44446814e-003 0. 0. -1.15344080e-003 0. 2.73249927e-003
    2.45915027e-003 1.93288235e-003 0. 4.24157176e-003 0. 0. 0.
    6.12827251e-003 0. 0. 0. 0. 0. 0. 0. 0. 1.41816179e-003
    -2.74138316e-003 -9.68009757e-004 4.01465828e-003 -8.20127956e-004
    0. 1.77264528e-003 0. 0. 3.93527932e-003 0. 0. 5.81511762e-003
    2.28471565e-003 0. 0. 0. 0. 0. 0. 0. 0. 1.06427562e-003 0. 0. 0.
    3.00941058e-003 0. 0. 0. 0. 0. 0. 2.43914314e-003 0.
    -6.26927475e-004 0. 0. 8.03834945e-003 0. 7.37456940e-005 0.
    7.20943906e-004 4.01449302e-004 1.92128040e-003 1.97636918e-003 0.
    0. 0. 0. 0. 2.47695064e-003 3.45351477e-003 3.48958629e-003 0. 0.
    3.46320681e-003 0. 9.78392549e-004 0. 1.22041302e-003 0. 0.
    2.71107932e-003 0. 1.30713708e-003 3.82871856e-003 0.
    3.65887373e-003 2.36476888e-003 6.21615630e-003 0. 0. 0. 0.
    4.01571766e-003 1.52716588e-003 2.52727279e-003 0. -4.10254113e-004
    5.18132947e-005 1.11562293e-003 0. -1.34514587e-003 0.
    -1.39838096e-003 0. 0. 0. 1.95569661e-003 0. 4.37953975e-003
    1.76013692e-003 1.28062570e-003 0. 2.39087106e-003 0.
    2.22432869e-003 1.04214472e-003 0. 1.94968074e-003 0. 0. 0. 0. 0.
    3.19114840e-003 1.26274338e-003 1.76689052e-003 4.38109302e-004
    -1.10403181e-003 0. -6.34039810e-004 0. 1.21211878e-003
    1.03037502e-003 9.04996472e-004 0. 9.75930248e-004 4.64663561e-003
    0. 8.41700379e-003 -4.90208040e-005 0. 1.05864438e-003 0. 0. 0. 0.
    0. 0. 0. 3.78933124e-004 0. 5.43794408e-003 0. 0. 5.26926573e-003
    1.76066684e-003 1.73702999e-003 0. -8.63581256e-004 -6.42763625e-004
    0. 0. 0. 0. 0. 0. 4.01694997e-004 0. 0. 0. 6.92478474e-003
    2.03272980e-003 0. 0. 0. 1.01038604e-003 0. 0. 0. 0. 0.
    4.26836917e-003 2.44458928e-003 1.38754991e-003 0. 0. 0. 0.
    -3.03963810e-004 0. 0. 9.49051464e-004 1.16112828e-003 0. 0.
    2.03680387e-003 6.81752339e-003 0. 1.70859776e-003 -2.68538482e-004
    1.97379806e-004 0. -8.46677067e-005 0. 4.76056803e-003
    -7.54852081e-004 -1.19539164e-003 0. 0. 7.31645850e-004
    1.14264498e-004 3.39224702e-004 0. 0. 0. 5.22495154e-003
    2.91318545e-004 8.07426928e-004 -6.06726215e-004 0. 0.
    5.92005556e-004 4.03644703e-003 0. 0. 0. 0. 2.58300599e-004 0. 0. 0.
    0. 6.95061870e-003 5.77357598e-004 1.07390443e-002 8.47733812e-004
    0. 0. 0. 2.32455949e-003 6.85432786e-003 9.15619952e-004 0. 0. 0. 0.
    3.24895582e-003 2.12740968e-003 0. 0. 0. 0. 0. 1.24674442e-003
    -1.21171516e-003 0. 1.26851560e-003 0. 3.54740117e-003
    1.19994918e-003 2.95007159e-003 1.93357677e-003 0. 0. 0.
    1.52691011e-003 1.13792287e-003 0. 0. 5.09193959e-003
    3.15398094e-003 -1.02432771e-003 0. 0. 0. 0. 0. 0. 0.
    2.62983167e-003 0. 0. 4.36053285e-003 2.18576082e-004
    3.83296516e-004 5.62329893e-004 0. 4.35564294e-003 0.
    6.75580755e-004 0. 6.90966626e-005 0. 0. 4.88774572e-003
    2.16793036e-003 0. 2.45883770e-004 0. 5.28873818e-004 0. 0. 0.
    -8.48920783e-004 1.19676278e-003 7.28383777e-004 0. 0.
    1.02055492e-003 0. 9.18105885e-004 7.26403389e-003 0. 0. 0. 0. 0. 0.
    0. 0. 0. 0. 0. 3.88124306e-003 7.09032873e-003 0. 0. 0. 0. 0.
    1.82896899e-003 1.11642503e-003 0. -2.40708306e-003 5.91917429e-003
    0. 0. 0. 0. 1.00333593e-003 4.12151963e-003 0. 3.91822401e-003 0. 0.
    0. 0. 0. 0. 0. 1.52267946e-003 1.23289423e-002 -9.01461870e-004
    3.40092555e-003 0. 0. 0. 0. 0. 0. 0. 5.00380993e-003 0.
    4.31912951e-003 0. -2.72701820e-003 0. -5.62897709e-004
    4.70779045e-003 0. 0. 2.31244392e-003 0. 0. 0. 0. 6.77291129e-004 0.
    3.17201810e-003 5.37859462e-003 0. -2.12794504e-004 0.
    5.84702846e-003 1.25011674e-003 0. 7.23614218e-003 0.
