<?xml version="1.0"?>
<opencv_storage>
<imageDescriptor type_id="opencv-matrix">
  <rows>1</rows>
  <cols>1000</cols>
  <dt>f</dt>
  <data>
    2.08063889e-003 0. 1.43241161e-003 0. 0. 5.23219770e-003
    1.29027339e-003 1.63129938e-003 2.84196739e-003 0. 1.84132147e-003
    -1.85959812e-004 0. 0. 0. 2.97106663e-003 0. 0. 0. 0. 0. 0.
    8.19701236e-003 0. 1.68122444e-003 3.46283731e-003 9.29689035e-004
    0. 0. 7.90620106e-005 0. 4.99157561e-003 3.24765174e-003 0. 0. 0.
    1.39841606e-004 2.17365986e-003 0. 4.33371955e-004 0.
    3.80574400e-003 5.14332764e-003 0. -6.01065403e-004 0. 0.
    4.21441440e-003 -1.44204753e-003 0. 0. 0. 1.34898128e-003
    1.82262622e-003 5.50099881e-004 3.56261106e-003 0. 0. 0.
    6.06568716e-003 0. 3.33513832e-004 0. -2.16854532e-004
    1.00565329e-003 0. 4.97081922e-003 7.13022135e-004 0.
    4.80678771e-003 0. 0. 0. 4.70477901e-003 0. 0. 0. 0. 0. 0. 0. 0.
    -1.14427751e-003 3.79941938e-003 3.65285319e-003 1.36107579e-003
    2.53225467e-003 2.80536013e-003 0. 0. 0. 0. 9.43818036e-003
    2.04660278e-003 0. 1.93533627e-003 0. 0. -1.28235540e-003 0. 0. 0.
    0. 3.90824536e-003 0. 0. 0. 0. 3.52161238e-003 1.28953834e-003 0. 0.
    1.08145387e-003 0. 0. 5.65911701e-004 0. 1.23229821e-003 0. 0.
    1.94212935e-005 0. 2.81524379e-003 3.42948781e-003 -3.87147564e-004
    3.42988549e-003 0. 3.32038471e-004 0. 0. 7.54084380e-004 0. 0.
    5.35932928e-003 7.47498358e-004 -1.33633206e-003 0. 3.32001271e-003
    3.60523409e-004 -1.54402602e-004 0. 0. 2.90596811e-003 0. 0.
    4.03916434e-004 1.00229285e-003 3.59996781e-003 0. -2.58933724e-004
    -1.70276675e-003 2.46451376e-003 0. 1.23815762e-003 -5.32679143e-004
    3.40723130e-003 1.00662561e-004 7.89406186e-004 -6.35984645e-004
    4.67877742e-003 0. 0. 0. 2.46425904e-003 3.49979004e-004 0.
    8.50591250e-003 0. 3.00203147e-003 0. 2.34715105e-003
    7.90978898e-004 0. -7.79018563e-004 0. 1.35084425e-004
    5.57488471e-004 0. 0. 4.76179557e-004 2.20491039e-003 0.
    4.61925752e-003 0. 0. 0. 0. 0. 1.67220016e-003 4.89762798e-003 0. 0.
    4.96129040e-004 0. -5.45335002e-004 6.33015716e-003 -1.82944920e-003
    4.76092659e-003 0. -8.11026606e-004 2.03932612e-003 -2.36997916e-003
    0. 0. 0. 0. 0. -1.54594163e-004 0. 1.36063166e-003 -7.50868712e-005
    4.75305103e-004 0. 3.95941269e-003 0. 0. 0. 2.30078725e-003
    -1.64508252e-004 5.95470716e-004 4.64814855e-003 0. 4.98802110e-004
    1.96177512e-003 0. 0. 1.23843038e-003 2.59253080e-003
    2.44752667e-003 2.36910349e-003 1.52237737e-003 0. 0. 0. 0.
    9.51117720e-004 1.32251810e-003 3.80754645e-004 0. 6.36267802e-003
    0. 7.36505352e-003 0. 1.10109861e-003 -4.91055136e-004
    -4.58163238e-004 1.47127511e-003 1.09829110e-004 0. 3.02839489e-003
    -1.48699910e-003 -7.37720693e-004 0. 0. 3.02841701e-003
    2.39973818e-003 5.98683255e-004 2.60888459e-003 3.22200533e-004
    1.64201856e-003 0. 7.55784567e-004 4.82033379e-003 9.31407732e-004
    1.06032426e-003 -6.82305137e-004 2.74712429e-003 1.74566885e-004
    -2.32982507e-004 0. 6.02298009e-004 0. 0. 2.70484248e-003 0. 0.
    -6.56950288e-005 7.74537679e-004 0. 0. 2.49530957e-003 0. 0.
    1.01860904e-003 -1.40753726e-003 7.88644608e-003 0. 5.56869432e-003
    9.58891585e-004 4.52646706e-003 0. 6.23496855e-003 0. 0. 0.
    3.91514506e-003 0. 5.40836714e-003 1.59074343e-003 0.
    1.28975802e-003 3.53756500e-003 -5.39452420e-004 0. 2.85416772e-003
    0. 3.39411316e-003 3.90932983e-004 9.93475085e-004 2.09624806e-004
    0. -7.05392973e-004 0. 0. 0. 0. 4.56608646e-003 0. 0.
    4.36115806e-004 9.86423902e-003 1.68517945e-004 0. 0.
    -2.04141135e-004 -2.05283030e-003 3.07563948e-003 0. 6.93378155e-004
    0. 1.87361846e-003 2.77298689e-003 -7.89883488e-004 -3.03768524e-004
    3.99631821e-003 0. 0. 0. 0. 5.89116616e-003 1.88848493e-003 0. 0.
    4.70768893e-003 3.46896611e-003 8.39019939e-003 5.44575369e-003
    2.21823948e-003 3.84883466e-003 8.39230313e-004 5.97746926e-004
    -2.75819912e-004 0. 0. 0. 5.21096590e-005 2.72967573e-003 0. 0.
    1.85902067e-003 0. 0. 4.89088055e-003 0. 0. 0. 6.64135296e-005
    3.17859318e-004 0. 0. -1.81177002e-003 0. 0. 2.40958971e-003 0. 0.
    1.01115089e-003 -1.84936670e-003 2.56519951e-003 0. 0. 0.
    2.42122478e-004 0. 0. 3.36964475e-003 2.40682601e-003
    9.94309550e-004 -1.47448573e-003 3.98446311e-004 0. 0. 0. 0.
    6.04977785e-003 0. 1.83839281e-003 7.66157696e-004 0.
    2.51043565e-003 1.00511347e-003 0. 0. 0. 2.13007699e-003 0.
    2.12393422e-003 7.60535593e-004 0. 0. 0. 0. 5.05142799e-003 0.
    3.17162514e-004 3.94128030e-003 0. 2.63464201e-004 0.
    8.94362666e-003 0. 8.72969860e-004 1.40136690e-004 0.
    9.66283493e-004 6.13166345e-003 0. 0. 1.19776744e-003 0. 0.
    3.37366271e-003 1.33725416e-005 0. 0. 0. 0. 1.76454836e-003 0. 0. 0.
    6.28791144e-003 0. 0. 0. 1.78222335e-003 0. 3.15426453e-003 0. 0.
    1.88388070e-003 0. 1.18154539e-002 6.08820235e-004 0.
    1.81428879e-003 0. 0. 0. -1.01329118e-003 0. 4.17582178e-003 0.
    8.78564827e-003 1.72599975e-003 5.87678701e-003 1.75605819e-003 0.
    0. -2.16137688e-003 1.61494361e-004 0. 1.40829862e-003
    -1.19440455e-003 0. 1.59900216e-003 0. 1.63789594e-003
    4.21346718e-004 0. 0. 4.51119966e-004 5.29352948e-003
    1.01232133e-003 -1.16563551e-005 4.78076655e-003 0. 4.03808663e-004
    0. -1.16845721e-003 0. 0. 0. 3.59303958e-004 0. 0. -5.84876514e-004
    0. 6.36018522e-004 0. 0. 0. 5.89170144e-004 0. 0. 2.54221354e-003 0.
    2.16721586e-004 0. 0. 2.34321458e-003 0. 1.28831128e-002
    2.47889257e-004 6.47742767e-004 0. 2.55285180e-003 0.
    4.06481791e-003 1.23320962e-003 2.25495361e-003 4.57142829e-004
    1.55532290e-003 7.41304306e-004 2.61780573e-003 0. 3.77009623e-003
    0. 0. -2.95827072e-003 1.73006188e-002 0. 7.65664037e-003 0. 0. 0.
    0. 2.18472607e-003 -5.71207900e-004 4.93969442e-003 0.
    1.48027006e-003 0. 2.32402654e-003 0. 2.22240575e-003 0.
    1.82601449e-003 1.23767520e-003 8.95362440e-003 0. 0. 0. 0.
    -1.15718087e-003 0. 8.25024734e-004 0. 1.41415047e-003
    3.07656243e-003 1.04723869e-004 6.05721539e-003 0. 3.07626068e-003
    0. 0. 0. 0. 2.27270089e-003 0. 0. 0. 5.29801822e-004 0. 0.
    3.49654397e-003 0. 0. 0. 3.77292023e-003 -1.37647789e-004 0.
    7.10564374e-004 0. 2.29702331e-003 3.75553942e-003 0. 0. 0.
    2.52388674e-003 2.69290456e-003 0. 0. -1.08967023e-003
    1.15998858e-003 8.91924719e-004 0. 0. 7.54465465e-004
    3.44414916e-003 0. 1.17552269e-003 0. 0. 3.76439933e-003
    1.42025272e-003 -9.94900241e-004 -1.72553828e-003 9.80848054e-005
    1.43634237e-003 0. -3.47628695e-004 8.25208437e-004 9.61525948e-004
    0. 0. 0. 9.08379443e-004 7.57974456e-004 0. 0. 2.05334014e-004 0.
    4.81935451e-003 8.40273802e-004 0. 0. -5.37942222e-004 0. 0.
    -1.79405417e-003 7.17622600e-003 0. 0. 1.25849608e-003
    -2.62890884e-004 0. 0. 0. 0. 2.48766877e-003 6.13132957e-004
    -6.50980975e-004 0. 5.13407227e-004 0. 6.33035507e-003 0.
    5.63103298e-004 0. 0. 1.41592312e-003 4.83645592e-003
    -3.70748318e-003 6.23368658e-003 1.27003314e-002 8.44052760e-004 0.
    -1.53187415e-004 3.74900061e-003 0. 0. 0. 5.90403192e-003 0. 0. 0.
    0. 1.24150433e-003 0. 0. 4.19223774e-003 1.16238436e-004
    4.90423525e-003 1.66658277e-003 0. 0. 0. 1.15057941e-004
    5.26633998e-003 0. 0. 5.24849573e-004 6.33024331e-003 0.
    1.55209715e-003 4.54730308e-003 7.86718738e-004 0. -4.65415447e-004
    2.40004994e-003 0. 0. 0. 0. 0. 1.91031373e-003 5.31280020e-005 0.
    8.68707648e-005 2.59155640e-003 -1.53484102e-003 3.98092251e-003 0.
    4.25257068e-003 1.27224042e-003 0. 5.03223797e-004 8.81291169e-004
    0. 0. 4.23493702e-003 0. 0. 0. 0. 0. 0. 1.44363672e-003 0. 0. 0. 0.
    0. 1.37136652e-004 0. 0. 2.21890677e-003 0. 0. 0. -6.09903480e-004
    0. 1.73280924e-003 0. 2.95528164e-003 0. 0. 0. 0. 0. 0. 0.
    6.71559479e-003 4.06916765e-003 1.78432395e-003 0. 1.70091761e-003
    3.39717197e-004 1.52173836e-003 4.25116671e-003 0. -2.12473003e-003
    1.01841902e-002 0. 4.54037479e-004 0. 1.97633170e-003 0.
