<?xml version="1.0"?>
<opencv_storage>
<imageDescriptor type_id="opencv-matrix">
  <rows>1</rows>
  <cols>1000</cols>
  <dt>f</dt>
  <data>
    4.77880501e-004 1.01639784e-003 3.65256332e-003 0. 0.
    1.47398829e-003 4.11692396e-004 0. 1.53614813e-003 0. 0. 0. 0. 0.
    5.37336571e-004 0. 4.24215430e-003 0. 0. 2.55853590e-003 0.
    6.51623006e-004 -2.55256542e-004 0. 2.29084259e-003 0.
    5.41210594e-003 8.16233049e-004 0. 1.13863021e-003 3.17285350e-003
    -1.00275478e-003 3.20195977e-004 0. 0. 0. -1.12961279e-003
    1.23657810e-003 4.55536554e-003 -7.44407516e-005 0. 8.00897088e-003
    0. 0. 2.83302739e-003 0. 0. 0. 0. 5.76234481e-004 1.11781852e-003
    5.21671551e-004 0. 5.04777720e-003 9.56027186e-004 -1.01624429e-003
    2.02949019e-003 0. 0. 2.57512135e-003 2.29724566e-003 0.
    2.84723681e-003 5.41111501e-003 5.28313743e-004 1.16064493e-003
    2.29605590e-003 2.97103403e-003 0. 0. 1.56486174e-003
    4.39236080e-003 1.31799281e-003 0. 0. 3.98522243e-003
    8.13949213e-004 0. 0. 0. 2.30688695e-003 0. 0. 0. 3.48364445e-003
    1.33669563e-003 0. 7.73712003e-004 0. 2.45036848e-004
    -3.31146468e-004 -4.56052112e-005 7.99285655e-004 0. 1.92792201e-003
    2.67349300e-003 1.88697502e-003 4.70077473e-004 -3.55079246e-004 0.
    0. 0. 0. 2.36488110e-003 0. 0. 0. 0. 4.52648522e-003 0.
    -2.55471049e-003 6.79544115e-004 -2.71023629e-004 6.15528377e-004
    -1.79669514e-004 1.41537981e-003 0. 2.51013250e-003 7.47195270e-004
    0. 0. 0. 1.37397356e-003 6.92707952e-004 2.68235593e-003
    2.47241510e-003 0. 1.02256332e-003 0. 0. 4.44700196e-003
    5.57935936e-003 5.84021583e-003 2.24492257e-003 0. 0.
    1.87582045e-003 2.72342330e-003 0. 0. 3.15279351e-003 0.
    4.77712863e-004 0. 0. 0. 7.73989828e-004 0. 1.82701345e-003 0. 0.
    1.15429040e-003 1.91119849e-003 -4.22501413e-004 3.07675870e-003 0.
    0. 0. 2.74575129e-003 0. -3.10826377e-004 0. 0. -1.99434091e-003
    1.88136543e-003 0. 1.94738456e-003 0. 3.24163935e-003
    1.17892877e-003 0. 1.71134621e-003 1.82702334e-003 2.82131678e-005
    -7.45540674e-005 0. 3.11645999e-004 2.35598505e-004 0.
    9.99651384e-004 3.31903156e-003 0. 3.19208205e-003 0.
    1.03682186e-003 0. 0. 6.42993429e-004 -2.62702117e-003
    2.63304054e-003 6.94670063e-003 0. 1.66356750e-003 0.
    2.30878277e-006 -1.40739241e-004 0. 5.61528048e-003 0.
    -5.52490055e-005 3.59778642e-003 2.92496243e-003 0. 1.92799640e-003
    0. 0. -8.20693152e-004 9.45755281e-004 0. 9.14669072e-004
    -1.47584229e-004 1.73340144e-004 5.67695312e-003 0. 0. 0.
    2.23795050e-005 2.14370247e-003 4.82348187e-005 0. 3.47380433e-003
    5.37783839e-003 1.56131678e-003 4.61772433e-004 0. 0. 0.
    9.42462357e-005 0. 0. -8.62543995e-004 0. 0. -5.58806059e-004 0.
    1.12433976e-003 9.51206894e-004 0. 0. 0. 0. 1.78356189e-003
    -5.75789658e-004 2.38668825e-003 1.17609871e-003 2.42741616e-003
    3.82655556e-003 -5.53782775e-005 0. -2.48379447e-003 1.56986865e-003
    0. 0. 0. 0. 2.54941266e-003 5.07851306e-004 0. 5.12537779e-003 0. 0.
    0. 0. 0. 4.09524422e-003 1.33055577e-003 2.94756121e-003
    1.81128364e-003 5.67721669e-003 0. 0. 5.12194645e-004 0.
    1.49078539e-003 -1.98609359e-003 8.41585454e-004 2.34775059e-003 0.
    0. 0. 2.73992238e-003 3.04807234e-003 3.45623237e-004 0. 0. 0. 0.
    3.35435360e-003 -8.07315984e-004 8.93430784e-004 0. 0.
    5.30885358e-004 0. 2.43855175e-003 3.33560491e-003 0.
    1.29866181e-003 9.75674193e-004 0. 9.62491322e-004 7.20530341e-004
    2.49908958e-003 0. 2.50234618e-003 0. 0. 1.54991983e-003 0.
    5.47519885e-003 7.35630514e-004 1.46802014e-003 0. -5.24415111e-004
    1.74429407e-003 2.92216806e-004 0. 3.09142261e-003 0.
    3.86585318e-003 7.50044780e-003 0. 7.13686633e-004 0.
    4.78284172e-004 0. 9.26293025e-004 0. 0. 0. 1.12876669e-003
    2.59838742e-003 2.16941768e-003 3.86298867e-004 0. 3.84856644e-003
    3.45912506e-003 0. 3.48431710e-003 3.84762650e-003 -3.60509817e-004
    0. 0. 6.33916759e-004 0. 1.53325207e-003 0. 0. 0. 1.11684471e-003
    -1.55448535e-004 0. 1.70658284e-003 0. 6.68516557e-004
    1.28196157e-003 0. 0. 0. 3.97206889e-003 8.02889757e-004 0.
    1.38241018e-003 3.59560736e-003 0. 0. 3.12757678e-003
    2.73148646e-003 1.66112278e-003 0. 7.92529341e-003 0. 0.
    1.43019215e-003 0. 0. 8.67334660e-004 1.20735099e-003
    1.04167266e-003 0. 0. 8.38075590e-004 1.02665661e-004
    2.55371979e-003 6.61142450e-003 0. 1.94599421e-003 0. 0. 0.
    3.15576931e-003 0. 0. 0. 1.25354272e-003 0. 0. 0. 0. 2.88394047e-003
    0. 2.42366339e-003 0. -4.90772130e-004 1.46621710e-003 0. 0. 0. 0.
    3.27770831e-004 0. 0. 1.05985384e-002 0. 1.45275111e-003 0. 0.
    2.33532651e-003 1.37910142e-003 2.18480034e-003 0. 0.
    3.65577056e-003 2.97066336e-003 0. 1.70883408e-003 6.00275630e-003
    1.31019123e-003 0. 3.76990926e-003 0. -4.10317734e-004 0. 0. 0. 0.
    0. 6.18558982e-003 1.78234372e-003 0. 0. 5.10289567e-003 0. 0. 0.
    3.10266833e-003 0. 0. 5.16778149e-004 0. -1.09347966e-005
    4.78971424e-003 2.85534700e-003 0. 2.08235532e-003 7.23338127e-003
    0. 2.01703259e-003 0. 6.18154067e-004 2.47168238e-003
    1.38229667e-003 0. 3.38017731e-003 2.48792977e-003 6.51246915e-003
    1.70937367e-003 4.42581048e-004 0. 6.91122434e-004 0. 0.
    2.08822638e-003 0. 0. 1.70193764e-003 7.33355933e-004
    6.95074734e-004 3.77455540e-003 0. 4.04903758e-003 1.08127494e-003
    1.51346717e-003 1.57629795e-004 8.74888210e-004 -3.26599948e-005 0.
    6.52078586e-003 4.47448583e-005 3.93598294e-003 0. 1.87703141e-003
    -1.40973402e-003 4.56160726e-003 0. 4.22473904e-003 2.30483408e-003
    0. 0. 0. 0. 0. 4.15331568e-004 8.47064002e-005 0. 0. 0. 0. 0.
    -4.36238224e-005 0. 1.31634949e-003 3.79506499e-003 1.84114871e-003
    0. 0. -1.08321452e-004 3.73049197e-003 2.51867180e-003 0. 0.
    2.56677368e-003 3.78354033e-003 0. 3.80664109e-003 1.37771375e-003
    0. 0. 0. 0. 0. 1.34953810e-003 0. 0. -9.80473706e-005
    1.79710251e-003 0. 1.48117065e-003 0. 2.89573940e-003 0.
    2.25829496e-003 1.57593095e-004 0. 1.47085392e-003 6.30264869e-003
    0. 0. 0. 7.47049833e-003 0. -3.27866583e-004 0. 5.39258239e-004
    -1.79258190e-004 9.37615579e-004 0. 1.25706557e-003 1.56198593e-003
    3.29838862e-004 0. 1.38279535e-002 0. 2.30278168e-003
    2.81711458e-003 0. 0. 0. 0. 0. 0. 0. 7.88584002e-004 5.61847002e-004
    0. 1.34882878e-003 0. 1.80550630e-003 0. 6.37675216e-003
    3.35408514e-003 2.99139705e-004 0. 0. 0. 0. 0. 0. 1.31911761e-003
    3.75044905e-003 3.28840804e-003 0. 0. 6.43234816e-004 0. 0. 0.
    -6.56605640e-004 1.69363513e-003 1.20125583e-003 0. 3.12271353e-004
    0. 5.56104991e-004 8.20797309e-003 3.38012259e-003 3.11634829e-003
    0. 1.52726762e-003 3.00007546e-003 0. 8.72403871e-006 0.
    -7.83044321e-004 0. 5.73235564e-004 0. 7.90301070e-004
    2.81814998e-003 3.07140336e-003 2.04231287e-003 6.92985207e-003 0.
    0. 0. 2.75002560e-003 0. 0. 1.14717579e-003 0. 2.62029935e-004
    4.27067513e-003 0. -4.21881792e-004 1.29211741e-003 6.70268782e-004
    6.17768848e-003 0. 0. 0. 8.90350842e-004 0. -1.05722086e-003
    1.25288917e-003 -2.62110480e-005 0. -2.20630784e-004 1.05482631e-003
    -2.28845878e-004 0. 0. 0. 0. 1.94257824e-003 -1.86767650e-003
    3.31513886e-003 6.32354815e-004 2.96656811e-003 -8.57684761e-004
    1.99771905e-003 1.28445379e-003 0. 0. 5.21192735e-004 0.
    5.05708158e-003 0. 0. 5.70804998e-003 1.65022933e-003 0. 0.
    9.75907547e-004 0. 0. 0. 1.21695048e-004 1.36674033e-003 0.
    3.08174687e-003 3.40470957e-004 1.82818074e-003 0. 1.30221143e-003
    0. 2.64622591e-004 3.23625351e-003 0. 0. 0. 0. 0. -8.76886072e-004
    0. -1.47341867e-004 0. 0. 1.05798489e-003 2.99181184e-003
    3.37642501e-004 3.36291105e-003 6.53357594e-004 1.20328111e-003
    2.44847313e-003 4.73983819e-003 0. 4.27988172e-003 0.
    2.29132827e-003 0. 3.37795238e-003 2.32084352e-003 2.05377094e-003
    0. 0. 0. 0. 0. 5.49916038e-003 0. -4.53868386e-004 2.21304758e-003
    0. 0. 9.97531693e-004 0. 4.17180872e-003 2.90582492e-003 0.
