<?xml version="1.0"?>
<opencv_storage>
<imageDescriptor type_id="opencv-matrix">
  <rows>1</rows>
  <cols>1000</cols>
  <dt>f</dt>
  <data>
    0. 1.04603742e-003 0. 0. 0. 0. -4.64081502e-004 0. 6.70517562e-004
    0. -1.92872714e-004 4.42619203e-004 5.53641375e-003 8.86911154e-003
    0. 0. 4.29722377e-006 0. 0. 0. 0. 0. 1.25290302e-003 0.
    8.51520896e-003 0. 0. 0. 0. 7.03942450e-003 0. 0. 2.89600343e-004 0.
    0. 1.03811140e-003 4.60334422e-006 1.54910330e-003 0. 0.
    1.60167587e-003 1.94161478e-003 1.10560318e-003 0. 3.86785250e-003
    0. 0. 7.73619302e-003 0. -5.79834159e-004 0. 0. -1.84931338e-003
    6.54436694e-003 -1.55489863e-004 6.92175515e-003 0. 0. 0.
    -1.06035266e-003 -4.60885611e-004 0. 5.61811589e-003 3.49545851e-003
    0. 0. 1.42916420e-003 0. 0. 0. 2.82819150e-003 0. 0.
    -4.06583888e-004 0. 0. 0. 0. 0. 0. 1.50060491e-003 3.08371102e-003
    1.36143222e-004 -1.16998621e-003 0. 3.91878327e-003 0. 0. 0.
    1.12254592e-002 0. 1.62589934e-003 5.48424898e-003 2.18898858e-004
    -6.61454396e-004 0. 4.69831983e-004 0. -4.75365575e-003 0. 0. 0. 0.
    0. 0. 0. 0. 0. 1.29983164e-002 0. 2.41831760e-003 0. 0. 0.
    6.08196110e-003 0. 7.90689606e-003 -1.85117091e-003 0. 0. 0.
    2.10560439e-003 0. 6.10484101e-004 4.99093952e-003 0. 0.
    3.42979305e-003 0. 0. -1.55876600e-003 7.00535206e-003 0.
    -2.75518425e-004 0. 1.37514551e-003 1.31268066e-003 3.33410082e-003
    0. 3.19748698e-003 7.61841564e-003 0. 5.92481403e-004 0.
    -1.39524101e-003 0. 0. 0. -4.46309248e-004 0. 1.14659138e-003
    1.00458572e-002 6.24490762e-003 0. -4.55846312e-004 0. 0. 0.
    -2.60124775e-003 0. 1.91781437e-003 0. 0. 1.14399884e-002 0. 0.
    6.34453911e-003 0. 0. 5.05054952e-004 0. 1.36046112e-003 0. 0.
    5.08423150e-003 0. 0. 7.00704753e-003 0. 0. 0. 6.20867359e-004
    1.09543800e-002 0. 0. 7.98651774e-004 0. 0. 2.89519341e-003 0.
    -4.75964407e-005 1.62611937e-003 1.15508016e-003 2.22237734e-003
    -2.80555250e-004 0. 0. 7.84292992e-004 3.93510517e-003
    -3.23039858e-004 4.69345506e-003 2.65095732e-003 1.34992268e-004
    3.91630270e-003 0. 0. 0. 2.55689840e-003 0. 2.30366574e-003
    2.20225484e-004 1.92007807e-004 0. 0. 0. 0. 0. -1.36973453e-003 0.
    0. -3.17782164e-004 0. 0. 0. 0. 0. 3.13863857e-003 1.27843732e-003
    0. 1.62962526e-002 0. -6.27373927e-004 4.07729851e-004
    -2.25817342e-003 0. 0. 0. 0. 0. 0. 0. 0. -9.26470209e-004 0.
    3.29690240e-003 0. 1.31129695e-003 0. 0. 0. 7.27105187e-003 0. 0. 0.
    0. 0. 0. 9.78835276e-004 3.18630156e-003 0. 0. 0. 0. 0.
    2.13407795e-003 0. 0. -2.73567531e-003 0. 0. 0. -2.60227197e-003
    7.49738305e-004 2.07227585e-003 0. 8.92599765e-003 0. 0. 0. 0.
    -3.50403076e-004 0. 0. 1.27831066e-003 2.15274328e-003
    2.25432450e-004 0. 5.65347867e-003 -1.59340410e-003 -7.36427202e-004
    0. 0. 0. 5.09210804e-004 0. 0. 0. -1.40146329e-003 0. 0. 0.
    1.07435826e-002 0. 0. 0. 8.14934319e-004 0. 0. 0. 1.82300981e-003 0.
    0. 0. 0. 0. 0. 2.09028949e-003 3.13961180e-003 -3.55935976e-004 0.
    3.18247778e-003 2.05501076e-003 0. 0. 0. 0. 0. 0. 2.48889346e-003
    1.20970365e-002 0. 0. 3.86661058e-003 0. 0. 0. 1.40803289e-002 0.
    3.95576993e-004 2.81078159e-003 0. 0. 0. 0. 0. 2.03808211e-003 0.
    5.06847631e-003 6.57149497e-003 0. 4.29147156e-003 1.05323771e-003
    0. 0. 0. 5.40910987e-003 0. 0. 0. 0. 4.52565774e-003 0.
    5.70990844e-003 2.25191750e-003 0. 0. 0. 2.99557491e-004 0.
    3.44398781e-003 1.41688471e-003 0. 0. 0. 0. 0. -6.56834105e-004
    -1.28876965e-003 0. 0. 0. 0. 0. 0. 0. 2.48348713e-003 0.
    5.01880376e-003 0. 0. -6.16453122e-004 0. 0. 0. 0. 0.
    1.75059447e-003 4.25688364e-003 1.35697378e-003 -1.78608682e-003 0.
    0. 2.81326543e-003 2.12833926e-004 2.67255469e-004 0. 0. 0.
    3.42379115e-003 0. 1.28946146e-002 0. 0. 0. 4.85397060e-004 0. 0. 0.
    1.49405946e-003 2.70095980e-003 3.05675931e-004 1.06077315e-003 0.
    0. 0. 0. 0. 0. 0. 0. 3.39927734e-003 7.49772321e-003 0. 0. 0. 0. 0.
    2.26794137e-003 0. 0. 0. 0. 0. 2.93507677e-004 0. 3.00140795e-003 0.
    0. 0. 0. 1.01948902e-003 2.04928266e-003 0. 0. 0. 7.15407077e-003 0.
    4.90349857e-003 0. -4.90468869e-004 0. 1.40935031e-003
    3.12258562e-005 1.01643289e-003 4.79213707e-003 0. 0.
    8.92561220e-004 0. -1.34424388e-003 1.24345883e-003 0. 0. 0. 0. 0.
    8.77498928e-003 0. 5.79341489e-004 0. 4.41841607e-004
    3.49831209e-003 0. 9.30519716e-004 0. 1.37897348e-003 0. 0. 0.
    -2.41827183e-005 2.58248532e-003 2.19545257e-003 1.19431224e-003
    1.16245041e-003 0. 0. 4.02539677e-004 0. 2.16567353e-003 0. 0. 0. 0.
    4.26100148e-003 4.63669561e-003 5.45643503e-004 0. -9.60898033e-005
    1.43703003e-003 2.94078817e-003 1.92912726e-003 0. 1.44639483e-003
    0. 0. 1.77562574e-003 -4.59618983e-004 6.43737148e-003 0.
    4.96636983e-003 0. 0. 8.66983645e-003 0. 3.84572847e-003
    2.98242609e-004 0. 2.34201597e-003 1.83898245e-003 0. 0.
    2.12375261e-003 2.78725964e-003 0. 0. -2.21291021e-003 0.
    4.25090082e-003 -5.31916921e-005 -1.84183009e-005 2.59318994e-003
    5.02032111e-004 0. 0. 0. 0. 0. 0. 1.55072205e-003 7.34972442e-003 0.
    -1.26288433e-004 0. 1.16117233e-002 -4.60568495e-004 0.
    3.55420751e-003 0. 0. 0. 2.72713369e-004 4.16851835e-003 0.
    4.05876571e-003 0. 0. 5.40675755e-005 0. 0. 0. 7.46955490e-003 0. 0.
    2.48504500e-003 0. 0. 0. -4.28184355e-003 6.12964900e-003
    4.87460755e-003 -7.91565923e-004 -4.00325889e-003 0. 0.
    1.36903615e-003 4.38526785e-003 0. 0. 0. -3.57303419e-004
    5.20730857e-003 0. 0. 0. 0. 0. 0. 0. 0. 2.17156159e-003
    4.67051286e-004 0. 0. 0. -1.60649791e-003 0. 8.30980716e-004 0.
    6.39962789e-004 5.88361174e-003 0. 0. 0. 0. 0. 0. 0. 0. 0. 0. 0. 0.
    0. 1.08093384e-003 -3.82349463e-005 0. 0. 0. 0. 0. -4.35320340e-004
    0. 0. 0. 0. 1.64727657e-003 2.78209220e-003 0. 0. 0. 8.34942970e-004
    0. -4.25660517e-003 0. 0. 0. 9.99298296e-004 0. 5.58609469e-003
    2.61656009e-004 0. 0. 0. 6.91196043e-003 1.60552724e-003 0.
    7.44358578e-004 0. 0. 0. 1.21718403e-002 0. 0. 0. 0. 0. 0.
    1.49020925e-003 0. 0. 0. 3.75693315e-003 0. 0. 0. 0. 0.
    -4.45265759e-004 0. 0. 0. 5.60739823e-003 1.40055977e-002 0. 0.
    4.89003025e-003 3.71666881e-003 -2.74364109e-004 0. 0. 0. 0. 0. 0.
    0. 0. 0. 5.69919171e-003 0. 0. 6.36304589e-003 -3.94109462e-004
    -8.23000330e-004 -2.37016892e-003 0. 0. -7.78958027e-004 0.
    3.78941838e-003 0. 0. 0. 4.12098784e-003 0. 0. 0. 0. 0.
    5.47081977e-003 2.01120880e-003 0. 2.92784022e-003 9.66046180e-004
    0. -3.55369295e-004 0. 0. 1.01812079e-003 0. 0. 0. 0. 0. 0. 0.
    -2.17231791e-004 1.19112025e-003 0. 1.13584474e-002 0. 0. 0. 0.
    1.61795295e-003 1.68259325e-003 2.72567407e-003 0. 0.
    1.54924542e-002 0. 0. 0. 0. 1.31345894e-002 1.52411906e-003
    1.48402341e-003 0. 0. 0. -3.68507113e-004 0. 0. 0. -2.67196679e-003
    5.17534371e-003 4.99429973e-003 4.02946258e-004 1.42088416e-003 0.
    1.17267412e-003 -6.06823014e-005 0. 1.39408687e-003 2.41440372e-003
    0. 0. 0. 0. 0. 0. 0. 0. 0. -8.35046289e-004 0. 0. 4.02144669e-003
    3.58207594e-003 -2.61945417e-003 7.11650262e-003 -2.08114740e-003 0.
    0. 8.40133149e-003 -5.34811930e-004 7.11169618e-004 -4.52613313e-004
    2.28326666e-004 0. 1.17709569e-003 0. 0. 9.74098337e-004 0. 0. 0. 0.
    0. 0. 6.06331392e-004 0. 0. 0. -8.99506384e-004 0. 0. 0. 0.
    -1.02193898e-003 0. -1.68863364e-004 0. -2.74150516e-004
    8.49930861e-004 0. -1.26008375e-003 0. 0. 1.53680029e-003
    1.20858906e-003 0. 3.61440354e-003 0. 0. -4.38010407e-004 0. 0. 0.
    1.22014061e-002 0. 0. 2.58044107e-003 0. -2.52338243e-004
    -2.85238121e-003 8.93144868e-003 0. 0. 0. 0. -2.09914078e-003 0.
    8.12422484e-003 -2.17761169e-003 0. 2.18139248e-004 0. 0. 0.
    6.11242326e-003 5.32056205e-003 2.07885914e-003 8.70381831e-004
    -9.43187682e-004 -7.56462978e-004 0. 0. 0. 0. 3.43411346e-003
    1.89492281e-003 3.74658639e-003 2.71568703e-003 0. 0. 0.
    9.61662363e-003 0. 0. -7.50092964e-004 0. 0. 1.22594927e-002 0. 0.
