<?xml version="1.0"?>
<opencv_storage>
<imageDescriptor type_id="opencv-matrix">
  <rows>1</rows>
  <cols>1000</cols>
  <dt>f</dt>
  <data>
    0. 9.25244018e-003 6.13332354e-003 0. 0. 0. -5.91237191e-003 0.
    2.09969515e-003 0. 0. 3.92696867e-003 1.00537995e-003
    5.22106828e-004 0. 0. 3.19472980e-003 0. 0. -8.64591508e-004 0. 0.
    2.05950905e-003 0. -2.69864220e-004 0. 1.55525666e-003
    7.25212554e-003 0. 0. 0. 2.11567944e-003 -9.18861653e-004 0.
    4.33868449e-003 0. 0. 0. 3.07447859e-004 0. 6.82276208e-004 0. 0. 0.
    0. 0. 8.72640498e-003 6.49864040e-003 0. 2.75670341e-003 0. 0. 0. 0.
    6.54434669e-004 -2.50211498e-003 0. 1.79723511e-003 0.
    7.63342308e-004 0. 0. -2.53364968e-004 -2.21852236e-003 0.
    7.37422705e-003 7.16393115e-003 4.06073220e-003 2.27655191e-003
    -1.63990911e-003 5.77833154e-004 0. 0. 0. 0. 0. 2.11284641e-004 0.
    0. 0. 0. 0. 0. 5.07627754e-003 0. 0. 0. -2.86840572e-004
    -7.42266246e-004 0. 0. 5.50813787e-003 0. 7.68312893e-004 0.
    5.14650950e-003 0. 0. 0. 4.87161195e-003 0. 0. 0. 3.13445530e-003
    2.97992374e-003 1.26289425e-003 -1.35373394e-003 5.32348081e-003
    2.29754602e-003 0. 0. -4.18571552e-004 2.10195081e-004 0.
    5.02022495e-003 7.74565618e-004 0. 0. 1.06472045e-003
    6.93783513e-004 0. 0. 0. 9.68423963e-004 1.07169955e-003
    4.28728526e-003 -1.15894154e-003 -6.51804905e-004 0. 4.43992118e-004
    0. 0. 0. 0. 0. 0. 1.88600121e-003 0. 7.32157088e-004 0. 0. 0. 0. 0.
    0. 9.62744816e-004 0. 0. 0. 9.29640722e-004 0. 0. -8.41916713e-004
    8.79513449e-004 -6.29969232e-004 0. 4.82108626e-005 0.
    2.36625783e-003 0. 0. 0. 3.26647860e-004 0. 1.08398171e-003 0.
    3.06874118e-003 0. 4.36130119e-003 0. 0. 0. 0. 5.01031172e-004 0.
    2.07558012e-004 1.63310173e-003 2.60851532e-003 0. 0. 0. 0.
    9.38975532e-003 0. 0. -6.91946130e-004 0. 0. 0. 0. 0. 0.
    4.71253553e-003 0. 4.97815432e-003 2.53605237e-003 0. 0.
    6.82550389e-003 0. 4.12623538e-003 0. 0. 7.58691167e-004 0.
    2.44150311e-003 0. 1.18712708e-002 0. -3.57779994e-004 0. 0. 0. 0.
    0. 0. 0. 2.72287126e-003 4.20886977e-003 0. 0. 6.61904085e-003
    5.42399567e-003 6.25760586e-004 0. 0. 4.33175638e-003 0. 0.
    -6.38813770e-004 1.60957836e-002 0. 1.71389338e-003 1.57788384e-003
    0. -1.98262205e-004 0. 1.06168434e-003 0. 0. 0. 3.25852679e-003 0.
    0. -2.19326746e-003 1.03580744e-004 0. 0. 0. 6.95709372e-003 0. 0.
    0. 0. 0. 0. 0. 1.11890833e-004 0. 0. 0. 0. 0. 0. 0. 5.22253616e-003
    0. 0. 1.38967414e-004 0. 0. 0. 7.70218531e-003 0. 0. 0.
    1.19468523e-003 1.30870310e-003 0. 0. 4.79731057e-003
    1.36503647e-003 -7.88697682e-004 3.41557153e-003 3.54168867e-003 0.
    0. -1.00965565e-003 0. 0. 0. 0. 7.39185998e-005 0. 0. 0. 0.
    1.39298243e-003 0. 0. 0. 5.80520078e-004 0. 0. 2.39006287e-004
    1.94833952e-003 0. 0. 0. 0. 0. 0. 8.82228778e-004 4.44969302e-003
    6.73642103e-003 0. 7.36435701e-004 0. 1.58023683e-003
    1.52125210e-002 1.06202038e-002 0. 0. 0. -1.78529212e-004
    1.32809207e-003 6.77154958e-003 0. 0. 2.17601089e-004
    -2.40593319e-004 4.16664872e-003 5.40772919e-004 4.97877272e-003 0.
    0. -9.05794441e-004 0. -2.17868874e-004 -6.83629769e-004 0. 0. 0. 0.
    5.26591390e-003 1.64575931e-002 0. 0. 6.94351364e-003 0. 0. 0. 0. 0.
    5.89064322e-003 2.79379915e-003 0. 0. 1.28463039e-003 0.
    4.58487775e-003 0. 7.01001496e-004 0. 1.05143327e-003 0. 0.
    6.67176628e-003 1.99391367e-003 0. 1.73540856e-003 0. 0. 0. 0. 0. 0.
    5.96325332e-003 8.86641908e-003 -1.03741954e-003 0. 0. 0.
    3.67491622e-004 4.88470308e-003 3.94855859e-004 2.33575251e-004
    -4.33965819e-003 0. 0. 0. -5.17069013e-004 0. 2.46871053e-003 0.
    2.64656555e-004 -6.68161811e-005 0. 0. 0. 0. 0. -6.78804237e-004 0.
    7.65776320e-004 0. 0. 0. 0. -9.86056635e-004 3.12739238e-003 0. 0.
    -5.77593455e-003 2.38578208e-003 0. 0. 2.58365110e-003 0.
    2.32664612e-003 0. 0. 0. 0. 0. 1.80890830e-003 0. 0. 0. 0. 0.
    1.15286652e-003 -7.56814552e-005 0. 0. 0. 1.02518387e-002 0.
    2.05189292e-003 0. 0. 0. 0. 0. 0. 9.91694862e-004 0. 0. 0. 0. 0. 0.
    4.39763954e-003 0. -5.88864859e-005 4.97918902e-003 0.
    4.98149404e-003 1.04389607e-003 0. 0. -1.56978879e-003
    1.80676468e-002 7.66295358e-004 0. 1.08692115e-002 0.
    1.82989531e-003 0. 0. 9.26897023e-003 0. 0. 4.18468378e-003
    -1.32920314e-003 0. 2.95365532e-003 8.85064993e-003 6.94697583e-003
    0. 0. 2.11439282e-003 0. 0. 7.24931341e-003 3.50712537e-004 0. 0. 0.
    0. 0. -6.09745446e-004 0. 0. 0. 0. 8.57506227e-003 0. 0. 0. 0. 0.
    3.86652653e-003 0. 0. 0. 0. 0. 0. 1.66228379e-003 1.23183976e-003 0.
    0. 0. 0. 1.30357407e-003 -3.19679314e-003 0. -1.57908211e-003 0.
    7.61749782e-003 4.23445227e-003 5.10807289e-003 1.01888634e-003 0.
    0. 0. 0. 2.19586100e-002 6.85559236e-004 0. 3.25937010e-003
    3.70612484e-003 0. 0. 0. 0. 0. 3.19900387e-003 0. 0. 2.79667554e-003
    0. 0. 0. -2.34734791e-004 0. 5.61730412e-004 -8.87543138e-004
    2.86191143e-003 0. 0. 1.40593038e-003 0. 1.80144934e-003 0. 0.
    9.61147016e-004 5.14180167e-003 0. 0. 2.07312964e-003 0. 0. 0. 0. 0.
    0. 0. 0. -5.57136582e-003 0. 1.73301145e-003 2.25802138e-002
    2.26882505e-004 1.92604039e-003 0. 0. 0. 0. 1.00819990e-002 0.
    -1.10876956e-003 -1.02046505e-003 0. 3.74063267e-003 0. 0. 0. 0. 0.
    0. 0. 5.29650087e-003 0. 0. 0. 0. -7.63746211e-004 0.
    1.55365234e-003 1.94285030e-003 0. 3.70797957e-003 -1.25032922e-004
    0. -4.59631730e-004 0. 0. 0. 0. 1.63841946e-003 0. 0. 0. 0. 0. 0.
    7.43990624e-003 0. 4.36440576e-003 5.82976034e-003 0. 0. 0. 0. 0.
    5.25241194e-004 2.14920565e-003 0. 0. 3.79296398e-004 0. 0. 0. 0. 0.
    -1.97752161e-004 3.74825508e-003 7.64363038e-004 0. 0.
    5.64437406e-003 3.41306021e-003 0. 0. 1.98914157e-003
    1.90869684e-003 2.46925466e-003 5.18741133e-003 0. 0. 0.
    3.42769409e-003 5.51499135e-004 5.56607440e-004 0. 0. 0. 0. 0.
    2.48380331e-003 1.30197208e-004 0. 0. 1.36361504e-003
    1.55604503e-003 0. 0. 2.43333750e-003 0. 1.91312539e-003 0. 0.
    3.60088702e-003 1.74734253e-003 0. 2.42015813e-003 0.
    5.65782713e-004 2.17120003e-004 5.09777432e-003 5.01405273e-004
    2.62014009e-003 0. 6.88465196e-004 0. 0. 0. 0. -1.18648051e-003 0.
    0. 2.41708200e-004 0. 1.57050590e-003 2.51739263e-003
    2.02201496e-004 1.17728009e-003 0. 2.31721508e-003 0. 0. 0.
    1.12484605e-003 2.00831285e-003 1.63332012e-003 0. -2.70191173e-004
    0. 0. 1.61006290e-003 0. -6.04234810e-005 0. 0. 7.84814620e-006 0.
    -1.51207077e-003 0. 1.67204940e-003 3.31795285e-003 2.74655479e-003
    8.33632133e-004 1.64819299e-003 0. 0. 0. 0. 0. 0. 2.06942041e-003 0.
    2.80266069e-003 0. 2.24263500e-003 -2.32880193e-005 4.97829681e-003
    0. 0. 1.34821271e-003 1.46042684e-003 0. 0. -1.23453676e-003
    3.83766857e-003 0. 0. 0. 0. 0. 0. 1.84112659e-003 9.35155840e-004 0.
    0. 0. 0. 0. 0. 0. 0. 0. -2.08863057e-003 1.58729462e-003 0.
    -2.89404008e-004 1.41763216e-004 0. 2.11557979e-003 1.23007048e-003
    0. 0. 0. 1.36989365e-005 0. 2.26857630e-003 7.08663138e-005 0. 0. 0.
    6.93025719e-003 0. 3.33015667e-003 1.26599136e-003 0.
    1.77866535e-003 4.27731866e-004 4.50731441e-003 0. 4.19515278e-003
    0. 0. -5.73817524e-004 3.98856530e-004 0. -7.00842007e-004 0. 0. 0.
    0. 0. 7.19207630e-004 4.49827965e-003 0. 2.11268710e-003 0.
    8.62714183e-003 0. -5.32178499e-004 0. 4.35905159e-003
    2.76354980e-003 0. 0. 0. 7.29251944e-004 4.58734483e-003 0. 0.
    8.32261983e-003 0. 2.13505770e-003 0. 4.39792825e-003 0. 0.
    1.12537551e-003 4.57289256e-003 7.82578543e-004 0. 0. 0.
    6.99603930e-003 2.06330116e-003 0. 0. 0. 3.63683212e-003 0. 0.
    3.26700101e-004 0. 1.14356488e-004 1.40855582e-002 1.57214794e-003
    -9.78298835e-004 7.22349389e-004 4.54054301e-004 0. -1.16139627e-003
    1.13193411e-003 7.71590741e-003 0. 0. 0. 0. 7.42941909e-003 0. 0.
    1.14801491e-003 5.19151939e-003 -1.18725363e-003 -1.48321415e-004
    1.84887100e-003 0. 0. 0. 0. 0. 1.80956535e-003 0. 0. 0.
    1.89717836e-003 -3.12758988e-004 8.62903520e-003 0. 0. 0.
