<?xml version="1.0"?>
<opencv_storage>
<imageDescriptor type_id="opencv-matrix">
  <rows>1</rows>
  <cols>1000</cols>
  <dt>f</dt>
  <data>
    2.77491449e-003 0. 1.54930830e-003 0. 2.59124790e-003 0.
    -8.67335126e-004 0. -1.35822617e-003 2.31522741e-003 0.
    7.49344530e-004 8.49968230e-004 0. 5.26960427e-003 1.19958201e-003
    1.29069865e-003 0. 0. 0. 0. 0. 0. 5.62971877e-003 0. 0. 0.
    4.78667347e-003 0. 0. 2.47909548e-003 6.04967307e-003
    3.83460691e-004 0. 1.88387069e-003 0. 0. 3.65781627e-004 0. 0.
    7.05671264e-004 1.02132326e-003 6.71179686e-003 3.19070896e-005
    1.30732043e-003 0. 0. 7.94550579e-004 1.99416536e-003 0.
    2.10125651e-003 0. 2.90969154e-003 0. 2.14391667e-003
    6.17815275e-003 0. 5.63366851e-003 0. 5.11917679e-005
    5.14496444e-003 0. 0. 0. 7.94594642e-004 0. 7.23366393e-004 0.
    3.20429495e-003 1.05038320e-003 0. 0. 0. 0. 0. 1.37604401e-003 0. 0.
    0. 0. 6.35543652e-003 0. 1.63042187e-005 0. 1.04424241e-003 0. 0. 0.
    0. 2.28508748e-003 0. 5.93914837e-003 0. 0. 1.41020014e-003 0.
    -1.27879588e-003 0. 1.39790645e-003 1.26237760e-003 0.
    -4.30535525e-004 0. 9.27962549e-003 -1.26692350e-004 0. 0. 0. 0. 0.
    5.95478714e-003 0. 0. 0. 8.80913343e-004 0. 9.56905424e-004
    3.50268348e-003 0. 0. 0. 0. -1.57721501e-004 2.51724571e-003
    4.92603658e-003 7.13755726e-004 0. -5.27684693e-004 0. 0.
    4.95949294e-003 0. 1.50929485e-003 1.33703335e-003 0.
    1.50992500e-003 0. 3.81773664e-003 0. 0. 1.44950848e-003
    1.61603978e-003 2.00115773e-003 0. 1.56463415e-003 0. 0. 0.
    2.32134084e-003 0. 3.19081882e-004 0. 0. 1.06080493e-003
    1.77914265e-003 1.96182239e-003 1.51107917e-004 0. 1.11543457e-003
    0. -5.60468936e-004 0. 0. 1.54158915e-003 9.22665175e-004 0. 0. 0.
    2.86348833e-004 0. 0. 6.36622682e-003 0. 1.70390762e-004
    1.04251709e-002 0. 9.42934712e-004 0. -7.49777246e-004 0. 0. 0.
    1.15753897e-003 6.72366819e-004 0. 0. 2.69471249e-003
    5.28140983e-004 0. 1.17605389e-003 0. 3.46663961e-004
    6.09541126e-003 0. 0. 2.52188626e-003 -1.33577839e-003
    2.02862034e-003 -7.21745600e-004 5.34946192e-003 2.52624392e-003
    1.00850652e-003 8.73674406e-004 0. 0. 0. -1.25396345e-003 0. 0.
    1.07863790e-003 9.24066117e-004 8.58897110e-004 9.71009955e-004 0.
    1.23060774e-002 9.05828201e-004 0. 3.07457149e-003 5.31369529e-004
    0. 5.52549725e-003 7.10387342e-003 0. 3.53832380e-003 0. 0.
    -6.72923517e-004 0. 8.65181559e-004 2.68161879e-003 0. 0.
    2.11532903e-003 -5.80056617e-003 0. 0. 0. 0. 0. 8.31052195e-003 0.
    0. -1.66343889e-004 0. 0. 0. 0. 0. 0. 0. 6.04156125e-003 0.
    2.40233866e-003 1.31833926e-003 4.54212306e-003 5.76037588e-003
    1.12217874e-003 0. 4.33089957e-003 0. 0. 0. 5.53462538e-004 0. 0. 0.
    -9.73549730e-004 -2.36223894e-003 0. 8.85821355e-004 0.
    3.27363005e-003 0. 0. 1.22022524e-003 0. 2.97593023e-003 0. 0. 0.
    6.41836668e-004 0. 9.05313238e-004 0. 4.42165136e-003 0. 0. 0. 0. 0.
    0. 0. 3.62941343e-003 8.79632018e-004 0. 0. 0. 1.97320804e-003
    -2.95454956e-004 1.16303191e-003 0. 6.94439607e-003 0. 0.
    2.21345434e-003 1.36742974e-003 2.67571479e-004 0. 0. 0. 0. 0. 0.
    1.51218649e-003 0. 0. 2.93178251e-003 5.49625140e-004
    1.33982790e-003 -9.08704649e-004 9.62950569e-003 3.31149460e-003 0.
    2.09152559e-003 0. 4.66236565e-003 0. 2.24697008e-003 0.
    4.60531941e-004 0. -3.33192329e-005 -2.05011759e-003 3.94102978e-003
    3.46359401e-003 0. 2.05560331e-003 -8.78720166e-005 0.
    6.44698623e-004 7.53214292e-004 0. 4.75837238e-004 6.35967182e-004
    4.66950797e-003 1.26484921e-003 4.80320444e-003 0. -2.34245992e-004
    0. 0. 1.24190387e-003 0. 8.01587186e-004 0. 0. 0. 0. 0. 0.
    8.78973305e-003 0. 1.46104838e-003 0. 6.07058406e-004 0. 0.
    -3.34272103e-004 0. 0. 9.12499556e-004 0. 0. 0. 0. 0. 0.
    6.15986297e-003 3.55997094e-004 6.80082652e-004 -8.96362239e-004
    -1.14587834e-003 3.27311666e-003 0. 5.17649227e-004 1.85393600e-003
    0. 2.45573395e-003 3.78266413e-004 1.42312271e-003 0. 0. 0. 0. 0. 0.
    0. 7.55682471e-004 1.23274128e-003 4.21905005e-003 0.
    3.98253353e-004 4.16903524e-003 3.81299574e-003 0. 1.84784512e-004
    2.52509885e-003 4.38483432e-003 2.75066891e-003 1.51703949e-003 0.
    1.65413122e-003 0. 0. 0. 0. 0. 1.57491432e-003 0. 1.88930205e-003
    -2.65459996e-003 3.32833151e-003 0. 1.01244450e-002 3.59437591e-003
    2.27996940e-003 0. 0. 0. 4.26618988e-003 0. 0. 5.53150894e-003
    2.71841371e-003 3.62948026e-003 4.16860392e-004 0. 0.
    2.02501717e-004 0. 0. 0. 1.11227296e-003 7.73233769e-004 0.
    9.07685098e-005 5.63267432e-003 0. 0. 0. 0. 0. 5.84291108e-003
    4.89831949e-003 2.88860593e-003 0. 0. 0. 0. 3.18008504e-004 0.
    6.00088912e-004 0. 3.04319640e-003 6.04820019e-003 0. 0. 0.
    7.11878354e-004 0. 5.80511987e-004 0. 9.31404997e-004
    9.11615789e-004 9.63302678e-004 0. 1.55121821e-003 0. 0. 0. 0. 0.
    1.01660378e-003 6.51627721e-004 0. 7.72460073e-004 0. 0. 0.
    1.03975111e-003 0. 0. 6.61323429e-004 9.51345835e-004 0. 0. 0. 0.
    1.70828530e-003 6.25897944e-003 0. 0. -3.49143578e-004 0.
    1.25953625e-003 2.62173009e-003 0. 0. 0. 2.01523467e-003
    1.29051728e-003 7.45624583e-003 0. 1.12500833e-003 2.75141234e-003
    0. 0. 0. -1.12762209e-003 4.69446834e-003 0. 5.12353797e-003
    6.97204238e-003 0. 0. 0. 2.89403345e-003 0. 8.56050104e-003
    2.57770019e-003 5.52736805e-004 1.25036400e-003 1.93592496e-004 0.
    7.09894113e-004 2.94580241e-003 0. 0. 0. 6.40189217e-004
    2.97453115e-003 0. 0. 0. 0. 1.57664972e-003 0. 0. 0. 0. 0. 0. 0. 0.
    3.47946049e-003 0. 0. 2.72819120e-003 8.02991330e-004
    1.28361816e-003 0. 1.67975749e-003 1.00219413e-003 0. 0. 0.
    8.91753123e-004 1.88317115e-003 0. 0. 0. 0. 0. 1.12238491e-003 0.
    3.25307949e-003 0. 0. 1.55681605e-003 6.85031805e-003 0.
    7.62294233e-003 1.69534131e-003 5.42226015e-003 0. 1.48035132e-003
    2.41448451e-003 4.19519097e-003 2.20166822e-003 5.39441127e-003 0.
    0. 0. 3.78035195e-003 0. 0. 0. 2.91884644e-003 1.00908498e-003
    1.48055167e-003 0. 3.57660791e-003 6.82321098e-003 0. 0.
    1.33475820e-002 -8.02050927e-004 -1.08179593e-004 1.11021323e-003 0.
    1.83342688e-003 1.06719509e-003 7.36435904e-005 0. 0. 0. 0.
    3.80790047e-003 2.19067093e-003 7.30500265e-004 0. 0.
    1.22742564e-003 5.04166994e-004 1.85496546e-003 0. 0. 0.
    9.65206418e-004 0. 9.51244496e-004 -1.35274674e-003 6.21435349e-004
    8.61613487e-004 3.94466450e-004 1.44033111e-003 1.01103261e-002
    4.73215664e-003 2.36984529e-003 0. 0. 0. 0. -1.31154666e-003 0. 0.
    3.27050639e-003 0. 0. 0. 0. 2.50605238e-003 0. 3.68348730e-004
    -1.36606614e-004 7.78796792e-004 9.24327760e-004 0. 5.09775011e-004
    0. -3.71468159e-005 6.65012700e-003 8.51938268e-004 1.07112864e-003
    0. 4.66395263e-003 2.29502213e-003 0. 9.88483895e-004 0. 0.
    2.40345183e-003 1.87166489e-003 0. 0. 1.72596844e-003
    8.11003556e-004 0. 0. 6.05329219e-003 0. 1.03962189e-003 0. 0.
    4.47101519e-003 3.32917506e-003 8.71370174e-003 0. 0.
    -2.47240328e-004 2.97033112e-004 0. 0. 6.49847731e-004 0.
    5.33108460e-003 0. 2.51037069e-003 3.52355838e-003 5.65380184e-003
    0. 1.80996617e-003 1.25927012e-003 0. 0. 0. 6.82304101e-003 0. 0.
    3.20330635e-003 0. 0. 0. 1.22254773e-003 0. 0. 0. 0. 0. 0.
    1.97441527e-003 0. 2.78172013e-003 0. -1.96062354e-003 0.
    5.83575573e-004 4.94870264e-003 0. 0. 0. 1.76186068e-003
    1.99797068e-004 0. 0. 0. 9.25849017e-004 0. 2.02355115e-003 0. 0.
    8.92720767e-004 -8.28497112e-004 1.45883474e-003 0. 0. 0. 0.
    2.13020053e-006 0. 0. 0. 0. 6.24593929e-004 0. 0. 5.55071281e-003
    1.31011417e-003 2.92106252e-003 0. 2.02338700e-003 0.
    1.51116017e-003 0. 0. 1.46677380e-003 0. 0. 0. 0. 0. 0.
    1.74354902e-003 1.01530589e-002 0. 0. 4.46786592e-003 0. 0. 0. 0. 0.
    0. 8.41677422e-004 0. 0. 1.92764413e-003 0. 0. 0. -1.37923914e-003
    0. 0. 1.59725884e-003 1.65674393e-003 3.65882926e-003
    4.03783342e-004 3.82726756e-003 -7.32270477e-004 3.52084660e-003 0.
