<?xml version="1.0"?>
<opencv_storage>
<imageDescriptor type_id="opencv-matrix">
  <rows>1</rows>
  <cols>1000</cols>
  <dt>f</dt>
  <data>
    5.76976803e-004 0. 7.03152595e-003 0. 0. 0. 2.62765680e-003
    1.59034180e-003 5.22956438e-003 0. 9.65594836e-007 0. 0.
    1.65283680e-003 2.89937016e-003 0. 1.08360592e-003 1.39230490e-003
    1.91325435e-005 0. 0. 0. 1.01410202e-003 7.55383866e-004 0.
    1.09143590e-003 2.76236236e-003 0. 1.49866927e-003 2.04718439e-003
    0. 2.39889743e-003 1.79821509e-003 1.58367213e-003 0. 0. 0.
    7.12581328e-004 0. -1.43856171e-003 -1.58534662e-004 5.52219618e-003
    1.67224300e-003 1.72525179e-003 0. 0. 0. 4.21990547e-003
    -9.61354584e-004 2.30499427e-003 0. 1.21339574e-003 1.17089157e-003
    1.15414360e-003 3.52343218e-003 7.88231846e-003 0. 0. 0.
    1.38581253e-003 0. 5.37618354e-004 0. 1.50236336e-003
    1.68644334e-003 1.90241472e-003 4.19726735e-003 6.20861538e-004 0.
    3.05216905e-004 0. -2.14180630e-003 0. 4.57745418e-003 0.
    1.85663486e-003 -4.97107103e-004 0. 0. 3.25961784e-003 0. 0.
    6.51790877e-004 5.23402821e-003 1.40890002e-003 -1.15159084e-003 0.
    8.62933788e-003 0. 0. 0. 2.10992782e-003 0. 2.53758626e-003 0.
    -1.59146930e-005 0. 2.27262499e-003 9.03159089e-004 0. 0. 0. 0.
    1.31200440e-003 0. 0. 0. 0. 3.04105459e-003 0. 0. 4.56393580e-004 0.
    2.53719115e-003 3.40729649e-003 1.38519309e-003 3.45222047e-003
    2.19303835e-003 1.18799298e-003 0. 2.53827078e-003 0. 0. 0.
    5.47593052e-004 0. 0. 0. 0. 0. 0. 0. 0. 1.10996736e-003 0.
    4.47051279e-005 0. -1.24690676e-004 8.31456855e-004 1.97453727e-003
    0. 1.15486160e-002 -9.94646689e-004 3.92267620e-003 0.
    7.43796991e-004 1.75232999e-003 -2.98100000e-004 6.78668905e-004
    7.50387117e-005 -1.07026449e-003 1.70944966e-002 4.56704525e-004
    -4.02290112e-004 -7.17335148e-004 0. 0. 0. 1.16491644e-003 0. 0. 0.
    3.23972432e-003 -1.44879028e-004 0. 1.43061811e-003 5.28786285e-003
    0. 5.15908469e-003 2.82188994e-004 0. 7.59813562e-003
    2.39418261e-003 6.63572166e-004 2.89559684e-005 0. -8.55165534e-004
    0. 1.90571463e-003 4.51877830e-004 0. 0. 2.76077975e-004
    3.92664690e-004 1.18640123e-003 1.17878313e-003 2.47166143e-004
    -8.46423907e-004 1.83818047e-003 1.75223150e-003 2.67880969e-003 0.
    0. 0. -2.20182119e-004 3.51441256e-003 -5.03865420e-004
    -4.96984110e-004 6.28671050e-003 1.39613892e-003 0. 0.
    2.58463877e-003 5.49355289e-004 0. 0. 2.99860979e-003
    4.76474175e-004 0. 6.80748781e-004 0. 0. 6.78218668e-003 0. 0. 0. 0.
    0. 0. 0. 0. 0. 6.24923501e-004 8.23928043e-004 0. 0. 3.29694524e-003
    2.50057410e-003 2.40621250e-003 -1.54892448e-003 -3.09048628e-004
    9.66406369e-004 6.87620020e-004 0. 0. 0. 0. -6.52918243e-004
    1.80751231e-004 1.35880650e-003 0. 2.39966158e-003 4.52828035e-003
    0. 0. 2.01270683e-003 -6.04908913e-004 0. 7.09775835e-004
    4.16233344e-003 9.42810322e-004 0. -2.57195695e-003 0.
    1.09943748e-003 0. 4.29879932e-004 2.01682094e-003 7.77527690e-003
    0. 1.56279956e-003 0. 0. -1.05974090e-003 7.18343945e-004 0. 0. 0.
    -1.55692454e-004 -1.18634058e-003 5.56023419e-003 1.65634218e-003 0.
    1.37520151e-003 6.23370614e-003 9.70383815e-004 0. 3.70434864e-005
    7.35424692e-004 0. -1.48561476e-005 0. 0. 5.51006291e-003
    -1.92696729e-003 -4.83678933e-003 0. 1.28852483e-002 8.14952131e-004
    0. 0. 0. 1.27391831e-003 0. 0. 0. 0. 0. 0. 4.46326612e-003
    -1.18514872e-003 9.95247508e-004 7.14855618e-004 1.06681150e-003 0.
    2.20698817e-003 0. 3.78816680e-004 1.44693907e-003 4.33807820e-003
    0. 0. 0. 7.12130102e-004 1.44524442e-003 3.42450105e-003
    1.05198233e-004 8.86951108e-004 1.41985784e-003 0. -2.09951104e-005
    0. 2.19334941e-003 0. 0. 4.79743630e-003 6.59544161e-003 0. 0. 0. 0.
    1.79474638e-003 -7.23703648e-004 1.86305528e-003 7.79007282e-003 0.
    4.60184552e-003 3.28784529e-003 6.61974680e-003 1.10903429e-003
    1.26485340e-003 0. 0. 0. 0. 0. 0. 2.90463283e-003 9.25500353e-004 0.
    3.52588715e-003 0. 0. 0. 0. 3.34955379e-003 -4.52735221e-005 0.
    4.41020913e-003 1.46412605e-003 -1.47413544e-003 0. 1.44810043e-003
    0. 1.57051987e-003 -1.85503086e-004 6.13659737e-004 5.97245526e-003
    0. 1.56264496e-003 8.54626577e-003 0. 3.92717629e-004
    -9.82501428e-004 1.49969652e-003 1.07959332e-003 -3.45006469e-004
    9.59207187e-004 0. -3.18278722e-003 0. 0. 0. 0. 9.37340898e-004
    7.38992763e-004 7.32440967e-004 0. 0. 2.16268189e-003 0.
    1.44895667e-003 1.05728547e-003 6.59485441e-003 -8.35322717e-005 0.
    2.58329650e-003 3.83916940e-003 0. 5.55854233e-004 0. 0.
    -7.92653533e-004 6.85148407e-004 1.54562946e-003 1.01535348e-003
    -5.68967487e-004 1.64253637e-003 0. 0. 1.65113830e-003
    1.06176664e-003 3.26238549e-003 0. 0. 0. 0. 5.17645152e-003
    7.96318799e-003 6.39510434e-003 0. 2.29790155e-003 2.94450484e-003
    1.05308020e-003 0. 0. 9.70521569e-003 3.05504189e-004
    2.25786213e-003 9.77046322e-004 0. 6.33696932e-003 0. 0.
    2.22029933e-003 0. 0. 1.38988753e-003 2.91912025e-003 0. 0. 0.
    2.50096596e-003 0. 0. 1.21457735e-003 0. 1.43580465e-003 0. 0.
    7.11895479e-003 0. 0. 1.14110648e-003 0. 4.59670409e-004
    1.02695613e-003 2.72719160e-004 0. 0. 0. 2.57697003e-003
    7.01148310e-005 0. 1.40325143e-003 0. 5.31757367e-004 0. 0.
    1.75317226e-003 1.74512411e-003 0. 9.26554669e-004 2.30135789e-004
    2.12430046e-003 3.84066370e-004 0. 1.49618019e-003 0. 0.
    8.48964555e-004 1.14521128e-003 1.16018276e-003 0. 1.19446730e-003
    4.03769687e-003 0. 4.67931386e-003 4.92468535e-004 0. 0.
    -2.45435862e-004 0. 1.63801410e-003 0. 0. -3.25082045e-004
    1.00056920e-003 0. 0. 5.18152490e-004 2.41598114e-003
    1.96043955e-004 0. 1.28921494e-002 2.83376779e-003 9.69843531e-005
    0. 0. 2.05969904e-003 0. 4.80930693e-003 7.34638888e-003
    1.34464202e-003 9.19992221e-004 8.84238631e-004 2.14718934e-003
    3.27019580e-003 4.96232510e-003 1.57664518e-003 0. 1.50007871e-003
    0. -4.05012997e-006 2.19994268e-004 1.99197838e-003 0. 0.
    3.29985982e-004 -3.40941548e-003 6.93177746e-004 0. 0.
    4.21152636e-003 0. 5.23160351e-003 0. 3.07023700e-004
    -1.63097342e-003 6.38764445e-003 0. 0. 8.81793792e-004
    9.77766933e-004 3.61078070e-004 4.32849303e-003 0. 0.
    1.72235433e-003 7.92822684e-004 0. 0. 0. 7.31697888e-004 0. 0. 0. 0.
    0. 0. 0. 2.24354328e-003 6.60222140e-004 6.75098971e-004
    6.56394288e-004 1.12918345e-002 0. 0. 0. 0. 4.78822645e-003 0.
    2.65825831e-004 0. 5.08293649e-003 0. 0. 1.45260594e-003 0.
    3.65914102e-003 1.34449208e-003 0. 0. 1.20900443e-003 0.
    1.13714195e-003 2.82100867e-004 1.68686768e-003 0. 1.82466768e-003
    2.65415828e-003 0. 0. 3.72734270e-004 9.75929783e-004 0.
    1.04989018e-003 6.43062463e-004 2.09435308e-003 2.32920423e-003
    -3.43317282e-004 0. 0. 0. 5.13635529e-003 7.07968138e-004
    2.74023041e-003 0. 3.52203660e-003 0. 7.31116394e-004
    3.89062008e-003 3.63692408e-003 0. 0. 0. 0. 0. 1.46936649e-003
    -1.34382572e-004 2.39362102e-003 -1.75288774e-003 0. 0.
    9.22649750e-004 0. 0. 9.17619967e-004 0. 0. 3.17856926e-003
    1.70420692e-003 0. 0. 0. -8.93016055e-004 0. -2.50828359e-003
    9.35712596e-004 0. 0. 3.41986259e-003 3.61958577e-004
    -2.31278915e-004 0. 1.91791682e-004 3.03409039e-003 0.
    8.36895953e-004 5.11961465e-004 0. 0. 0. 1.40391407e-003 0.
    4.69812076e-005 1.38818985e-004 0. 8.76278325e-004 2.93835159e-003
    1.27500528e-003 0. 0. 0. 0. 0. 0. 2.72197911e-004 4.21138108e-003 0.
    0. 0. 3.98715306e-003 4.11488669e-004 0. 4.72648256e-003
    5.24230709e-004 4.94632032e-003 0. 2.03996710e-003 0.
    2.78403657e-003 1.15440087e-003 1.19979947e-003 0. 2.46219430e-003
    2.78376788e-003 0. 0. -4.61199612e-004 0. 0. 0. 4.63290792e-003
    1.64170167e-003 2.39805458e-003 0. -1.30091095e-003 0.
    1.64346397e-003 0. -3.75642034e-004 1.13783358e-003 1.63879711e-003
    0. 5.70910377e-003 2.80663976e-003 0. -6.82234764e-004 0.
    -6.30473020e-004 0. 2.44197412e-003 3.25538358e-003 0. 0. 0. 0.
