<?xml version="1.0"?>
<opencv_storage>
<imageDescriptor type_id="opencv-matrix">
  <rows>1</rows>
  <cols>1000</cols>
  <dt>f</dt>
  <data>
    3.63689353e-004 0. 2.02716747e-003 0. 2.77653686e-003
    3.21631611e-004 0. 0. 0. 0. 0. 0. 0. 0. 2.78794486e-003
    5.14551857e-003 0. 2.24893773e-003 0. 0. 0. 8.23046081e-004 0. 0. 0.
    1.88451365e-003 1.03525621e-004 2.64821481e-002 0. 0. 0. 0.
    4.92357765e-004 0. 0. 2.38865730e-004 4.68440726e-003 0.
    4.33994317e-003 1.45064539e-003 0. 6.57754135e-004 1.80797506e-004
    1.59520213e-003 1.25846197e-003 8.96846130e-003 2.07646377e-003 0.
    0. 1.55270263e-003 0. -9.39757004e-003 -3.74692143e-004
    9.54309071e-005 0. 3.51852714e-003 0. 0. 0. 6.35525258e-003
    2.86406698e-003 3.21417162e-003 4.71747387e-003 0. 6.61373313e-004
    5.46973257e-004 0. 0. 2.67320452e-003 6.21946238e-004 0.
    4.37941914e-003 0. 0. 0. -8.30083503e-004 -5.98141598e-003
    3.64480936e-003 3.85745021e-004 0. 1.50904548e-003 0. 0.
    2.41322396e-003 0. 1.13812764e-003 0. 0. 0. 5.24367345e-003 0.
    2.35709595e-003 9.99813434e-004 1.87405106e-003 4.28774714e-004 0.
    3.95813864e-003 -1.98263122e-004 1.60159927e-003 0. 3.26013978e-004
    2.37658108e-003 5.19252829e-002 1.20726263e-003 5.80141693e-003 0.
    3.72716715e-003 6.61523174e-003 8.35572486e-004 -3.16500198e-004
    6.78754039e-003 3.33553832e-003 1.33303215e-003 2.53535295e-003 0.
    5.44506544e-003 0. 8.58537562e-004 4.87581332e-004 0.
    -7.08420703e-004 4.83676296e-004 -4.71302134e-004 2.81176483e-003
    8.49804783e-004 1.34637160e-003 0. 3.53828608e-003 2.21960875e-003
    0. 0. 1.40755158e-003 0. 0. 0. 3.99330445e-003 1.33046112e-003 0.
    1.22783007e-004 1.56766153e-003 0. 0. -5.06422657e-004 0.
    1.43208285e-003 0. 3.22759780e-003 -5.55039209e-004 3.85192456e-003
    0. 8.77604270e-006 5.83212683e-003 6.91145600e-004 -2.21121521e-003
    0. 0. 0. 5.63144423e-002 0. 0. -8.35971907e-004 0. 0.
    3.77437682e-003 0. -7.15013521e-005 0. 1.20468054e-003
    9.15308017e-003 0. 0. -9.02886793e-004 6.39156438e-004
    4.90351464e-004 0. -4.30981582e-003 -6.34480617e-004 2.26760493e-003
    0. 6.28527626e-003 8.96663114e-004 0. 0. 4.41446155e-003
    1.17016851e-003 7.83723954e-004 1.63014804e-004 7.58443610e-004
    4.97656001e-004 1.20154920e-003 1.74360146e-004 1.16636518e-004
    7.97015498e-004 0. 0. -1.14470196e-003 0. -2.05851247e-004 0. 0.
    9.82540892e-004 1.20788384e-002 3.32169048e-003 3.57195712e-003 0.
    -2.53499136e-004 1.38904419e-004 0. 0. 7.25735794e-004 0.
    1.26946357e-003 0. 0. 0. -5.25685435e-004 3.61176440e-003 0.
    4.13995748e-003 0. 0. 0. 1.57115236e-003 -6.07180176e-004 0. 0.
    1.65389571e-003 1.59605930e-003 6.13575466e-002 2.64600967e-004
    3.06144735e-004 0. 0. 0. 0. 5.91900083e-004 0. 3.71115224e-004 0. 0.
    0. 0. 0. 4.95048240e-003 9.59739322e-004 -5.12933300e-004
    7.00279197e-004 0. 0. 2.46806466e-003 0. 4.26971528e-004
    5.62640047e-003 0. 6.54959411e-004 8.91170232e-004 1.08314189e-003
    1.64744270e-003 -5.88843657e-004 0. 7.71513616e-004 7.41331547e-004
    -4.74589586e-004 9.52123315e-004 0. 0. 3.96650052e-004
    -2.69929389e-003 -4.36345959e-004 2.50109518e-003 0. 2.21847222e-004
    0. 3.46685993e-003 2.41197948e-003 2.83039408e-003 3.76067153e-004
    0. 0. 0. 2.74474756e-003 0. -2.63612694e-003 0. 0. 6.52336469e-003
    6.34471048e-003 0. -1.15403684e-003 0. 0. 8.51229997e-004
    1.19034406e-002 0. 2.54038651e-003 0. 0. -8.08478624e-004
    3.66281718e-003 3.19488696e-003 0. 1.24549970e-003 1.04847760e-003
    0. 0. 1.23929023e-003 0. 8.34528764e-004 4.49512328e-004
    -1.68604980e-004 0. 0. 0. 0. -1.03397710e-004 3.19473533e-004
    1.57212396e-003 2.94948509e-003 1.41819392e-003 4.85278945e-003
    9.16523742e-004 2.67192884e-003 8.20609857e-004 0. 0. 0. 0. 0.
    1.78395945e-003 0. 0. 1.91488862e-003 2.38818559e-003 0. 0.
    1.23722828e-003 1.27295335e-003 0. 0. 0. 1.90773062e-004 0.
    8.93771707e-004 -3.78475408e-003 0. 0. 3.38965841e-003
    -4.55844740e-004 0. 0. 0. 0. 0. 0. 7.15747243e-003 -1.95974670e-003
    -3.91622365e-004 0. 0. 0. 0. 0. 0. 0. 3.06925108e-003
    -2.75702332e-004 0. 1.61784934e-003 -1.63944424e-004 0.
    2.33939965e-003 0. 0. 0. 3.41575150e-003 0. 0. 1.66242279e-003
    2.78324378e-003 3.91437061e-004 1.35824631e-003 8.52718134e-004 0.
    0. 3.08465678e-004 -1.04269898e-003 1.59533299e-003 7.56736204e-004
    2.64384260e-004 1.01237628e-003 0. 0. 0. 4.06352221e-004 0.
    -5.80517517e-004 1.26516132e-003 0. 0. 5.27247507e-003 0. 0. 0. 0.
    1.21821451e-003 0. 0. 0. 0. 0. 0. 0. 0. 0. 2.55658524e-004
    5.24118589e-003 0. 1.43812248e-003 4.53490793e-004 0.
    -3.00642831e-004 -2.78729043e-004 1.03773351e-003 2.56259344e-004 0.
    -1.19672244e-004 0. 8.15694919e-004 1.21848006e-003 1.90292404e-003
    8.73099081e-004 4.36698028e-004 1.77618361e-003 1.35617622e-003 0.
    0. 0. 1.68876769e-003 1.03261809e-004 0. -2.26317585e-004 0.
    8.27854406e-003 6.47441833e-004 3.12585593e-003 5.62557951e-004
    2.18754797e-003 0. 0. 0. 0. 1.53346790e-003 0. 0. 7.87997444e-004 0.
    0. 0. 4.03713602e-006 0. 0. 0. -4.00459906e-003 0. 1.18395453e-002
    0. 0. 0. 0. -3.05480935e-004 0. 0. 0. 7.20842928e-003
    -1.88308375e-004 0. 0. 1.05097739e-003 1.96274580e-003 0.
    1.74769992e-003 2.03610235e-003 3.61724780e-003 0. 0. 0. 0. 0. 0.
    -1.09214382e-003 1.05617347e-003 5.94653247e-004 0. 7.32086191e-004
    0. 0. 3.06045427e-003 0. 0. 2.92986369e-004 0. 0. 0. 0.
    6.98150892e-004 0. 0. 0. 1.26950943e-003 1.88486680e-004
    -1.81589578e-003 0. 0. 0. 1.52187818e-003 0. 2.59187364e-004 0. 0.
    1.69476646e-003 0. 2.44689500e-003 0. 0. 1.08082616e-003
    1.17094377e-002 5.06309839e-003 1.15923700e-003 0. 1.40696624e-003
    1.74843438e-003 0. -1.59260046e-004 -6.01703505e-005 0.
    1.14629720e-003 3.94227769e-004 2.19451598e-004 0. 0. 0.
    -1.07544893e-003 0. 0. 0. -3.75163596e-004 0. 3.92240472e-003
    1.55318144e-003 3.77720199e-003 0. 0. 0. 0. 0. 0. 4.03834693e-003
    3.09076346e-003 0. 1.75826473e-003 0. 5.02662384e-004 0. 0. 0. 0.
    3.46173125e-004 0. 1.17742096e-003 0. 1.45969680e-003 0. 0. 0.
    1.26750406e-003 1.44532928e-003 0. 1.50147919e-003 0. 0.
    2.76617892e-003 3.39699072e-005 0. 0. 0. 0. 0. 0. 0. 0.
    3.18103121e-003 0. 0. -5.34586282e-003 0. 5.51999372e-004 0.
    4.06710082e-004 0. 0. 1.71558160e-004 4.28374595e-004 0. 0. 0.
    -1.53808517e-003 1.40668894e-003 1.90649822e-003 3.50846117e-003 0.
    0. 1.94650737e-003 -4.23538993e-004 1.09858764e-003 0.
    1.28426508e-003 0. 2.44332245e-003 0. 3.10557341e-004
    3.01635358e-004 -4.20575612e-004 8.29461904e-004 -2.34446179e-005 0.
    3.93742956e-002 6.75304153e-004 0. 2.57327687e-003 0. 0. 0. 0.
    1.90410041e-003 1.36947306e-003 0. -7.15736882e-004 5.22024447e-006
    0. 0. 0. 2.68722419e-003 6.06941618e-003 1.88163912e-003
    2.56751641e-003 2.30973810e-002 3.20875878e-003 4.38399729e-004
    1.25823217e-003 0. 0. 0. 0. 1.23045128e-002 -5.68723626e-005 0.
    -1.12547554e-004 0. 0. 1.64531078e-003 2.10658065e-003
    1.29610684e-003 0. 1.95414433e-003 0. 0. -2.61109439e-004
    -2.53424405e-005 5.30517020e-004 3.17774061e-003 0. 2.81149941e-003
    1.40285562e-003 0. 0. 0. 0. 0. 0. 0. 0. 0. 0. 2.39094472e-004 0.
    5.93208824e-004 0. 5.99515275e-004 0. 2.58832821e-004 0. 0.
    7.23634381e-004 2.89651752e-003 0. 5.80453125e-005 1.53342669e-003
    0. 0. 3.57254618e-003 0. 1.27929472e-003 -1.20622222e-004
    3.53266980e-004 1.67272438e-003 0. 0. 0. 0. 4.59190225e-003 0. 0. 0.
    1.21325359e-003 0. 0. 5.06726268e-004 3.43826646e-003 0. 0.
    5.16536180e-003 -8.06209515e-004 0. 0. 0. 0. 5.66087838e-004 0. 0.
    0. 2.23661773e-003 0. 0. 3.52618936e-003 0. 0. 1.75471616e-003 0. 0.
    0. 1.10206299e-003 -2.00203533e-004 6.78158540e-004 2.83960719e-003
    0. 1.83744344e-003 7.89735874e-004 0. 0. 0. 1.28908374e-003 0.
    2.84357200e-004 2.93653598e-003 -3.60722566e-004 0. 0. 0. 0.
    1.85976236e-003 -1.41389912e-003 0. 2.34839064e-003 3.06338980e-003
