<?xml version="1.0"?>
<opencv_storage>
<imageDescriptor type_id="opencv-matrix">
  <rows>1</rows>
  <cols>1000</cols>
  <dt>f</dt>
  <data>
    -4.82205447e-004 0. 3.69158085e-003 0. 0. 2.16200808e-003
    2.02113274e-003 0. -1.06983329e-003 0. 0. -4.28459403e-004 0.
    -2.73548882e-004 0. 0. 5.09048859e-003 7.57989474e-004 0. 0. 0. 0.
    0. 0. 0. 7.18070951e-004 0. 2.20816652e-003 0. 6.71601994e-003 0.
    -2.31909755e-004 0. -3.59323516e-004 2.58449768e-003 4.89026587e-003
    -3.03967786e-003 9.64016770e-004 0. 8.77877232e-004 3.36130266e-003
    0. 0. -1.44425943e-003 -6.02326880e-004 0. 4.42491472e-003 0.
    1.92330117e-004 1.49514284e-002 0. -5.06909972e-004 5.35098254e-004
    0. -5.31224767e-004 3.73860647e-004 0. 5.64528636e-005 0.
    1.08655577e-003 0. 3.32301250e-003 6.11355994e-004 3.58403847e-003
    3.62043502e-003 0. 0. 0. -6.50465954e-004 -1.97644066e-003
    1.94924104e-003 3.62330792e-003 0. 1.19107245e-002 0.
    -8.98722283e-005 2.81933020e-003 0. 0. 0. 0. 0. 1.97536981e-004
    8.45232629e-004 1.46633654e-004 -5.97294187e-004 0. -3.77262034e-003
    4.55832254e-004 0. 0. 6.25862135e-003 5.38977038e-004
    2.73184152e-003 0. 1.21896819e-003 0. 3.24098626e-003
    1.84330053e-003 4.22510930e-005 0. 1.38349039e-003 0.
    1.32349785e-003 8.61833920e-004 -1.58547351e-004 3.27560608e-003
    2.38390942e-003 1.94972020e-003 1.16964919e-003 -2.81858095e-003
    3.80058982e-003 7.98329245e-004 2.29389593e-003 9.95629700e-004
    -1.86988723e-003 0. 0. 0. 0. 1.68415962e-003 0. 4.62353579e-004
    -1.78718066e-003 0. 1.29196569e-002 0. 2.11933278e-004 0.
    5.26647083e-004 0. 0. 0. 2.52390327e-003 0. 0. -9.21416358e-006
    4.65605687e-003 -4.06411506e-004 -1.86771751e-004 2.91949464e-003 0.
    -6.21216139e-004 0. 4.14743181e-003 4.73291287e-003 0.
    1.11797999e-003 0. 6.07248768e-003 -6.42835628e-004 5.15412726e-003
    8.73233308e-004 5.19468030e-003 0. 0. 0. 0. 1.90684723e-003 0. 0. 0.
    0. 2.37487070e-003 2.95497687e-003 0. 2.81978981e-004 0.
    6.90426864e-003 1.58907508e-003 0. 7.89507350e-004 1.48247350e-002
    2.66702962e-003 0. 0. 0. 1.72865554e-003 5.60209504e-004
    1.11580640e-002 5.01523819e-003 0. 7.50198541e-003 3.21565149e-003
    0. 1.25503242e-002 -1.05947407e-003 3.16510443e-003 0.
    2.29260023e-003 1.23642304e-003 2.01957906e-003 0. 0. 0.
    1.29945669e-002 1.70039327e-003 -9.32916242e-004 0. 4.72721877e-004
    0. -1.57905713e-004 9.50204383e-004 1.21789239e-003 0.
    5.91692398e-004 1.93534314e-003 1.34023791e-003 0. 0.
    5.34531951e-004 2.93784924e-005 4.88050841e-003 1.48220616e-003
    6.37573469e-003 0. 2.95481936e-004 0. 3.73558199e-004 0. 0. 0.
    1.16588303e-003 3.45978333e-004 0. 0. 5.52762859e-003
    1.29337935e-003 1.70303101e-003 4.63949423e-003 7.95853339e-005
    7.52104027e-003 2.39546923e-003 0. 0. 0. 3.04577057e-003
    -3.11780226e-004 0. 5.72786434e-004 0. 1.58426905e-004
    5.72758075e-003 0. 3.44988401e-003 0. 0. 0. 0. 1.32119155e-003
    7.23741716e-004 0. -5.06455894e-004 0. 0. 0. 3.23794689e-003
    1.55776646e-003 8.21273890e-004 0. 0. 0. 0. 1.12289796e-003
    9.72043606e-004 9.22957493e-004 -1.80794654e-004 3.58091015e-003
    4.73537424e-004 0. 1.43774075e-003 0. 0. 1.80341303e-003
    1.68132677e-003 2.15486553e-003 0. 0. 0. 0. 0. 0. 3.39920836e-004
    1.00596331e-003 0. 1.00107500e-005 0. 7.36494549e-004
    6.03689393e-003 0. 0. 1.05510568e-002 1.15919830e-002 0. 0. 0. 0. 0.
    5.31795621e-003 0. 0. -2.63724476e-004 2.54251109e-003 0.
    1.86597940e-003 0. 1.26829161e-003 4.98877605e-003 0.
    1.74650794e-003 2.91505968e-003 0. 0. 0. 0. 1.98058644e-003 0.
    1.60293968e-003 0. 4.46659932e-003 6.30810438e-003 5.63892070e-004
    0. 0. 7.52565218e-004 3.01956711e-003 1.09329226e-003 0.
    -2.92266428e-004 1.27103284e-003 0. 7.15054281e-004 1.47531612e-003
    0. 6.88631693e-003 0. 0. 1.89796425e-004 0. 1.14000845e-003 0. 0.
    7.03916128e-004 0. 0. 1.66789640e-003 0. -2.99024163e-003 0. 0.
    2.45499052e-003 0. 0. 1.66427391e-003 3.69250402e-003
    1.63979756e-004 0. 0. 0. 0. 0. 0. 0. 0. 8.37672502e-004 0. 0.
    1.84459437e-003 3.37010156e-003 0. 1.81256724e-003 0.
    1.36115856e-003 0. 0. 0. 1.50391622e-003 -6.83104445e-004
    8.98174709e-004 0. 0. 0. 0. 0. 8.20354035e-004 1.38428051e-003
    1.76795613e-004 0. -2.12533501e-004 0. 0. 4.34440188e-003 0. 0. 0.
    0. 2.01577554e-003 0. 0. 0. 0. 0. 1.72825658e-003 1.08195818e-003 0.
    0. 0. 0. 0. 2.09644204e-003 7.26466649e-004 1.29536551e-004 0. 0.
    4.76588320e-004 6.52115000e-003 0. 0. 4.34261328e-003
    3.01251165e-003 4.44059866e-003 -2.88617448e-004 1.53444905e-003 0.
    0. 0. -5.94618323e-004 1.19045901e-003 -1.56084243e-005
    2.46222690e-003 0. 0. 7.38814197e-005 0. 1.43471771e-004 0. 0.
    2.06064666e-003 0. 0. 2.33391998e-003 0. 0. 0. 4.61116107e-003 0.
    7.90955848e-004 7.31386011e-003 0. 0. 3.44200362e-003 0. 0. 0.
    -3.67115688e-004 0. 1.03441140e-004 0. 0. 9.57821321e-004 0. 0.
    1.08080472e-004 -1.88011254e-005 2.10896670e-003 0. 0.
    -8.31368030e-004 1.56328094e-003 0. -1.11361674e-003 2.75590317e-003
    1.12648867e-003 0. 5.50591212e-004 0. -1.27238993e-004 0.
    -2.63264548e-004 0. 3.80206434e-003 3.23507027e-003 2.43973918e-003
    -1.23517457e-004 4.50044172e-003 -5.94354759e-004 0. 0. 0.
    2.10080598e-003 0. 1.09512778e-003 0. 0. 0. 0. 0. 3.11420253e-003 0.
    1.16628566e-004 0. 0. -6.40315353e-004 -1.58397772e-003
    -5.53512422e-004 8.75806378e-004 0. 1.67638552e-003 0.
    1.77720518e-004 0. 1.34455122e-003 0. 6.13285974e-003
    -3.38660815e-004 0. 2.10127002e-003 0. 0. 0. 2.70632096e-003 0. 0.
    0. 1.59442518e-003 2.91211437e-003 7.80627423e-004 0. 0.
    8.54696089e-004 4.43839468e-003 0. 0. 2.80160061e-003 0. 0. 0.
    -7.40689793e-005 1.69663085e-003 0. 0. 0. 0. 1.79389049e-003
    1.20641419e-003 4.12679138e-003 0. 0. 1.35296665e-003 0. 0.
    3.09714326e-003 0. 0. 0. 0. 0. 9.48243425e-004 0. 1.29083375e-004
    4.65056347e-003 -1.14170241e-003 6.20372710e-004 0. 0.
    1.13699690e-003 0. 0. 0. 0. 1.82794442e-003 0. 2.01783306e-003 0. 0.
    0. 0. 0. 0. 2.46398174e-003 2.57418083e-004 0. 7.32020987e-003
    2.38454653e-004 0. 0. 3.26894317e-003 0. 0. 1.37665158e-003 0.
    1.38788321e-003 0. 8.29160912e-004 2.04101019e-003 0. 0. 0. 0. 0. 0.
    0. 0. 0. 0. 0. 0. 0. 2.02564662e-003 1.48539420e-003 4.30886541e-003
    0. 2.96637323e-003 -6.11161347e-004 0. 1.60603542e-002
    2.71329982e-003 0. 0. 4.19293618e-004 1.00594608e-003 0. 0.
    2.96684797e-003 1.19515031e-003 0. -7.19934633e-006 1.67187816e-003
    3.03834444e-003 0. 0. 0. 0. 3.27351829e-003 0. -1.65428777e-004
    1.89545681e-003 8.29185918e-003 1.57087238e-003 0. 0.
    6.15280401e-003 2.67904461e-003 4.33124648e-003 2.19912687e-003 0.
    7.25810474e-004 1.76299029e-004 5.20302122e-003 1.21659611e-003 0.
    1.07725768e-003 0. 7.50952633e-003 0. 8.69921932e-004 0. 0.
    3.45403585e-003 0. 1.57059185e-004 0. 1.04146702e-002 0. 0. 0. 0. 0.
    1.19511290e-002 0. 0. 6.94581913e-003 7.88240344e-004
    2.35463507e-004 0. 0. 1.11706147e-003 -5.79300628e-004 0.
    -1.20185432e-003 0. 2.05247197e-003 1.73756212e-003 -2.40601622e-003
    0. 0. 3.02024418e-003 3.28799593e-004 0. 1.97435240e-003
    -1.74287870e-003 0. 0. 7.83365511e-004 2.50073732e-003 0. 0. 0. 0.
    0. 0. 1.95007457e-003 6.23230124e-003 3.18246870e-003
    3.21867131e-003 0. 0. 0. 6.41918567e-004 5.01035674e-006 0. 0.
    -1.29492162e-003 0. 0. 0. 5.52822184e-003 0. -9.72730959e-006
    2.62324186e-003 1.07289838e-004 -4.62182739e-004 1.57187611e-003 0.
    5.65700117e-004 0. 0. 0. 0. 0. 1.38133885e-002 0. 7.00566277e-004
    4.70990082e-003 0. -3.01716663e-003 0. 0. 0. 0. 0. 0.
    3.33457720e-003 8.64624220e-004 -1.30966044e-004 1.32720114e-003
    1.86652201e-003 0. 0. 0. 1.37451990e-003 0. 0. 0. 0. 0. 0. 0. 0. 0.
    2.33306491e-004 -5.98485407e-004 -4.51136380e-004 1.25473714e-003 0.
    0. -1.05977722e-003 -1.12683384e-003 0. -1.28781062e-003
    7.53146643e-003 0. 0. 0. 0. 0. 0. 2.08012410e-003 2.67336750e-003 0.
