<?xml version="1.0"?>
<opencv_storage>
<imageDescriptor type_id="opencv-matrix">
  <rows>1</rows>
  <cols>1000</cols>
  <dt>f</dt>
  <data>
    4.10409831e-003 0. -8.03189119e-004 0. 0. 4.80007613e-004 0.
    2.14904337e-003 0. 0. 0. 3.26602114e-003 0. 0. 0. 3.21113854e-004 0.
    6.81080297e-003 2.52602994e-003 0. 0. 0. 5.55549003e-003 0. 0. 0. 0.
    1.73243918e-002 0. 0. 1.85716408e-003 0. 0. 0. 0. 2.44268565e-004 0.
    1.59306452e-003 2.60148168e-004 5.70090837e-004 -1.53743615e-003 0.
    0. 0. 8.44576745e-004 0. 3.56549455e-004 0. -1.25067163e-004
    8.79326370e-003 0. 5.24484273e-003 1.21710519e-003 0. 0. 0.
    5.78436477e-004 1.11789221e-003 2.36323546e-003 -1.69781095e-003
    2.43775873e-003 2.16680858e-002 4.86884674e-004 2.82914937e-003 0.
    4.72463807e-003 0. 0. -8.18076078e-004 0. 0. 1.21162180e-002
    1.14133023e-003 8.65180325e-003 0. 5.81201958e-003 1.11436774e-003
    0. 6.65434927e-004 0. 0. 0. 0. 0. -7.37661321e-004 0. 0. 0. 0. 0. 0.
    0. 0. 1.18373241e-003 0. 0. 2.20364030e-003 -8.69950862e-004
    1.63853006e-003 0. 0. 0. 2.85393698e-003 0. 1.12345479e-002 0.
    2.27293149e-005 1.56353030e-003 -2.04131380e-003 -2.92693614e-003 0.
    1.35264872e-003 0. 0. 4.89879341e-004 0. 0. 0. 8.71335622e-004 0.
    1.00634596e-003 0. 0. -2.31389684e-004 0. 3.06858099e-003 0. 0. 0.
    0. -1.19393648e-004 0. 0. 2.88678613e-003 0. 0. 0. 0.
    2.81587313e-003 8.55116174e-003 0. -6.07816095e-004 -3.32520134e-003
    0. 7.58932554e-004 0. 2.72514368e-003 0. -8.01772170e-004
    2.25821440e-003 1.53916143e-003 1.18077197e-003 2.26898142e-003 0.
    0. 0. 0. -5.47523901e-004 0. 0. 0. 5.61137684e-003 8.61212757e-005
    0. 0. 0. 4.17225674e-004 0. 2.98786885e-003 0. 0. -1.80815277e-003
    0. 1.12899474e-003 0. -1.59830390e-003 0. 0. 2.07746704e-003
    5.68578485e-003 7.62148469e-004 1.63525960e-003 0. 8.20696296e-004
    0. 2.85851560e-003 3.33795673e-003 -1.72627580e-004 0.
    7.27945706e-003 0. 3.17956368e-003 0. 5.68935229e-003 0.
    9.30688530e-003 0. 4.48190514e-003 0. 0. 1.43770466e-003
    3.37610603e-003 0. 3.22895171e-003 0. 0. 9.29192081e-003 0. 0. 0. 0.
    0. 0. -1.38773548e-003 2.79700477e-003 0. 0. 0. 2.13932060e-003
    -2.89304935e-005 0. 2.17498187e-003 1.12929719e-003 1.30345419e-004
    0. 0. 8.42323818e-004 0. 5.66273648e-003 0. 2.35349895e-003 0.
    3.13520152e-003 3.79976747e-003 0. 1.40707660e-003 0.
    1.77816069e-003 0. 0. 0. 0. 0. 1.42740374e-002 -1.35634292e-003 0.
    -1.35167001e-003 0. 7.14299921e-003 -6.09038863e-003 0. 0.
    7.17183296e-003 0. 1.46336632e-003 0. 0. 0. -2.33911630e-003
    1.68480340e-003 0. 0. 9.38458194e-004 0. 0. 0. 0. 2.39415167e-004 0.
    2.08440912e-003 0. 7.83831521e-004 0. 5.33974124e-003
    7.28041446e-003 8.98847939e-005 1.82460831e-003 0. 0. 0. 0.
    -2.72380933e-003 3.91725916e-003 0. 0. 1.46142533e-003
    1.12747829e-002 0. 6.75937673e-003 0. 0. 4.23764977e-005 0.
    1.22657400e-002 9.06059146e-003 0. 0. 0. 5.89658692e-003 0. 0. 0.
    6.29608380e-003 0. -4.16740164e-004 -9.13418655e-004 0.
    4.89550701e-004 0. 0. 0. 0. 0. 0. 0. 0. 7.15213362e-004 0.
    5.77989127e-003 1.43344942e-002 0. -2.25252705e-004 1.10817479e-003
    0. 7.31148012e-003 0. 1.41361321e-003 2.37167557e-003 0.
    1.04429042e-002 0. 3.38382507e-003 -3.36877629e-003 0. 0.
    -1.83619524e-003 0. 0. 0. 2.33064801e-003 0. 0. 9.49723367e-003 0.
    0. 0. 4.13086871e-003 0. 0. 0. 0. 0. 0. 0. 6.40009157e-003 0. 0. 0.
    3.06891918e-004 2.77106417e-003 0. 0. 0. 5.29439771e-004 0.
    6.33006776e-003 0. 0. 0. 0. 6.23425283e-003 0. 0. 1.70945493e-003 0.
    0. 2.91199563e-003 0. -5.78816456e-004 4.10894863e-003 0. 0. 0.
    4.71818587e-003 0. 1.65923487e-003 0. 0. 0. 7.33545166e-004 0. 0. 0.
    0. 0. 0. 0. 0. 0. 2.51904596e-003 0. 5.84617432e-004 0. 0. 0. 0.
    2.38602539e-003 1.56720094e-002 0. 4.25045891e-003 0. 0. 0. 0. 0.
    1.18756876e-003 0. 0. 0. -1.55889161e-003 0. 1.70113286e-004 0. 0.
    5.58190560e-003 0. 0. -7.08730367e-004 0. 0. 0. 0. 1.33248745e-003
    -3.24824848e-003 0. 0. 0. 2.44030077e-003 0. 0. 4.63066390e-003 0.
    3.31143709e-003 0. 7.04552000e-003 0. 0. 4.95976245e-004
    4.10617969e-004 0. 0. 0. 3.44649120e-003 2.53144233e-003
    -2.11346603e-004 0. 0. 9.08343995e-004 0. -2.62785528e-004 0. 0.
    5.61597291e-004 0. 1.20071359e-002 0. 0. 0. 4.95301839e-003
    2.83755292e-003 0. 0. 8.25424388e-004 -3.05051799e-004
    -3.70641099e-003 0. 4.97739809e-003 -2.55232607e-003
    -5.37463522e-004 0. 8.40576179e-003 0. 0. 0. 7.15812319e-004 0. 0.
    0. 2.22188025e-003 0. 0. 4.21270356e-003 0. 0. 0. 2.39804131e-003
    1.03758869e-003 0. 0. 1.03733607e-003 4.13440028e-003 0.
    8.48923693e-004 0. 5.83007233e-003 1.87687401e-003 0. 0.
    2.33018305e-004 0. 0. 2.16960232e-003 1.99999963e-003
    -2.16726400e-003 1.82215555e-003 5.62790781e-003 0. 2.61981273e-003
    0. 1.54739755e-005 0. 0. 0. 0. 0. -4.11811227e-004 0. 0. 0.
    8.62207438e-004 0. 0. 2.21159658e-003 0. -6.72329043e-004 0.
    8.12082901e-004 4.49823029e-003 0. 0. 1.34529802e-003
    3.74407088e-003 7.33446504e-005 1.92863075e-003 3.10267089e-003
    6.47071793e-005 0. 2.64063128e-003 0. 4.49040579e-003 0. 0. 0. 0.
    -2.37506451e-004 3.58393788e-003 0. 2.95346626e-003 0.
    6.31266413e-003 0. 0. 0. 0. 0. 0. 0. 0. 3.84064880e-003 0. 0. 0.
    -3.08637973e-004 1.11619604e-003 2.31502135e-003 0. 0. 0. 0. 0.
    5.59741980e-004 2.01149518e-003 -1.58864117e-004 1.89355351e-002 0.
    0. 0. 7.85345153e-004 0. 0. 0. 0. 0. -4.60713916e-003 0. 0. 0.
    2.89363717e-003 0. 1.80074072e-004 9.98252910e-003 0. 0.
    5.11778565e-003 0. 0. 1.25905755e-003 7.91846123e-003 0. 0. 0. 0. 0.
    -4.37376657e-005 0. 7.45606935e-003 0. 0. 0. 6.08438905e-003 0.
    -6.39406266e-004 0. 8.30169593e-004 0. 1.44386711e-002
    1.26611139e-003 7.93871935e-003 0. 0. 2.39128340e-003
    2.42005475e-003 0. 9.54021176e-004 0. 0. 1.64758554e-003 0. 0. 0. 0.
    0. 0. 2.77706259e-003 0. 2.21705474e-002 0. 1.17537705e-003
    5.58097241e-003 0. 0. -3.12252261e-004 0. 7.84433912e-003
    1.42135925e-003 0. 0. -1.19265157e-003 0. 0. 0. 0. 0.
    8.29846322e-005 0. 9.31285671e-004 -9.00654239e-004 -2.32714519e-004
    0. 0. 8.41057952e-003 4.53345710e-003 0. 0. 0. 5.90520911e-004 0.
    8.15091480e-004 0. 0. 0. 0. 0. 8.86617601e-003 0. 0. 0. 0.
    3.03859386e-004 1.10047101e-003 0. 0. 0. 0. 0. 0. 0. 0.
    -1.21328875e-003 -1.35507915e-004 0. 8.88440385e-003 0. 0.
    3.38973035e-003 0. 4.30230936e-003 -1.01375289e-003 0.
    2.69752415e-003 2.03537801e-003 0. 0. 0. 0. 0. 0. 0. 0. 0.
    4.92642308e-003 0. 0. 0. 1.86154619e-003 0. 0. 2.32116668e-003
    1.13307848e-003 0. 0. 0. 0. 5.54654165e-004 0. 0. 0. 0. 0. 0.
    8.79068393e-003 0. 5.63885784e-004 0. 1.48548826e-003
    6.92387065e-003 0. 0. 0. 0. 2.43049208e-003 0. 0. 0. 0. 0. 0.
    4.67185304e-003 0. 0. 0. 0. -1.18212821e-003 2.99503235e-003
    6.05787756e-003 0. 0. 0. 0. -1.09768174e-004 0. 7.04648090e-004 0.
    0. 2.12841318e-003 2.55679036e-003 0. 2.87746685e-003 0.
    6.70532044e-003 0. -9.31250615e-005 0. 1.82639470e-003 0.
    1.10715162e-003 0. 0. 2.20666523e-003 0. -1.14280940e-003 0.
    2.11733510e-003 0. -1.54883089e-003 0. 0. 0. 1.39029336e-003 0.
    9.71728645e-004 0. 1.33650715e-003 1.66218320e-003 0. 0. 0.
    4.10414860e-003 0. 0. 1.46507134e-003 1.15173589e-003
    2.12665671e-003 0. 0. -2.58971681e-003 0. 0. 0. 0. 0. 0. 0. 0.
    -2.38028285e-003 0. 0. 0. 0. 1.42391352e-003 0. 1.55471603e-003 0.
    0. 0. 8.83660745e-004 0. 5.90565847e-004 0. 0. 0. -2.04923586e-003
    1.36731763e-003 4.05988563e-003 2.52605695e-003 0. 1.69995765e-003
    0. 0. 0. 9.38814192e-004 0. 0. 3.35884281e-004 0. 1.62312090e-002 0.
    0. 0. 8.87207079e-006 0. 9.54431668e-003 0. -2.31483951e-004 0. 0.
    8.49926553e-004 0. 1.76796701e-003 0. 0. 0. 0. 0. 1.34173117e-003
    3.87481810e-003 0. 0. 0. 5.40345488e-003 0. -5.66686911e-004 0. 0.
    -2.74910213e-004 6.74701470e-004 2.10690522e-003 0. 0.
    8.23011273e-004 0. 1.20682549e-002 0. 1.70289970e-003 0.
