<?xml version="1.0"?>
<opencv_storage>
<imageDescriptor type_id="opencv-matrix">
  <rows>1</rows>
  <cols>1000</cols>
  <dt>f</dt>
  <data>
    0. 1.26172061e-004 9.36080795e-003 1.24330563e-003 2.25125230e-003
    2.52786186e-003 1.27678493e-003 0. -1.50683438e-004 5.73790260e-003
    0. 0. 0. 6.02145912e-003 0. 0. 1.03596516e-003 0. 0. 0.
    2.82780477e-003 0. 0. 0. 3.67335370e-003 0. 0. 0. 0. 0.
    1.09220715e-002 2.38856723e-004 -2.23863032e-003 0. 3.23736155e-003
    5.12284087e-003 7.73177599e-004 3.02073965e-003 5.35192143e-004
    3.58750275e-003 0. 2.52715801e-003 5.70724544e-004 1.85947376e-003
    0. 0. 5.48470533e-004 7.30532687e-004 0. 9.79080331e-003 0. 0. 0. 0.
    8.46419483e-004 0. -8.41051224e-004 0. 0. 0. 0. 5.15192095e-003 0.
    0. 0. 0. 2.03096378e-003 4.61742165e-004 2.47540278e-003 0.
    7.99950212e-003 3.48513084e-003 2.12889235e-003 1.08228577e-003 0.
    0. 0. 7.46993674e-003 0. 0. 0. 0. 0. 0. 8.32570149e-005
    7.83753581e-003 0. -1.02424400e-003 -5.58726257e-004 0.
    1.53855444e-003 0. -1.18066964e-003 1.33391551e-003 1.42073829e-003
    4.70269239e-003 5.03851939e-003 5.80419367e-003 3.34885996e-003 0.
    0. 0. 0. 2.30380450e-003 0. 0. 9.59884608e-004 3.91321396e-003 0. 0.
    0. 0. 0. 1.78507355e-003 0. 0. 0. 9.72601265e-005 0.
    -7.10831664e-005 0. 0. 3.53140663e-003 0. 2.39124219e-003 0. 0.
    1.14738774e-002 0. -6.46585904e-005 0. 1.53879356e-003 0.
    2.04021600e-003 0. 0. 0. 0. 1.44904049e-003 5.35789179e-004
    3.33194062e-003 0. 0. 0. 6.58566970e-003 0. 0. 0. 1.95738743e-003
    -7.23018253e-004 1.02304574e-003 0. 0. 2.24275573e-004 0. 0. 0. 0.
    1.62684417e-003 0. -1.76778540e-003 5.74129354e-003 0.
    3.58923385e-003 0. 0. 5.10591781e-003 1.94985350e-003
    8.97782331e-004 9.63246333e-004 0. 9.25407000e-003 6.71949843e-003
    7.10846856e-004 1.96101191e-003 2.57797190e-003 1.92542630e-003 0.
    0. 7.81587139e-003 2.12579919e-003 0. 3.93977575e-003
    1.34588196e-003 0. 0. 1.13285042e-003 0. -2.64569899e-005
    7.24583282e-004 0. -6.67941116e-004 0. 0. 0. 5.65371057e-003
    -5.68278658e-004 0. 2.91656284e-003 0. -5.97426726e-004
    -4.58550698e-004 0. 0. 0. 0. 9.97496070e-004 4.59778449e-003 0. 0.
    3.54377041e-003 0. -4.11361689e-004 2.00829818e-003 1.94206470e-004
    1.97274284e-003 0. 0. -1.22700760e-003 1.05497288e-003 0. 0. 0.
    -3.77740129e-003 0. 0. 0. 0. 0. 1.95451561e-004 1.54055643e-003 0.
    6.56026322e-003 -3.59336473e-003 0. 0. 0. 7.66020152e-004 0. 0. 0.
    0. 7.69983744e-004 0. 0. 4.93221160e-004 0. 0. 0. 1.57346926e-003 0.
    2.09542777e-004 1.77298253e-003 -4.27237450e-004 0. 0.
    1.91675941e-003 0. 0. 0. 0. -5.06067823e-004 0. 0. 0. 0.
    -1.65113667e-003 0. 2.28365511e-003 3.16039706e-003 0. 0.
    1.86448998e-003 3.31279263e-003 4.73046163e-003 0. 1.75769592e-003
    0. 0. 0. 0. 0. 0. 0. 0. 0. 2.73974729e-003 -8.68655043e-004 0. 0. 0.
    2.72212038e-003 8.01705930e-004 0. 6.76593184e-003 5.83247142e-003
    0. 1.51607115e-003 1.28343061e-003 0. 0. -1.06804969e-003 0. 0.
    2.87995813e-003 -8.16296786e-004 0. 1.06699055e-003 0.
    -2.14945246e-003 0. 1.86252780e-003 0. -1.40463831e-004 0. 0.
    6.86413841e-003 0. 4.26073617e-004 -6.66263571e-004 1.78154074e-002
    0. 0. 5.17920591e-004 0. -1.40952843e-003 0. 6.70120539e-003
    -1.81665091e-004 1.08715915e-003 0. 0. 7.48043042e-003
    -2.02717492e-003 4.48586978e-003 0. 0. 0. 0. 0. 1.80800294e-003 0.
    6.43425062e-003 0. 2.23037018e-003 2.42951186e-003 9.06483363e-003
    5.90208976e-004 -2.33663083e-003 4.76891547e-003 0. 0.
    2.01172964e-003 0. 3.93557362e-003 6.37039368e-004 0. 0. 0.
    1.56439771e-003 0. 0. 2.61929206e-004 0. 0. 3.16053536e-003 0.
    1.62473880e-003 4.50128020e-004 0. 0. 0. 0. 0. 0. 0. 2.54282821e-003
    -2.65154027e-004 0. -1.00768218e-003 -3.33119824e-004
    -4.17608044e-006 0. 1.64821965e-003 0. 2.38519348e-003
    6.19608955e-003 0. 0. 4.61272243e-003 1.73244986e-003
    2.20444682e-003 0. 2.57294392e-003 0. -4.16558789e-004
    9.12394607e-004 0. 0. 1.08118390e-003 0. 1.07737835e-002 0. 0.
    3.56357871e-003 0. 6.42186590e-003 0. 0. 0. 0. 1.49383396e-003
    3.25701642e-003 0. 3.74141120e-004 0. 0. 0. 0. 8.69001448e-003
    -1.39107206e-003 1.09986740e-003 0. 0. 4.19390481e-003
    5.78837644e-004 0. 0. 4.81800875e-003 0. 3.58193996e-003 0.
    3.52259679e-003 6.64441439e-004 0. 0. 2.53455457e-003 0. 0. 0.
    5.72395220e-004 0. -1.08294818e-003 1.93795352e-003 0.
    7.93080777e-003 6.95279799e-004 0. 0. 0. 1.03878661e-003 0.
    5.54889254e-003 0. 0. 3.64155346e-003 0. 2.43599847e-004 0.
    2.57090828e-003 0. 2.23119161e-003 -1.52264046e-003 0.
    7.70045631e-003 1.76231260e-003 2.92419223e-003 0. 0.
    3.97423049e-004 1.35556713e-003 0. 0. -2.36165896e-003 0. 0.
    5.88124851e-003 4.44947887e-004 -2.21158727e-003 0. 0. 0.
    7.77345523e-003 0. 0. 0. 0. 0. 1.92547624e-003 0. 0. 0. 0. 0. 0.
    1.03472709e-003 6.20803796e-003 0. 0. 0. 0. 1.13784896e-004 0. 0.
    1.15963770e-003 0. 1.62592414e-003 -2.00733799e-003 1.34272641e-003
    0. 7.79519323e-003 0. 5.13584178e-004 0. 0. 0. -1.84938475e-003
    3.68463993e-003 2.77871778e-003 2.24305822e-005 0. 3.41908686e-004
    1.46633654e-003 0. 6.03087200e-003 0. 0. 0. 0. 0. 0. 0. 0. 0. 0.
    1.03993632e-003 -2.99593084e-004 5.25668729e-003 0. 0. 0. 0. 0. 0.
    -1.83294620e-003 1.56556955e-003 0. 0. 0. 5.65227726e-003
    -6.12037070e-007 4.14809026e-003 0. 0. 0. 0. 0. 0. 0.
    9.12646297e-004 0. 3.51051567e-004 0. 3.06161703e-004
    9.37101780e-004 0. 3.61370412e-003 0. 1.46198098e-003 0.
    9.56107210e-003 0. 0. 0. 8.89366667e-004 0. 0. 0. 0. 0. 0.
    1.34032371e-003 5.40531753e-003 4.31420095e-003 1.31852727e-003 0.
    0. 0. 0. 0. 2.52059801e-003 0. 0. 2.88927369e-003 2.55856174e-003 0.
    0. 1.02896115e-003 0. 0. 0. 1.29077246e-003 0. 0. -4.46215621e-004
    3.46794492e-003 0. 0. -6.88969798e-004 3.48991074e-004 0.
    1.29361004e-002 0. -2.07891641e-003 0. 0. 1.29281287e-003 0.
    1.06864027e-003 0. 0. 4.41480923e-004 0. 0. 0. 0. 0. 1.33117673e-003
    4.09290940e-003 0. 8.68009462e-004 0. 0. -1.06984156e-003 0.
    7.53891189e-004 8.55302904e-004 -3.93054099e-004 0. 0. 0. 0. 0. 0.
    1.11443910e-003 2.49642343e-003 -3.11403914e-004 2.10698880e-002
    1.23035081e-003 7.93907698e-003 0. 2.02966621e-003 0.
    4.01185418e-004 4.12573013e-003 0. 0. 0. 6.04650471e-004 0.
    1.81077587e-004 5.19335689e-003 0. 2.34262715e-003 0. 0.
    1.66727672e-003 0. 2.97035114e-003 7.46789621e-003 0. 0. 0.
    3.14526842e-004 7.04667415e-004 0. 0. -5.38703927e-004 0.
    2.49824114e-003 0. 2.13368051e-003 8.27493984e-003 -2.95687933e-003
    0. 0. 1.42231002e-003 0. 0. 8.94363679e-004 -7.66594545e-004 0.
    2.43816036e-003 0. 0. 0. 0. 0. 3.50431399e-003 1.07152306e-003 0.
    6.87253836e-004 4.89262305e-003 9.80730110e-005 0. 0. 0. 0.
    4.34785243e-003 0. 0. 6.04441680e-004 -7.72490224e-004 0. 0. 0. 0.
    7.30119972e-003 3.33985244e-003 5.16179367e-004 -1.21622707e-003 0.
    7.87010416e-003 1.91463786e-003 0. 0. 2.23452924e-003
    8.14969244e-004 0. 0. 0. 0. -6.90813467e-004 -3.60340724e-004 0. 0.
    -2.34749808e-004 1.09206710e-003 4.23819525e-003 0. 0. 0. 0.
    3.92387016e-003 -2.12595472e-003 0. 0. 0. 3.67496372e-003 0. 0.
    1.09578692e-003 0. 0. 0. 7.24483980e-004 1.61034672e-003
    8.81424872e-004 0. 0. 0. 1.76523672e-003 -1.28556334e-003
    1.65235921e-004 1.97361107e-003 3.17657669e-003 0. 1.33910368e-003
    0. -1.96834421e-003 3.25125223e-003 0. 0. 8.66837741e-004
    2.83303059e-004 3.28805065e-003 1.15961151e-003 0. 0. 0. 0. 0. 0. 0.
    0. -7.25870370e-004 0. 0. 3.92071065e-003 0. -8.65986920e-004 0.
    2.46133609e-003 0. 1.17363664e-003 5.26694639e-004 3.59274400e-003
    3.23247071e-003 -6.85619234e-005 2.10232753e-003 0. -3.33541818e-003
    0. 9.54165764e-004 0. 3.77067202e-003 0. 0. -1.63986057e-004 0. 0.
    0. 0. 0. 1.33513042e-003 0. 0. 1.12663466e-003 0. 3.64727899e-003 0.
    0. 3.00008128e-003 1.19978283e-003 2.13076099e-004 -2.09355098e-003
