<?xml version="1.0"?>
<opencv_storage>
<imageDescriptor type_id="opencv-matrix">
  <rows>1</rows>
  <cols>1000</cols>
  <dt>f</dt>
  <data>
    0. 0. 2.00402294e-003 0. 5.20135800e-004 9.00798885e-004 0. 0.
    -3.46121727e-004 -2.52148951e-004 0. -8.71481199e-004 0. 0. 0.
    5.90847433e-003 0. 0. 0. 0. 2.08070836e-004 0. 1.58673117e-003 0. 0.
    5.99652703e-004 1.80567510e-003 0. 0. -4.79409471e-004 0. 0. 0.
    5.16867591e-003 -8.39792483e-004 1.82065926e-003 2.30172160e-003
    -3.34294833e-004 1.57495437e-003 5.75513404e-004 -1.60022441e-003 0.
    1.43958651e-003 0. 0. 0. 2.65021133e-003 0. 0. 1.19259395e-003 0.
    1.07216416e-003 1.29069970e-003 5.83946938e-003 6.97715383e-004
    1.12027931e-003 0. 9.36581229e-004 0. 2.79263058e-003 0.
    1.57517213e-002 0. -2.40189768e-003 0. 5.10510616e-003 0.
    1.39013352e-003 3.22628504e-004 -8.08484969e-004 5.18611958e-003
    1.07298791e-002 0. 0. 2.84621282e-003 0. 6.54258905e-003
    1.87977834e-003 0. 0. 0. 0. 0. 0. 0. 0. 0. -1.16989587e-003 0.
    4.98560956e-004 1.18573115e-003 -1.57713774e-004 2.07999861e-003
    -1.42283365e-003 1.65515998e-003 0. 1.44955958e-003 1.60145666e-003
    0. 0. 0. 0. 0. 0. 0. 0. 0. 0. 3.53718456e-003 0. -2.18020659e-003
    -2.84345209e-004 7.53164012e-003 5.14408899e-003 1.25709991e-003
    -6.83411839e-004 0. 0. 5.98839950e-004 0. 0. 0. 0. -1.71106512e-004
    3.87990335e-003 1.76816154e-003 2.14110827e-003 0. 0.
    2.95994175e-003 -3.07414506e-004 1.27937703e-003 0. 0. 0.
    -1.05304655e-003 0. 0. 7.06229650e-004 0. 0. -2.17903289e-003
    2.43501179e-003 3.39217600e-003 -6.95114839e-004 0. 0.
    -1.23126234e-003 0. 7.95618864e-004 1.10773649e-002 0.
    3.00910976e-003 7.51822069e-003 4.75809490e-003 8.72056524e-004
    5.77849848e-003 0. 0. 0. 0. 1.15608294e-002 0. 2.73471954e-003 0.
    -3.97690310e-005 0. 0. 3.27038090e-003 0. 0. 2.35714810e-003 0.
    1.92719128e-003 1.74665987e-003 0. 0. 2.64241151e-003 0.
    -2.63021048e-003 0. 0. 0. 0. 0. 3.80832516e-003 0. 0. 0. 0. 0.
    3.77793913e-003 0. 0. 1.50982034e-003 2.20876560e-003 0.
    -6.26207970e-004 1.57751387e-003 0. 0. -1.73562468e-004
    2.50571320e-004 2.75670178e-003 0. 1.36130955e-003 -5.19950874e-004
    0. 0. 0. 0. 1.21437653e-003 1.93330215e-003 1.07291236e-003
    3.88569431e-004 2.44128145e-003 0. 0. 1.33728911e-003 0. 0.
    -2.35096915e-004 6.51754730e-004 1.65460864e-003 0. -1.83135053e-004
    0. 2.73105688e-003 2.62748706e-003 0. 0. 0. 1.27968960e-003
    -1.81112334e-003 1.63635949e-003 0. 1.60953496e-003 0. 0. 0. 0. 0.
    0. 4.09846567e-003 0. 6.16527768e-003 0. 0. 1.48488814e-003
    -4.09216899e-003 0. -3.91754409e-004 2.68158829e-003
    -3.27631016e-004 0. 3.39525938e-003 0. 1.83880946e-003 0. 0. 0.
    1.26076222e-003 0. 0. 0. 0. -3.61654558e-004 -4.16183291e-004 0.
    8.71626544e-004 0. 3.79931007e-005 0. 6.29635295e-003
    5.24046947e-004 0. 0. 0. 0. 0. 1.93359028e-003 0. 0. 1.05314795e-003
    0. 9.15108074e-004 1.20570837e-003 3.53389629e-003 -2.67885480e-004
    9.23904218e-003 0. 8.43794551e-003 9.70278226e-004 0.
    2.93925428e-003 3.43417836e-004 5.41678455e-004 7.36992527e-003 0.
    1.27590494e-003 0. 0. 0. 7.99355737e-004 0. 2.53310520e-003
    9.70001332e-004 6.00690371e-004 0. 0. 2.67824414e-003
    5.03354101e-003 5.37157932e-004 0. 4.54789074e-003 2.48607784e-003
    0. 2.34312867e-003 0. 0. 0. 6.47614757e-003 7.87774939e-003 0.
    -2.60175392e-003 0. -8.98175174e-004 0. 6.72112743e-004 0. 0.
    -2.02345266e-003 0. 0. 0. 3.61284101e-003 0. 0. 0. 0.
    4.24676249e-003 5.07475156e-003 0. 0. 0. 0. 1.93387910e-004
    1.07095577e-003 2.60419701e-003 0. 0. 0. 2.90388637e-003
    7.18283281e-003 3.87413916e-003 1.40715612e-003 5.80242893e-004 0.
    3.67448223e-003 0. 0. 7.19326455e-003 0. 1.88116112e-003
    4.86923289e-003 0. 0. 1.38148537e-003 0. 0. 0. 0. 0.
    -1.92847903e-004 0. 8.53884872e-003 0. 0. 3.51296272e-003
    6.78312546e-003 1.00825320e-003 5.35032758e-003 0. 0.
    5.42890653e-003 3.62429465e-003 7.25545129e-003 0. 2.18973320e-004
    0. 9.23618302e-003 5.10830106e-003 2.29770737e-003 0. 0. 0.
    3.21730389e-003 1.18124601e-003 0. 1.23851831e-004 0.
    5.37903188e-003 0. 0. 4.72758338e-003 0. 0. 0. 0. -1.65113946e-004
    0. 0. 0. -3.50438198e-003 0. -4.88778285e-004 6.66242838e-003
    1.70609436e-003 0. 1.43677322e-003 3.33089801e-003 0. 0.
    -1.53173564e-003 1.70522695e-003 -5.38874767e-004 -1.67820638e-003
    0. 9.80065018e-003 3.83817917e-003 0. 0. 2.49702577e-003 0.
    1.09341543e-003 0. 3.51860537e-003 1.15055870e-003 0. 0.
    1.86229963e-003 0. 0. 0. -4.63072531e-004 0. 0. 0. 0. 0.
    1.03985157e-003 0. -1.32491987e-004 0. 0. 0. 1.87721424e-004 0. 0.
    8.32706923e-004 1.51276996e-004 -2.26628021e-004 1.86608918e-003
    9.20602120e-004 7.79881189e-003 0. 0. 0. 0. 0. 0. 1.10353532e-004 0.
    6.14972960e-004 1.32149376e-003 -9.76339623e-004 6.17446494e-004
    -1.14523154e-003 3.44514707e-003 0. 0. 8.30447476e-004
    1.10626430e-003 0. 1.38442917e-002 0. 0. 0. -4.62830678e-004 0.
    5.02417283e-003 0. 1.37563958e-003 1.96561730e-003 2.86173578e-002
    0. 0. 0. 1.14486192e-003 0. 0. 0. 0. -2.07587844e-003
    4.44504432e-003 0. 3.70285194e-003 -1.39691471e-003 1.45500631e-003
    6.97723473e-004 2.77673430e-003 0. 0. 0. 6.75550569e-003 0. 0.
    -1.43106190e-005 -7.26956758e-004 0. 0. 8.00847483e-004
    1.83204492e-003 2.36568251e-003 0. 0. 3.39683704e-003 0.
    2.14158581e-003 0. 0. -4.97508037e-004 0. 1.36683322e-003 0.
    2.31729448e-003 0. 0. 0. 0. 2.50165667e-002 0. 3.49197350e-003 0. 0.
    1.92934473e-003 0. 9.80985584e-004 1.44771663e-002 0. 0. 0. 0. 0.
    1.12841313e-003 0. 1.15320284e-003 0. 0. 4.62913071e-004 0. 0.
    9.66997177e-004 2.37804532e-004 6.84552826e-004 0. 1.57566660e-003
    0. 0. 0. 4.58765123e-003 0. -9.61061916e-004 0. 1.18278768e-002 0.
    0. 6.77073724e-004 0. 0. 1.93260354e-003 0. 1.13680921e-002
    6.37315679e-004 1.83678255e-003 0. 0. 0. 0. 0. -1.48801575e-003 0.
    0. 3.71151697e-003 0. 0. 0. 0. 0. 0. 5.07994182e-003 0.
    1.50997343e-003 -5.32753475e-004 0. 0. 3.08199530e-003
    5.65549964e-003 0. 1.51752203e-003 6.76987413e-003 2.77002086e-003
    -1.91779900e-003 -1.60492767e-004 0. 1.48789131e-003 2.22978904e-003
    0. 0. 1.53607310e-004 -1.45904021e-003 3.31795099e-003 0. 0.
    8.71019065e-003 0. 8.49250471e-004 0. 0. 0. 0. -2.92083481e-004
    7.27797905e-003 3.83240310e-003 0. 0. 0. -1.83195551e-003 0. 0. 0.
    0. 0. 0. 0. 0. 7.28421437e-004 0. 1.05162291e-003 -1.43237470e-003
    0. 0. 0. 5.82203851e-004 0. 0. 0. 0. 0. 0. 5.96263795e-004
    8.33977479e-004 0. -4.77408437e-004 0. 5.75364975e-004
    9.94939473e-004 0. 0. 0. 0. -1.15498959e-003 0. 0. 0.
    8.00741778e-004 0. 8.98100808e-003 0. 2.97627063e-003
    4.02011065e-004 0. 0. -6.86940737e-004 0. 2.98493367e-004
    3.94187315e-004 1.12486142e-003 0. 1.81329914e-003 6.63510058e-004
    0. 0. 0. 0. 1.66949909e-003 0. 6.95149938e-004 0. 4.08447161e-003 0.
    0. 0. 0. 2.54453183e-003 1.06378272e-003 5.24163758e-003 0. 0. 0.
    -7.82850431e-004 0. 0. 0. 1.57902867e-003 0. 0. 0. 0. 0.
    5.01634693e-003 4.66501294e-003 -6.83403632e-004 0. 2.46434100e-003
    0. 0. 0. 0. 4.39655455e-003 1.94310886e-003 1.18571175e-002 0.
    2.28334940e-003 0. 4.14769677e-003 0. 0. 2.29898072e-003 0.
    -8.94742145e-004 1.02246844e-003 1.47524534e-003 4.41870507e-004 0.
    0. 0. 0. 0. 0. 1.32667401e-003 0. 2.07101787e-003 0.
    -4.13416943e-004 0. 1.05406053e-003 4.76430170e-003 0. 0.
    6.69503165e-003 0. 0. -1.56247045e-003 0. 0. -1.80511107e-003
    -1.12625014e-004 0. 0. 0. 0. 0. 0. 2.16495758e-003 0. 0.
    6.76222320e-004 0. 0. 0. 0. 7.37328723e-004 2.45223241e-003 0.
    -4.17757052e-004 0. 1.16042858e-002 3.41353676e-004 9.19848506e-004
    4.44644364e-003 0. 1.15903723e-003 0. 0. 0. 1.06421392e-003 0.
    2.34151678e-003 8.63685200e-005 0. 3.48569872e-003 6.54339837e-003
    7.63709983e-003 0. 1.32129923e-003 0. 0. 8.05650896e-004 0. 0.
    1.42897721e-002 0. 1.79399713e-003 5.74293500e-003 1.73136592e-003
