<?xml version="1.0"?>
<opencv_storage>
<imageDescriptor type_id="opencv-matrix">
  <rows>1</rows>
  <cols>1000</cols>
  <dt>f</dt>
  <data>
    4.34989855e-003 0. 6.08488498e-003 8.48978176e-004 0.
    3.44489003e-003 0. 0. 7.98795314e-004 2.21504900e-003 0. 0. 0. 0. 0.
    7.15368195e-004 0. 5.09886350e-003 0. 0. 0. 1.21195463e-003
    1.56476093e-003 0. 0. 0. -1.63524688e-004 0. 0. 1.32257375e-003 0.
    -4.57981077e-004 0. 0. 8.98556877e-003 8.10340920e-004
    -2.61046109e-003 0. 0. 0. 0. 0. 0. 0. 1.42349850e-003 0.
    1.60167273e-002 0. -9.86190164e-004 0. 0. 4.91856458e-003
    -9.04129178e-004 0. 0. 0. 0. 0. 0. 0. 3.51414375e-004 0.
    2.02044519e-003 4.80698980e-003 0. 0. 0. 0. -8.32771882e-004 0. 0.
    4.82406467e-003 0. 0. 0. 0. 6.03516710e-005 1.74470071e-004 0.
    9.12195479e-004 3.17251979e-004 0. 0. 0. 4.59658448e-003
    -2.52694852e-004 0. 4.74722032e-003 5.82504377e-004 4.98410640e-003
    0. 0. 0. 3.36050289e-003 6.30397862e-003 5.30264666e-003
    4.06591513e-004 4.05831815e-004 2.70742085e-003 2.84195016e-003 0.
    0. 0. 0. 0. -6.73707516e-004 1.38625046e-002 5.29586431e-003
    7.23953766e-004 0. -2.31726514e-003 1.09548597e-002 2.50906334e-003
    0. 0. 0. 0. 5.78047615e-003 0. -2.68820720e-003 0. 0. 0.
    1.80776487e-003 0. -1.02155539e-003 0. 1.00999058e-003 0.
    3.33297905e-003 0. 0. 0. 0. 0. 1.47990230e-003 8.48734402e-004
    -7.27960491e-004 1.64428435e-004 6.62032515e-003 2.50542198e-005 0.
    2.13634991e-003 -5.88340568e-004 -1.39906141e-003 1.50327804e-003 0.
    9.49886348e-003 4.03064024e-003 1.42890410e-002 4.56827293e-005 0.
    0. 1.62690110e-003 0. 0. 0. 2.12830002e-003 0. 0. 0.
    -7.03343176e-005 0. 0. 9.64166480e-004 0. 3.86967137e-003 0.
    -5.57849300e-004 3.60566285e-003 5.00684418e-003 0. 7.53721048e-004
    2.70179659e-003 2.83180061e-003 0. 0. 0. -6.97252050e-004
    1.88617024e-003 0. 0. 0. 7.76501838e-004 0. 7.08115427e-003 0. 0. 0.
    0. 7.32313376e-003 2.24344176e-003 0. 0. 0. -2.41227122e-003 0. 0.
    8.04894953e-004 0. 0. 4.61517833e-003 0. 1.06688787e-003 0.
    2.60733999e-003 0. 1.13917619e-003 0. 0. 1.93248724e-003 0.
    -2.22362112e-003 0. 1.66683050e-003 0. 2.32797015e-006
    4.99329204e-003 0. 0. 0. 0. 0. 0. 0. 0. 0. 4.02677571e-003 0.
    -1.07391126e-004 -6.58598787e-004 0. 0. 0. 1.88193377e-003 0.
    1.17561267e-005 0. 0. 0. 0. 0. 4.91365558e-003 0. 0. 0. 0.
    8.43923131e-004 0. -1.62483810e-003 0. 0. 0. 0. 0. 0. 0. 0.
    1.77639571e-003 0. 0. 0. 0. 5.31056523e-003 5.82829071e-003 0. 0. 0.
    1.50906364e-003 1.54428405e-003 0. 7.04113115e-003 8.44315626e-004
    3.00380029e-003 0. -3.77579825e-004 0. -3.33449279e-004 0. 0.
    -4.12772148e-004 0. 1.50230667e-003 0. 0. 0. 2.29740655e-003
    -5.49823919e-004 -1.40693365e-003 0. 0. 2.80103617e-004
    2.53547681e-003 7.83054784e-005 2.43499619e-003 0. 0. 0.
    8.58695013e-004 0. 5.43217827e-003 4.70250240e-003 0.
    1.46166910e-003 0. 5.23747550e-003 0. 0. 0. 1.41530028e-002 0. 0.
    8.26717704e-004 0. 3.20626306e-003 0. -6.79661171e-004 0. 0. 0.
    -5.26163494e-004 5.42592676e-003 5.65584982e-003 0. 0.
    -1.21086661e-003 3.58487363e-003 1.68031885e-003 1.41302973e-003
    2.15703913e-004 1.68561807e-003 0. 0. 0. 0. 0. 0. 0. 0. 0.
    5.61330409e-004 3.38068814e-003 3.46985459e-003 0. 7.17061164e-004
    2.04961328e-003 0. 9.48276604e-004 0. 1.71740353e-003 0. 0.
    1.81855250e-003 0. 0. 6.39552774e-004 0. 0. 0. 2.05466128e-003 0.
    3.88371875e-003 0. 0. 0. 3.53054912e-003 0. 8.61353881e-004
    3.96475522e-003 0. 8.99601961e-004 0. 0. 0. 0. 0. 0. 0.
    -7.68443511e-004 0. 0. 2.43244506e-003 1.34731204e-006 0.
    8.69970862e-003 2.15092069e-003 2.69386987e-003 0. 0. 0. 0.
    1.67918901e-004 0. 0. 0. 4.80267731e-003 1.51223841e-003 0. 0.
    2.93862890e-003 0. 1.21942966e-003 0. 0. 6.05136063e-003 0.
    1.61695731e-004 0. 0. 0. 0. 0. 0. 0. 7.67870108e-003 2.78989854e-003
    0. 2.39388319e-003 4.82197065e-005 7.84119416e-004 0.
    -1.50196685e-003 0. 1.73990813e-003 -2.59190158e-004 0. 0.
    1.05096807e-003 5.29229827e-003 7.38230534e-003 0. 1.34128868e-003
    5.27449476e-004 2.06155400e-003 0. 0. 0. 8.74453317e-003 0. 0. 0.
    2.64568464e-003 0. 0. 2.61617824e-003 0. 1.51063304e-003 0.
    2.47264950e-004 0. 1.30307795e-002 0. 0. 0. 6.55187806e-003
    2.33409996e-003 0. 0. 3.00021097e-003 3.33343633e-003 0. 0.
    1.09146256e-002 0. 8.88532028e-003 0. 0. 0. 2.26644846e-003
    3.02377762e-003 1.56136695e-003 0. 3.06610041e-003 1.33216649e-003
    0. 2.14906689e-003 0. 2.23804047e-004 -1.13268814e-003 0.
    5.32450667e-003 6.41838880e-003 2.31749564e-003 -1.41378969e-003 0.
    6.11772935e-004 0. 0. 0. 1.43642887e-004 0. 0. 0. 1.17334863e-003
    1.69794215e-003 1.48454669e-003 0. 0. 0. 0. 2.34808051e-003 0.
    7.91623897e-004 1.68254622e-003 1.97809585e-003 0. 6.72265468e-003
    0. 0. 0. 4.64177597e-003 0. 0. 3.73527245e-003 1.13375876e-002 0. 0.
    0. -2.77670519e-003 0. 0. 1.02150282e-002 0. 0. 4.80365707e-003
    3.82992416e-003 0. 0. 0. -3.28795495e-003 2.06921715e-003 0.
    1.13395788e-003 5.57801512e-004 0. 0. 0. -6.41260645e-004 0. 0.
    -1.51234935e-003 3.74421035e-003 0. 0. 0. 1.94565381e-003 0. 0. 0.
    1.50381920e-005 0. 9.63127881e-004 0. 0. 0. 0. 0. 8.56970064e-003 0.
    -4.89645230e-004 0. 0. 0. 0. 0. 3.45282792e-003 0. 0.
    -1.12322182e-003 0. 0. 0. 5.64831600e-004 0. 0. 0. 0. 0. 0. 0. 0. 0.
    6.24447921e-003 8.66746705e-004 0. 0. 0. 1.74786837e-003 0.
    1.19148067e-003 0. 0. 0. 0. 0. 0. 0. 0. 0. 0. 4.07001656e-003 0. 0.
    0. -1.10885725e-004 -7.76911911e-004 0. 0. 6.82785525e-004 0.
    7.61105272e-004 2.58843438e-003 0. 0. 0. 2.74355663e-003
    8.53915699e-003 0. 0. 7.80771952e-003 -1.19776732e-005 0. 0. 0. 0.
    0. 0. 0. 0. 0. 0. 0. 0. 4.37902845e-003 0. 0. 0. 1.42090069e-002 0.
    0. 0. 0. 6.77124038e-003 5.34824003e-003 2.52225436e-003
    3.55702432e-005 1.13566278e-003 0. 0. 0. 0. 1.09984496e-004 0.
    5.90207230e-004 0. 0. 0. 3.73349467e-004 0. 4.02672129e-004
    2.04432523e-003 6.05053687e-003 0. 2.19291798e-003 0.
    3.28713679e-003 0. 0. 1.34180291e-002 4.86791832e-003 0. 0. 0. 0. 0.
    0. 0. 4.60834781e-005 0. 2.72294600e-003 0. 0. 0. 1.87116321e-002 0.
    0. 0. 0. 0. 0. -4.14562318e-003 0. 0. 0. 7.37169641e-004
    1.48004119e-003 0. 1.51002058e-003 2.43218010e-003 0. 0. 0.
    7.83376454e-004 2.75889318e-003 1.51032046e-003 2.91556772e-003 0.
    0. 0. 0. 0. 2.04906426e-003 3.67703917e-003 0. 0. 0. 0. 0. 0.
    2.13486608e-003 5.16467029e-003 1.76650984e-003 -9.84677114e-004 0.
    0. 0. 0. 0. 0. 0. 1.12516182e-002 0. 2.85692187e-003 0. 0.
    5.26880799e-003 -3.96295101e-004 1.54412899e-003 0. 0. 0. 0. 0. 0.
    0. 2.71795620e-003 0. 0. 0. 0. 0. 0. 0. -1.23678255e-004 0. 0. 0. 0.
    0. 0. 2.51021003e-003 1.41488900e-003 0. 5.41506475e-003 0. 0. 0.
    1.37202756e-003 0. 0. 0. 0. 0. 0. 0. 2.54376023e-003 0.
    1.37397018e-003 1.06788322e-003 0. 0. 0. 0. 0. 0. 0. 3.05399508e-003
    0. 0. 0. 8.63577588e-004 0. 0. 2.93427875e-004 4.13812959e-004 0.
    -7.51313870e-004 0. 0. 0. 0. -4.43009922e-005 0. 4.18796856e-003 0.
    1.39424216e-003 0. -9.41779639e-004 0. 0. 1.10811426e-003 0. 0.
    6.29437948e-003 4.57753241e-003 0. 0. 0. 0. 1.81078177e-003 0. 0. 0.
    6.70368224e-003 -1.30711216e-003 -2.58576183e-004 0. 0. 0.
    2.32353318e-003 0. 2.12058844e-003 0. 7.00296077e-004
    -1.53369061e-003 0. 1.02861412e-002 0. 0. 0. 2.89791357e-003
    -3.62051209e-003 0. 1.38116172e-002 0. 1.59857993e-003
    1.80554157e-003 0. 1.18052922e-004 0. 1.23118085e-003
    5.35995699e-003 2.33209645e-003 0. 1.04841555e-003 0. 0. 0.
    6.14119810e-004 2.24624621e-003 0. -1.38315419e-003 0. 0. 0. 0.
    4.57740063e-003 0. 0. 1.16071510e-006 0. 1.95034721e-003 0.
    -4.22439072e-003 0. 0. 0. 2.94967135e-003 1.76955597e-003 0.
    1.77894831e-002 0. 0. 0. 1.10048391e-002 0. 0. 0. 0. 0. 0.
    1.60257588e-003 0. 0. 0. 0. 0. 0. 3.09846550e-003 0. 0.
    7.94500113e-004 0. 3.85531830e-003 0. 0. 0. -6.71990565e-004 0. 0.
