<?xml version="1.0"?>
<opencv_storage>
<imageDescriptor type_id="opencv-matrix">
  <rows>1</rows>
  <cols>1000</cols>
  <dt>f</dt>
  <data>
    8.19840410e-004 0. 0. 0. 1.77569571e-003 0. -3.69075773e-004 0. 0.
    0. 8.99609528e-004 6.93551148e-004 0. 5.20619377e-003 0. 0. 0.
    2.13054343e-004 0. 0. 0. -1.09776179e-003 0. 0. 0. 0.
    9.02702275e-004 0. 0. 0. 0. 3.60121044e-006 0. 0. -3.17394268e-003
    0. 0. 0. 0. 0. 0. 3.62535822e-003 1.18892908e-003 0. 0. 0.
    1.55832665e-003 5.26258118e-005 1.78901851e-003 0. 0. 0.
    5.27161115e-004 0. 0. 0. -1.58014172e-003 0. 5.03372680e-003 0. 0.
    0. 0. 0. 3.16674379e-003 0. 3.22809978e-003 0. 0. 0. 5.85652469e-003
    3.23782652e-003 0. 8.45123781e-004 0. 1.70981430e-003 0. 0. 0. 0.
    1.17545249e-003 7.25819776e-003 0. 4.32638777e-003 0.
    2.22699181e-003 0. 2.64376611e-003 0. 0. 0. 0. 0. 0. 5.81448432e-004
    0. 0. 0. 3.49605503e-003 1.40974754e-002 0. 0. 0. 2.15931353e-003 0.
    2.40987050e-003 3.96628835e-004 0. 3.59042571e-003 0. 0.
    5.28375059e-003 7.39927031e-003 0. 5.09943173e-004 0. 0. 0. 0.
    3.50290164e-003 9.38485377e-004 0. -1.73605411e-004 0. 0. 0. 0.
    1.65641457e-002 0. 6.69167726e-004 0. 0. 0. 7.59305758e-003
    4.47258266e-004 -2.91301520e-003 0. 0. 1.24166487e-002 0. 0. 0.
    2.35273456e-003 0. 1.45844219e-003 0. 0. -1.77317334e-003
    2.32821782e-004 2.57547456e-003 5.27100591e-003 -1.13800296e-003 0.
    8.60964321e-003 0. 0. 0. 0. 1.35597924e-003 3.88198369e-003 0. 0. 0.
    3.80995334e-003 0. 0. 1.06073881e-003 0. 9.93100693e-004
    8.12724524e-004 0. 1.26278924e-003 0. 2.30734888e-003 0.
    4.12831269e-003 0. 0. 0. -1.31401746e-003 7.56022637e-004 0.
    1.05546426e-003 0. 0. 2.17342516e-003 -4.21973411e-003
    2.94320891e-003 1.49510442e-005 1.25639446e-004 -1.52310752e-003 0.
    0. 0. 1.15196989e-003 1.75222277e-003 -5.87751914e-004
    3.68378795e-004 1.98998232e-003 0. 4.38363850e-003 0. 0.
    6.80895429e-003 0. 0. 0. 0. 0. 0. 8.80646706e-003 3.96975782e-004
    1.48902216e-003 0. 7.55920913e-003 0. 5.31472964e-003
    5.47326030e-003 0. 0. 0. 0. 2.57171248e-003 0. 2.80142226e-003 0. 0.
    0. 0. 0. 0. 0. 0. 0. 0. 0. 7.06669502e-003 6.47260342e-003
    -7.54821755e-004 1.14435386e-002 0. 0. 0. 0. 0. 0. 1.99094764e-003
    0. 0. -1.44054275e-003 0. 0. 0. 4.69531026e-003 0. 1.01672520e-003
    1.12185592e-003 0. 0. 4.04850394e-003 7.90093001e-003 0. 0.
    -5.49682009e-004 0. 0. -1.72551554e-005 0. 0. 0. 4.34847781e-003 0.
    6.56881370e-003 0. 0. 0. 0. 0. 0. 0. 0. -6.95255527e-004
    6.13303797e-004 0. 0. 1.11552384e-002 2.11120723e-003 0.
    -7.92857446e-003 0. 0. 8.86170100e-003 1.62504672e-003
    5.11860754e-003 0. 0. 3.32824118e-003 2.52522016e-003 0. 0. 0.
    1.09788100e-003 0. 1.11539208e-003 0. 2.37680913e-004
    -6.39924721e-004 1.33827934e-003 0. 7.53519731e-003 5.10400021e-003
    0. 0. 0. 0. 0. -7.66693323e-004 0. 3.56913963e-003 0. 0.
    1.48462970e-002 0. 0. 0. 4.29700129e-003 2.77475244e-003 0. 0.
    5.24699499e-005 0. 2.01230607e-004 0. 4.01071087e-003
    4.05230094e-003 7.78857502e-004 0. 0. -3.45594657e-004 0. 0. 0. 0.
    0. 0. 3.00116534e-003 1.96646014e-003 2.57921591e-003
    6.40915288e-003 0. 0. 4.25785594e-003 0. 0. 0. 0. 0. 0.
    1.05600257e-003 0. 0. 0. 0. 0. 0. 0. 0. 4.96292429e-004
    1.82577707e-002 0. 1.99607457e-003 0. 0. 0. 9.05474462e-003 0. 0.
    -5.66819335e-006 1.93587143e-003 0. -1.26547471e-003 1.02699664e-003
    0. 0. -1.34370453e-003 4.28883033e-003 3.47407389e-004
    3.11464304e-003 1.92824826e-002 0. 0. 5.52763790e-003 0. 0. 0. 0. 0.
    0. 5.66647900e-003 3.05617601e-003 0. 0. 0. 0. 0. 0. 6.55450043e-004
    0. 0. 0. 0. 0. 2.42751441e-003 0. 0. 0. 0. 0. 0. 0. 2.69880611e-003
    5.09181619e-003 0. 0. 4.43308661e-003 0. 0. 0. 8.21698736e-003 0. 0.
    0. 0. 0. 2.79118354e-003 0. 0. 0. 0. 2.39720172e-003 2.52526393e-003
    3.02232523e-003 2.51210225e-003 0. 2.02483451e-003 0.
    1.33999391e-003 8.45110801e-004 0. 0. 0. 0. 0. 0. 0. 0. 0. 0. 0. 0.
    0. 8.26616399e-003 0. 0. 8.35661590e-003 0. 0. 0. -8.98450729e-004
    0. 0. 6.69338554e-003 7.80142192e-003 0. 8.57331732e-004
    3.08871036e-004 0. 0. 0. 0. 0. 8.28459207e-003 0. 0. 0. 0. 0. 0. 0.
    0. 0. 0. -2.49507348e-003 5.77708241e-003 0. 9.11965873e-003 0.
    3.92157957e-003 -1.18697426e-005 0. 0. 0. 0. -5.20294067e-004
    -1.55978941e-003 3.17320949e-003 0. 0. 0. 0. 0. 0. 3.87172657e-003
    1.58926158e-003 1.92920817e-003 0. 3.78242694e-003 0.
    -1.18754257e-003 1.72795693e-003 0. -2.91717774e-003 5.68159623e-003
    0. 0. 1.54284257e-002 0. 0. 0. 5.56885358e-003 3.01902159e-003
    9.36128083e-004 6.78196549e-003 3.81042855e-003 0. 3.53527232e-003
    0. 2.40450026e-003 -1.31134599e-004 3.25547904e-003 -5.76900318e-004
    -5.22682851e-004 0. 0. 0. 0. 0. 0. -2.11018720e-004 0.
    1.39786070e-003 1.07626000e-003 0. 0. 0. 0. 0. 4.34581889e-003 0. 0.
    3.96991987e-003 0. 2.29831552e-003 0. 0. 7.85427459e-004 0. 0. 0. 0.
    3.95605294e-003 0. 0. 1.91420969e-003 6.59161422e-004 0. 0. 0. 0.
    3.35294218e-003 0. 0. 0. 1.55496970e-002 0. 0. 2.90682842e-003
    -6.54431278e-005 0. 9.40242037e-003 3.05572874e-003 0. 0. 0.
    2.22401140e-005 0. 0. 0. 0. 0. 0. 0. 0. 0. 7.88430683e-003 0.
    1.62815058e-003 0. 0. 4.58956044e-003 0. -2.97004211e-004
    1.97137217e-003 1.33151766e-002 0. 0. 0. 0. 7.04911537e-003 0.
    -4.55799542e-004 0. 0. 0. 0. 0. 0. 5.50926197e-003 0.
    -3.08364892e-004 0. 0. 1.10198103e-003 2.73550209e-003
    6.96371862e-005 0. 0. 1.16488757e-003 0. 2.04070215e-003
    3.09212366e-003 0. -6.05911009e-005 8.05275608e-003 0. 0. 0. 0. 0.
    0. 0. 3.51629616e-003 0. 0. 0. 0. 2.74604908e-003 4.61501395e-003 0.
    1.19518989e-003 1.44436563e-004 0. 6.61789207e-004 2.99410755e-003
    0. 0. 0. 2.01099389e-003 1.63252489e-003 0. 0. 1.32110598e-003 0.
    1.20705855e-003 0. 2.01313547e-003 0. 0. 0. 0. 0. 0. 5.47583040e-004
    4.36773058e-003 0. -1.66770339e-003 4.69641789e-004 0. 0. 0.
    2.21034730e-004 0. 0. 0. 1.63555588e-003 -3.58937068e-005 0. 0. 0.
    9.99753270e-003 0. 1.83933123e-003 2.83639156e-003 1.63978591e-004
    0. 0. 0. -1.45252130e-003 -9.70878347e-004 0. 0. 0. 0. 0.
    1.63256074e-003 0. 0. 0. -1.08767289e-003 3.35337105e-003
    -6.64648192e-004 0. 0. 0. 0. 0. -1.99272006e-004 1.43816680e-004 0.
    0. 0. 0. 0. -2.43041827e-003 0. 0. 0. 0. 0. 0. 0. 0. 0. 0.
    1.29866623e-003 3.28681991e-003 8.62465473e-004 0. 0. 0.
    5.68179647e-004 0. 0. 1.02663634e-003 1.96106476e-003
    1.12836075e-003 1.52834831e-002 2.27013184e-003 0. 0.
    -1.17628486e-003 0. -4.96029737e-004 -3.16824648e-003 0.
    1.56871649e-003 0. -5.15541469e-004 0. 0. 7.17909657e-004 0. 0.
    6.36497652e-003 6.92597998e-004 0. 6.10943697e-003 9.58962919e-005
    5.50565135e-004 0. 2.72482703e-003 0. 2.04922352e-003 0. 0. 0. 0. 0.
    2.57786456e-003 0. 2.62352405e-004 3.31230345e-003 0.
    8.34884588e-003 0. 1.05500621e-004 0. 0. 0. 0. 0. 0. 1.09005882e-003
    0. 0. 0. 0. 2.17440166e-003 0. 1.16939715e-003 7.86101504e-004 0. 0.
    0. 0. 0. 0. 0. -1.44462870e-003 -8.51121091e-004 3.25441384e-003 0.
    0. 0. -6.55663153e-003 7.26848200e-004 0. 0. 0. 0. 0. 0.
    -1.40925380e-003 0. -3.10519384e-003 0. 1.14769787e-002 0.
    1.65145984e-003 0. 0. 0. 0. 0. 0. 0. -2.08052603e-004 0. 0.
    2.33998708e-003 8.81221239e-003 -5.20643553e-005 0. 0.
    3.20207328e-003 0. 0. 0. 1.44930854e-002 0. 1.58265361e-003 0. 0.
    -1.08594680e-003 3.29300109e-003 0. 0. 0. 0. 5.16367611e-003
    3.39969923e-003 0. 7.36782886e-003 0. 6.43837848e-005 0.
    5.64547582e-003 6.44366397e-003 -2.29654764e-003 -3.84447776e-004
    8.87759670e-004 -2.32585327e-004 0. 0. 3.66445258e-003 0. 0. 0.
    8.52340891e-004 0. 0. 0. 0. 0. 0. 0. 1.87033252e-003 0. 0. 0.
    1.82370644e-003 0. 0. 0. 0. 0. 0. -1.30691810e-003 2.28906912e-003
    0. 5.59556950e-003 1.11129170e-003 -1.94614194e-003 0. 0.
    3.33572202e-003 0. 0. 0. 8.54578894e-003 0. 6.04848424e-003 0. 0. 0.
    0. 0. 2.99518998e-003 0. 0. 0. 0. 6.06745481e-003 7.51422020e-003
