<?xml version="1.0"?>
<opencv_storage>
<imageDescriptor type_id="opencv-matrix">
  <rows>1</rows>
  <cols>1000</cols>
  <dt>f</dt>
  <data>
    1.27305137e-003 0. -7.28641171e-004 1.26978720e-003 1.67476898e-003
    3.97319114e-003 0. 0. 0. -7.42188189e-004 -7.17490184e-005
    2.91547010e-004 0. 6.44344371e-003 0. 0. 2.07293459e-004 0. 0. 0. 0.
    0. 2.45639705e-003 0. -3.75443342e-004 1.36874779e-003
    3.30385775e-003 -5.61986701e-004 0. 2.24906788e-003 6.61692000e-004
    0. 0. 8.46864597e-004 3.86731263e-004 2.73236842e-003
    -1.31625077e-003 0. 0. 3.14797997e-003 0. 0. 0. 2.16062646e-003 0.
    0. 1.06757917e-002 -8.07735138e-004 1.53290562e-003 6.44970872e-003
    0. 1.43705372e-004 4.28369385e-004 6.44547492e-003 3.00554070e-003
    9.73690301e-003 3.17133323e-004 0. 1.39614462e-003 1.25672645e-003
    0. 2.48117163e-003 0. 1.46877384e-004 0. 0. 0. 1.99563894e-003 0. 0.
    0. 5.85935777e-003 0. 0. 0. 0. 2.25244812e-003 0. 0. 0.
    4.88479808e-003 5.53307298e-004 -4.85049124e-004 0. 3.93452402e-003
    5.91552770e-003 7.38908863e-003 0. 0. 2.05472484e-003 0. 0. 0.
    9.53670475e-004 6.37978956e-004 0. 0. 1.75915495e-003 0. 0. 0. 0. 0.
    6.60054991e-003 0. -1.30261142e-005 4.99555422e-003 7.43216486e-004
    4.58879210e-003 2.30280240e-003 5.18102490e-004 1.11544633e-003 0.
    0. 0. 1.14649860e-003 0. 4.98127716e-004 0. 3.58206150e-003 0. 0.
    1.15257711e-003 0. 1.56138791e-003 0. 0. 5.96167194e-003 0. 0. 0.
    5.44969831e-003 0. 7.50392443e-004 0. 2.44725845e-003 0. 0. 0.
    2.54985713e-003 0. 2.79465108e-004 3.82288219e-003 2.34335754e-003
    -2.19885376e-003 0. 0. 7.11162994e-003 0. 1.47784350e-003
    3.12654913e-004 0. 0. 9.33271716e-004 0. 0. 0. 0. 0. 1.86946453e-003
    0. 3.21070012e-003 1.40679732e-003 0. 0. 0. 9.99905821e-003 0.
    7.22305011e-003 4.98785579e-004 0. 0. 2.40536756e-003 0. 0. 0.
    4.70479456e-004 0. 0. 4.05807630e-004 4.95572714e-003 0.
    -6.50731788e-004 4.85644815e-003 0. 4.70433896e-003 4.64581605e-003
    1.39973476e-003 0. 1.52508821e-003 2.47891783e-003 -6.96211646e-005
    4.88330657e-003 0. 0. 6.41180016e-003 0. 4.47870838e-003
    1.20968907e-003 0. 0. 6.34350406e-004 0. 0. 0. 0. 1.16194587e-003
    3.69323767e-003 0. 0. 0. -7.32678163e-005 0. 3.16945813e-003 0. 0.
    5.44609386e-004 0. 0. 0. 0. 0. 1.42939098e-003 -1.53202927e-004 0.
    0. 2.87163327e-003 -6.69933797e-004 1.65033573e-003 0. 0. 0.
    1.10670133e-002 2.65084300e-003 0. 0. 0. 0. 5.65957231e-003 0. 0.
    6.78364048e-003 0. 4.23140544e-003 1.57034409e-003 2.46535544e-003
    0. 1.50869659e-003 4.48508095e-003 1.41439377e-003 0. 0.
    9.48283542e-003 0. 0. 0. 1.33613421e-005 0. -9.13998461e-004
    1.73211633e-003 0. 3.42787150e-003 0. 2.97988845e-005
    6.03567762e-003 -1.33070076e-004 3.26855760e-003 0. -1.79646874e-003
    -2.46315054e-003 0. 1.16127301e-002 0. 5.87826944e-004
    6.31728035e-004 0. 6.38769416e-004 0. 0. 0. 5.66835422e-003 0. 0. 0.
    -4.51822998e-004 0. 2.39064405e-003 4.03658021e-004 2.62115290e-003
    0. 0. 0. 0. 4.15692711e-003 4.67179372e-004 0. 0. 0. 3.14477040e-003
    0. 0. 0. 0. 0. 0. 3.26123624e-003 0. 1.29947122e-002 2.72885291e-003
    2.58458219e-003 0. 0. 0. 0. 0. 0. 0. 0. 3.78325675e-003
    1.06074114e-003 9.46845030e-005 1.64682348e-003 1.58088363e-003
    2.46780715e-003 0. 0. 2.99058063e-003 0. 0. 2.48985551e-003 0.
    2.54405127e-003 1.53075182e-003 0. 2.93315109e-003 0.
    1.13201933e-003 0. 0. 0. 0. 0. 3.13504855e-003 0. 0. 4.19422606e-004
    1.95388752e-003 0. 5.09516383e-003 0. 2.19134754e-003
    -3.77887336e-004 0. 0. 7.79057973e-006 2.88824458e-003 0. 0. 0. 0.
    0. 8.48620839e-004 0. 0. 3.45180603e-003 9.74665675e-003 0.
    2.02411320e-003 2.20538187e-003 0. 1.91864662e-003 3.19596357e-003
    -4.49538958e-004 0. 9.05613531e-004 0. 4.18777298e-003 0.
    1.78705237e-003 0. 2.17827945e-003 2.94676720e-004 0. 0.
    1.25014200e-003 3.86109506e-003 -2.43971148e-003 2.16691382e-003 0.
    1.61509844e-004 5.43425675e-004 0. 2.27810131e-004 7.27327715e-004
    0. 0. -4.56410999e-005 0. 0. 0. 0. 7.08946842e-004 1.25889340e-003
    0. 8.79156112e-004 0. 3.43085756e-003 4.90246527e-003 0.
    2.14282991e-004 0. 1.73735677e-003 4.84290253e-003 0. 0. 0. 0. 0.
    2.58651446e-003 0. 2.13749614e-003 3.08060739e-003 6.03036548e-004
    2.59005022e-003 1.06456678e-003 7.16193346e-004 0. -7.12206338e-006
    0. 0. 0. 0. 0. 0. 0. 0. -2.28188094e-003 2.74354755e-003 0. 0.
    3.19157401e-003 0. 3.32767755e-004 0. 0. 0. 9.77066811e-003 0.
    -3.98822274e-004 0. -1.79160759e-003 0. 4.77969792e-004 0.
    3.31079215e-003 8.21180176e-004 0. 0. 0. 9.30684095e-004 0. 0.
    -5.34071994e-004 0. 2.34791096e-002 0. 0. 0. 9.20960505e-004
    4.81596543e-003 0. 0. 3.83915758e-004 0. 0. -2.32667226e-004 0. 0.
    1.45008625e-003 0. 8.09629797e-004 0. 0. -2.14670217e-004 0. 0. 0.
    0. 8.77208367e-005 8.43715970e-004 0. 0. 0. 2.02047732e-003
    3.97446129e-004 0. 0. 0. 0. 0. 0. 1.88492471e-003 0. 1.48755236e-004
    1.42791553e-003 1.32060004e-003 0. 0. 0. 9.54564544e-004
    6.79298770e-004 -1.62775745e-004 3.48737766e-003 4.51112958e-003
    -3.24392400e-004 0. -4.68870567e-004 0. -3.67762870e-004 0. 0.
    -6.98323711e-004 0. 0. 4.84709861e-003 -5.37317537e-004 0.
    2.40577711e-003 0. 0. 0. 0. 0. -3.49507463e-004 0. 7.21976813e-003
    0. 1.67562498e-003 -2.47338554e-003 2.74506025e-003 -1.07801272e-004
    1.55715144e-003 -1.71210297e-004 0. 0. -4.88964142e-003 0. 0.
    7.22143042e-004 4.28317674e-003 0. 1.07624184e-003 0. 0.
    2.02132924e-003 0. -6.53754279e-004 0. 0. 2.62260926e-003
    -2.75207422e-004 0. 0. 1.82453834e-003 0. 0. 0. 0. 0. 0.
    1.51641611e-002 0. 6.61147118e-004 1.05520710e-003 1.20361606e-002
    7.85149576e-004 0. 0. 0. 0. 0. 0. 2.59455922e-003 6.30390970e-003
    5.03985165e-003 0. 0. 4.80294786e-003 0. 0. 0. 0. 0. 0. 0. 0. 0.
    5.26647177e-003 0. 0. 0. 9.29939153e-004 -5.42739464e-004
    1.30813662e-003 7.16103939e-003 0. 0. 0. -3.25713627e-004
    4.86597372e-003 0. 1.28947583e-003 6.59284974e-003 0. 0. 0.
    1.16446158e-002 1.31759618e-003 0. -7.15015121e-005 0. 0. 0.
    2.19841517e-004 2.11385055e-003 0. 0. 0. 1.16935372e-003
    1.40294130e-003 5.82024280e-004 5.51127538e-004 0. 2.49218429e-003
    -9.19573591e-004 -1.65408617e-003 2.53133592e-004 3.12931812e-003 0.
    0. 0. 0. 8.40067770e-003 1.69208331e-003 0. 1.12522207e-003
    2.63892347e-004 0. 0. -5.92868542e-004 0. 0. 0. 9.47839406e-004
    -7.72467814e-004 2.08611181e-003 1.37829303e-003 0. -1.04622671e-003
    0. 0. 2.44705798e-003 0. 0. 0. 3.86832398e-003 0. 1.78331288e-003
    1.99238933e-003 0. 0. 0. 1.05268008e-003 5.11521893e-003 0. 0.
    2.85498006e-003 1.79369177e-003 0. 0. 0. 0. 0. 2.00119009e-003 0. 0.
    0. 0. 0. 0. 6.56848541e-004 0. 0. 4.50832304e-004 0. 0. 0.
    1.30805597e-002 6.79130433e-004 0. 1.86672981e-003 8.41533672e-003
    0. 6.64313557e-004 0. 0. 0. 0. -8.67759300e-005 3.47972219e-003 0.
    0. 0. 0. 0. -7.42904318e-004 1.14750047e-003 0. 0. 1.72756717e-003
    6.29140006e-004 0. 4.28886013e-003 0. 0. 0. 2.26921565e-003
    2.02992791e-003 0. 0. -2.93211400e-004 0. 0. -2.47590768e-004
    8.17985856e-004 0. 0. 1.07865350e-003 1.88837468e-003 0. 0.
    6.75412361e-004 5.86462673e-004 0. 6.42777653e-004 3.05675552e-004
    0. 0. 0. 0. 1.98032777e-003 0. 0. 2.38690176e-003 0. 0.
    2.05895258e-003 1.54046505e-003 0. 0. 0. 0. -5.25354990e-004
    1.19376148e-003 1.92228321e-003 0. 2.44935160e-004 8.32220598e-004
    0. 0. 7.87921366e-004 2.99935369e-003 0. 0. 8.62441782e-004
    -1.09780696e-004 3.56613076e-003 4.70469100e-003 6.48890436e-003 0.
    -2.73966085e-004 4.34488105e-003 0. 8.71472410e-004 4.92299534e-003
    1.08468940e-003 0. 2.57615955e-003 0. 0. 0. 0. 0. -1.72049680e-004
    0. 0. 8.54588870e-004 2.49512307e-003 2.20234971e-003 0. 0.
    1.58918649e-003 0. 4.84499522e-003 0. 0. 3.93395266e-003 0. 0. 0. 0.
    4.30347212e-003 0. 0. 0. 4.59547900e-003 6.98932156e-004
    5.47881005e-004 0. 5.77281602e-003 4.97040013e-003 0. 0. 0.
