<?xml version="1.0"?>
<opencv_storage>
<imageDescriptor type_id="opencv-matrix">
  <rows>1</rows>
  <cols>1000</cols>
  <dt>f</dt>
  <data>
    0. 0. 3.08481860e-003 0. 1.19739017e-002 -1.77000999e-003 0. 0.
    3.39018134e-003 3.61649087e-003 5.73313795e-003 3.48190451e-003 0.
    0. -8.93658143e-004 2.99425563e-003 9.29466728e-003 0.
    4.15393326e-004 0. 1.63287774e-003 0. 0. 0. 0. 1.03257853e-003
    1.14836532e-003 0. 0. 6.43790839e-003 0. 1.11195061e-003
    -1.27285079e-003 0. 0. 2.28662416e-003 0. 0. 0. 0. 0.
    1.98774738e-003 0. 3.52384895e-003 0. 0. 1.72862061e-003 0.
    -1.11240940e-003 1.67537574e-002 -7.99747009e-004 0. 2.75507686e-004
    0. 3.99956945e-003 0. -4.42617340e-004 0. 0. 2.12490372e-003 0.
    2.21902365e-003 0. 0. 0. 0. 2.49746232e-003 0. 0. 0. 0.
    1.73665117e-002 0. 1.27906480e-003 0. 0. 5.24918898e-004
    7.04077212e-003 0. 0. -2.38061504e-004 0. 4.65996214e-004 0.
    1.38016825e-003 0. 0. 1.68479653e-003 2.56140553e-003
    1.96727389e-003 0. 1.49634317e-003 0. -3.79181444e-003
    1.45554112e-003 2.47644584e-005 1.60642974e-002 8.41186993e-005
    7.22742034e-003 -7.84378150e-004 0. 0. 0. 0. 6.94523915e-004 0.
    2.13717646e-003 0. -1.79353496e-003 6.80011872e-004 -1.85225916e-003
    1.01298559e-003 0. 0. 0. 0. 0. 0. 0. 0. 0. 0. 0. 6.60865626e-004
    3.23100743e-004 0. 0. 0. 0. 0. 1.57967722e-003 6.15270750e-004 0.
    1.20585342e-003 0. 9.26514389e-004 0. 4.73086815e-003 0. 0. 0.
    5.51698869e-003 0. 0. -2.21217261e-003 0. 0. 2.71382043e-003
    1.47524814e-003 0. 0. 0. 2.01940536e-003 7.80176371e-004
    -1.84205757e-003 0. 7.62212556e-004 0. 0. 0. -2.71852827e-003
    4.55839559e-004 1.43032358e-003 0. 0. 0. 1.11266016e-003 0.
    -1.10471132e-003 0. 0. 0. 0. 3.73955630e-003 4.28905385e-003 0.
    1.42044378e-002 7.83701078e-004 0. 1.17105916e-002 0. 0.
    4.32605203e-003 0. 0. -3.26226203e-004 3.41011118e-003 0.
    2.68977811e-003 1.50090491e-003 0. 0. 0. 0. -4.29441640e-003
    1.15517434e-003 0. 0. 0. 0. 2.56609963e-003 0. 0. 0. 0. 0. 0.
    -1.55425107e-003 0. 0. 1.54712365e-003 0. 7.69411260e-003 0. 0. 0.
    2.21009576e-003 0. 0. 0. 0. 0. 0. -2.34119035e-003 0.
    1.15597132e-003 0. 6.71212934e-003 0. 7.26666476e-004
    5.93624660e-004 2.18065106e-003 1.50863198e-003 5.36019076e-003
    4.87910147e-004 0. 0. 0. 0. 0. 0. 3.76540655e-003 1.38520561e-002 0.
    5.27654821e-003 0. 0. 0. 0. 2.43194736e-004 0. -6.24553213e-005
    3.38477455e-003 -1.45983562e-004 0. 0. 3.51827033e-003 0.
    4.87009948e-003 0. 0. 0. -2.21553491e-004 9.76792580e-005 0. 0. 0.
    0. 0. 2.33991246e-004 0. 0. 1.07880635e-003 1.70160811e-002
    6.78230450e-003 2.88986159e-003 -9.15020239e-004 0. 0. 0. 0. 0. 0.
    -4.88162332e-004 0. 0. 0. 5.75868646e-004 0. 0. 0. 0.
    1.06658386e-002 0. 0. 0. 0. 1.45111037e-002 -9.40115642e-005 0. 0.
    2.92531494e-003 0. 0. 4.72600060e-003 4.39436501e-003 0. 0.
    2.38249893e-003 0. 2.10336456e-003 -2.92183395e-004 0. 0. 0. 0.
    -4.16290161e-004 0. 5.45781478e-003 2.64269719e-003 8.74929246e-004
    2.65699578e-003 -1.01423333e-003 0. 0. 2.86023458e-003
    1.44088839e-003 0. 0. 3.08139552e-003 0. 0. 0. 0. 0. 0.
    4.17294854e-004 0. 2.36577773e-003 1.68295437e-003 0. 0.
    -1.48933369e-003 0. 2.02578632e-003 -3.27016576e-004 0.
    4.38094418e-003 -3.77028529e-003 0. -4.13580536e-004 5.67731622e-004
    0. 0. 0. 4.32614586e-004 0. 0. 0. 0. 0. 0. 0. 0. 0. 0.
    2.68072914e-003 2.16467725e-003 1.19584578e-003 0. 1.20635482e-003
    0. 5.71767008e-003 0. 0. 0. 0. -1.18406606e-004 1.49138574e-003
    -1.45587709e-003 0. 0. 0. 2.68158247e-003 5.43302333e-004
    5.60480962e-003 0. 9.38648591e-004 0. 0. 1.61849451e-003 0. 0.
    -1.51154993e-004 0. 0. 4.37481678e-004 4.95393388e-003
    -8.75535334e-005 0. 0. 0. 9.23779327e-003 5.22709161e-004 0. 0. 0.
    0. 0. 8.44866736e-004 0. -4.00522840e-005 0. 0. 0. 0. 0.
    1.86139916e-003 0. 9.66954394e-004 9.40836500e-003 0. 0. 0.
    2.84576183e-003 0. -3.31718591e-004 0. 2.92530982e-003 0.
    3.24401283e-003 -1.09957356e-003 1.17452967e-003 0. 4.07146662e-003
    -6.35779172e-004 0. 0. 0. 0. 0. 2.17231293e-003 0. 0. 0. 0. 0.
    1.70090899e-003 0. 0. 0. 0. 0. 0. 0. 0. 0. 0. 0. 0. 0. 0. 0. 0.
    1.05946371e-002 0. 0. 0. 0. 2.82522012e-003 3.46306828e-003 0.
    5.73483529e-004 0. 0. 0. 1.23065831e-002 1.25807803e-003
    3.39614053e-005 0. 0. 0. 6.52227690e-003 3.37898568e-003 0. 0. 0.
    2.05027428e-003 0. 0. 0. 0. 0. 0. 0. 0. 7.16710929e-004
    3.65807582e-003 0. 3.95176373e-003 2.91579985e-003 0.
    -1.40211999e-003 0. 2.20345031e-003 0. 0. 0. 0. 0. 0. 0.
    1.69337615e-002 5.98275918e-004 0. 0. 0. 2.45111678e-005 0. 0. 0.
    -2.66229385e-004 0. 0. 0. 0. 0. 0. 0. -1.43142766e-003 0. 0.
    8.30178801e-003 6.16521761e-003 0. 0. -4.80313291e-004
    2.98646791e-003 7.69568607e-004 0. -6.83021382e-004 7.70558952e-004
    0. 7.90747534e-003 0. 1.12937093e-002 0. 0. 0. 2.47055595e-003 0.
    7.18083815e-004 0. 0. 5.16801793e-003 0. 0. 9.30840324e-004 0.
    1.18957763e-003 0. -4.02433274e-004 0. 1.45678851e-003 0. 0. 0. 0.
    0. 0. 2.02286299e-002 0. 0. 0. 1.38932955e-003 7.92184193e-003 0.
    2.23886943e-003 0. 0. 0. 1.43374421e-003 0. -3.11172311e-003 0. 0.
    0. 0. 0. 0. 0. 0. 0. 0. 0. 0. 0. 3.42493481e-003 0. 0. 0.
    2.32322863e-003 0. 0. 0. 0. 5.33037819e-004 -7.48953025e-004
    -2.12087575e-003 0. 0. 2.98685068e-003 0. 0. 0. 1.88435509e-003
    -9.91566340e-004 0. 0. -4.91428748e-003 1.79950846e-003 0. 0. 0. 0.
    0. 1.88563264e-003 0. 0. 0. 5.91702759e-003 0. 0. 3.66509287e-003 0.
    0. 0. -7.54776876e-004 0. 0. -1.99498585e-003 2.07377737e-003 0. 0.
    2.12518126e-003 0. -1.68352723e-004 0. 0. 7.13160844e-004 0. 0.
    3.40790837e-003 -3.04125319e-003 2.42175860e-003 2.67932587e-003 0.
    0. -7.24545753e-005 3.28882923e-003 2.42964760e-003 0. 0. 0. 0. 0.
    0. 0. 0. 2.06802739e-003 0. 0. -7.14353564e-006 0. 7.30867358e-003
    0. 0. 2.65459507e-003 9.64172650e-003 0. 0. 0. 1.31957256e-003
    2.82300217e-003 0. 9.85026173e-003 9.82491183e-004 0. 0.
    -3.91227310e-004 0. 0. 0. 0. 0. 0. 2.12685452e-004 0. 0.
    1.15482695e-003 0. 4.46354272e-003 -5.99255494e-004 1.45862834e-003
    0. 2.65410217e-003 0. 0. 6.66911621e-003 9.47037712e-003 0. 0. 0. 0.
    0. 0. 0. 0. 0. 2.42766459e-003 9.16102959e-004 0. 1.90968532e-002 0.
    0. 0. 0. 2.52211979e-003 0. 0. 0. 0. 0. -1.13231025e-003 0.
    -7.26216385e-005 0. 0. 1.82796968e-003 0. 0. 5.11206407e-003
    -2.00530072e-003 0. 8.51819012e-003 0. 0. 0. 0. 6.50970358e-003 0.
    0. 1.18892104e-003 0. 1.49581596e-004 0. 0. 1.25993008e-003
    -3.00793672e-005 1.07004424e-003 -3.25556233e-004 0. 8.41467059e-004
    0. 0. 0. -1.93054620e-005 1.06020691e-002 -6.34724100e-004 0.
    7.99997337e-003 0. 1.30681915e-003 0. -3.28808819e-004 0. 0. 0. 0.
    0. 0. 2.39373324e-003 0. 0. 2.21133907e-003 2.22649565e-003
    1.70170586e-003 0. 4.56244173e-003 0. 0. 0. 0. 1.49313454e-003 0. 0.
    0. 1.45482225e-002 0. 0. 0. 0. -1.10985676e-003 0. 0.
    -6.97587908e-004 0. 3.92395118e-003 3.47526441e-003 2.28701835e-003
    0. 0. 0. 1.39223470e-003 0. 0. 0. 0. 0. 0. -1.01049256e-003 0. 0. 0.
    0. 2.04940466e-003 0. 0. 0. 2.84872553e-003 0. 0. 0. 1.76827749e-003
    0. 4.87286103e-004 0. 0. 0. 0. 5.32307709e-003 0. 0. 1.49361556e-003
    -5.60183253e-004 8.19938537e-003 -1.42187625e-003 0. 0.
    -9.18330334e-004 0. 0. 1.92094990e-003 0. 1.79700949e-003
    2.95681600e-003 1.65109523e-002 2.62282585e-004 2.03823671e-003 0.
    1.01121711e-002 0. 0. 1.64228515e-003 4.20541782e-003 0. 0. 0. 0. 0.
    6.80558104e-003 0. 0. 0. 0. 0. 0. 2.53558904e-003 0. 7.60367220e-006
    1.53013773e-003 4.94124880e-003 8.93629913e-004 1.80104456e-003 0.
    2.01205350e-003 0. 0. 3.69296584e-004 2.00653472e-003
    2.18383182e-004 0. 0. 2.17837142e-003 0. 0. 0. 8.20110436e-004
    3.28280171e-003 0. 0. 2.25499785e-003 0. 1.33772823e-003 0. 0. 0.
    3.86857963e-003 0. 2.31573405e-003 0. 2.29474436e-002
    9.06164176e-004 0. 7.60245719e-004 0. 9.48288245e-004 0. 0. 0. 0.
