<?xml version="1.0"?>
<opencv_storage>
<imageDescriptor type_id="opencv-matrix">
  <rows>1</rows>
  <cols>1000</cols>
  <dt>f</dt>
  <data>
    0. 0. -5.08052669e-003 0. 1.84446538e-003 3.08160367e-003
    1.77069730e-003 1.99519703e-003 0. 0. 0. 4.29695752e-003 0. 0.
    5.99535322e-003 0. 0. 0. 0. 0. 3.07381968e-003 0. 0. 0.
    -1.69096864e-003 0. 0. 0. 0. 0. 0. 0. -1.29055826e-003 0.
    8.44168663e-003 3.61052062e-003 0. 3.89876263e-003 -1.09314569e-003
    0. 0. 0. 1.25184911e-003 -4.50062857e-004 0. 0. 8.42819642e-003 0.
    -9.88008178e-005 -1.20885787e-003 2.03216425e-003 4.07002430e-004 0.
    0. 5.46397292e-004 0. 0. 1.71268045e-003 0. 0. 0. 2.83175264e-003 0.
    4.11447603e-003 2.11707707e-002 0. 0. 0. 0. 0. 0. 2.11344007e-002 0.
    0. 0. 0. 0. 0. 0. -1.77327729e-005 0. 0. 1.12921675e-003
    2.56062462e-003 -5.50096622e-004 4.01685014e-003 9.80969053e-004
    1.66386098e-003 0. 2.53702444e-003 8.34107120e-003 0.
    2.41170893e-003 5.17567201e-003 3.04313796e-003 0. 2.08603684e-003
    2.05600937e-003 2.08301097e-003 0. 0. 3.82293155e-003 0. 0. 0. 0.
    3.59559641e-003 2.52065714e-003 0. -2.29095365e-003 9.74005612e-004
    4.51870123e-003 0. 0. 0. 0. 0. 0. 0. 1.66656595e-004 1.20562455e-003
    0. 0. 1.19745592e-003 0. 2.32759560e-003 0. 1.22558139e-003 0. 0.
    1.13646546e-003 0. 0. 2.26227078e-003 0. 2.82776798e-003 0.
    5.94524026e-004 -4.64334385e-004 1.85059325e-003 0. 0.
    -1.17577950e-003 0. 0. 0. 0. 0. 0. 0. 0. 6.12675538e-003 0.
    3.36724217e-003 5.35979634e-003 0. 2.30334257e-003 0. 0. 0.
    -1.21665047e-003 3.06318922e-004 0. 1.24147506e-002 0. 0. 0. 0.
    1.27370330e-002 0. 2.79264728e-004 -4.71608061e-003 0.
    7.62390159e-003 0. -2.65406119e-003 0. 0. 0. 1.98201817e-002 0.
    2.14194157e-003 4.53364366e-004 5.95248184e-006 0. 2.66275043e-003
    -5.72546676e-004 -2.12790421e-003 2.12577614e-003 0.
    -2.34009814e-003 1.76913012e-003 0. 0. -2.57835514e-003
    4.14827466e-003 0. 1.24881975e-003 1.71431131e-003 -6.08013470e-005
    0. 4.50049003e-004 0. 0. 0. 0. 8.95581674e-003 0. 0. 3.14693106e-003
    3.21605196e-003 0. 0. 0. 0. 1.83058600e-003 0. -1.69337424e-003 0.
    0. 0. 0. 0. 0. 0. 1.04484599e-004 2.26671132e-003 0. 0. 0. 0. 0. 0.
    -6.48279791e-004 0. 0. 0. 1.42599817e-003 0. 0. 0. 0. 0.
    1.45343540e-003 0. 0. 0. 1.69771235e-003 0. 6.86528208e-003
    7.38051895e-004 0. 5.35682868e-003 8.02772876e-004 0.
    9.28959227e-004 0. 0. 1.21667609e-003 0. 0. 0. 0. 0. 0.
    -8.95727644e-005 0. -7.68951699e-003 2.44995835e-003 0. 0. 0. 0.
    1.17269102e-002 1.14325350e-002 3.15870973e-004 1.25909096e-003 0.
    0. 0. 0. 0. 0. -2.55384308e-004 0. -5.88016934e-004 1.04546379e-002
    -2.01452384e-003 -1.08179374e-004 0. 0. 0. 4.20810794e-003
    2.01535970e-003 0. 1.23673541e-004 4.45558643e-003 6.12184126e-003
    0. 0. 0. 5.08208107e-003 0. 0. 0. 0. 6.21363102e-003 0.
    3.35199316e-003 -1.84930366e-004 2.35748594e-003 -1.06520706e-003 0.
    0. 8.14709987e-004 0. 2.23591086e-003 0. 1.86947093e-003 0. 0.
    5.60180226e-004 0. 4.80256556e-003 0. 0. 0. 1.95390172e-003 0. 0. 0.
    0. 0. -3.62599210e-004 4.44703363e-003 5.38201057e-005
    6.06333138e-003 0. 0. 1.24858310e-002 0. 0. 0. 0. 4.29866929e-003 0.
    0. -6.83812599e-004 1.00132637e-002 7.29085179e-004 0. 0. 0.
    1.22110369e-002 0. -3.34120414e-004 5.27207833e-003 0. 0. 0. 0. 0.
    0. 0. 0. -7.18360010e-004 0. 2.56891781e-003 0. 0. 8.32661428e-003
    0. 0. 1.85219527e-004 0. 0. 3.54499742e-003 -4.10229608e-004
    2.38216179e-003 0. -9.91563080e-004 1.76246057e-003 0. 0. 0.
    2.64749769e-003 0. 0. 0. 9.76757838e-006 0. 0. 0. 0. 0. 0. 0. 0. 0.
    2.86764298e-002 0. 0. 0. 0. 0. 0. 0. 0. 5.65086724e-003 0. 0. 0.
    -3.69561865e-004 0. 0. 0. 0. 2.08020071e-003 0. 0. 7.54200947e-003
    0. 0. 0. 0. 0. 0. 0. 1.19147263e-003 0. 0. 6.17029320e-004 0. 0.
    1.35990427e-004 0. 2.27018399e-003 -2.87611247e-003 0. 0.
    2.29581213e-003 0. 0. 0. 0. 0. 0. 1.83674740e-003 0. 7.91447423e-003
    0. 0. 3.20173637e-003 0. 0. 3.15133738e-003 2.32766531e-002 0. 0. 0.
    0. 3.10587906e-003 3.79218557e-003 -1.47589843e-003 0. 0. 0. 0. 0.
    0. 5.17553090e-005 0. 0. 0. 0. 0. 0. 0. 5.65064722e-004 0.
    8.02785344e-003 7.80177722e-003 0. 2.44690891e-004 1.83007179e-003
    1.76164135e-003 0. 0. 1.62812532e-003 4.22922801e-003 0. 0. 0. 0. 0.
    0. 0. 1.86784205e-003 0. 0. 0. 0. 0. 0. 0. 0. 0. 0. 0.
    1.42967282e-003 0. 0. -1.15074588e-004 0. 1.38805131e-003 0. 0.
    2.39171437e-003 1.01828086e-003 0. 0. 0. 0. 0. 0. 0. 1.22312026e-003
    0. 0. 1.51157659e-002 0. 0. 3.84728075e-003 0. 2.34261461e-004 0. 0.
    0. 9.93348379e-003 0. 7.49012129e-003 0. 0. 0. 0. -2.76669336e-004
    0. 6.12300029e-003 0. 0. 0. -3.60818609e-004 0. 0. 8.72636912e-004
    3.86168918e-004 4.10673092e-004 0. 0. 7.66684487e-003 0.
    1.54362200e-003 7.41206808e-004 1.79639424e-003 0. 3.91772296e-003
    0. 0. 9.41177271e-003 1.48886803e-003 6.12852396e-003
    3.03552765e-003 0. 0. 9.73292068e-003 0. 0. 0. 2.47299206e-003 0. 0.
    6.42578444e-003 -2.88019422e-004 1.61536539e-003 0. 0. 0.
    1.28468918e-003 0. -6.19092374e-004 1.67659880e-003 0. 0. 0.
    4.60869074e-003 0. 0. 9.42361599e-004 0. 2.60482100e-003
    9.07038455e-004 1.18151004e-003 0. 1.30891486e-003 0. 0. 0. 0. 0.
    -1.45557604e-003 0. 5.80605725e-003 0. 0. 0. 0. 0. 0. 0. 0.
    4.34925139e-004 1.09248515e-003 0. 4.43031127e-003 0. 0. 0. 0. 0. 0.
    1.35117455e-003 1.25700969e-003 0. 2.27659428e-003 0.
    1.34430185e-003 -1.65220801e-004 4.30110784e-004 0. 5.50964428e-003
    0. 0. 2.40203901e-003 2.55176495e-003 4.23966534e-003 0. 0. 0. 0.
    5.83330821e-003 0. 2.15674308e-003 0. 8.75291787e-003
    2.98332749e-003 0. 0. 3.48989415e-004 5.46910043e-004 0.
    6.52151741e-003 0. 7.65409227e-003 0. 0. 0. 1.75226061e-003
    1.52625586e-003 0. 0. 0. 0. -9.42528248e-004 0. 0. 0. 0. 0. 0. 0. 0.
    0. 3.53945163e-003 0. 0. 0. -1.45681540e-003 0. 0. 0.
    9.58625518e-004 0. 0. 2.04718439e-003 -1.89953740e-003
    5.17174928e-003 0. 0. 0. 0. 0. 3.38829425e-003 6.23225095e-003
    1.24148307e-002 2.14029360e-003 0. 1.27453706e-003 0. 0. 0.
    1.57876522e-003 0. 0. 0. 0. 0. 0. 0. 0. 0. 1.35773150e-002 0. 0. 0.
    0. 0. 0. 1.37365900e-003 0. 0. 0. 0. 0. 0. 0. 0. 0. 0. 0. 0. 0.
    3.90249607e-003 5.24779735e-003 0. 0. 0. 1.09045370e-003 0. 0. 0. 0.
    0. 0. -1.24733185e-003 3.02857836e-004 0. 0. 2.15099822e-003 0. 0.
    0. 0. 0. 6.47328701e-003 0. 0. -1.54331687e-003 -3.00372631e-004 0.
    0. 0. 0. 0. 1.32228909e-002 0. 0. 0. 0. 8.59806081e-004
    5.75371599e-003 0. 2.93878932e-003 0. 0. 0. 7.22844154e-003 0. 0.
    2.75502709e-004 0. 0. 0. 0. 1.93192775e-003 0. 5.33285132e-003 0. 0.
    0. 0. 0. 1.54065446e-003 0. 1.11754239e-003 0. 0. 0. 1.78698683e-003
    0. 0. -2.64200778e-003 1.07284719e-002 0. 0. 0. 2.33843713e-003 0.
    0. 0. 7.18788302e-004 2.94576539e-003 4.70798835e-003 0.
    7.32442038e-003 0. 0. 0. 9.38701257e-003 0. 2.48268107e-003 0. 0. 0.
    8.38237349e-004 -2.70290853e-004 8.88792798e-004 1.91955594e-003
    3.00883572e-003 0. 0. 0. 0. 0. 0. 0. 4.53738729e-003 0. 0. 0. 0.
    7.99317192e-003 0. 0. 7.44786230e-004 3.53133335e-004
    8.99306790e-004 0. 0. 0. 1.38550031e-003 0. 2.86347070e-003 0.
    3.58880236e-004 4.33646748e-003 0. 1.19853560e-002 0. 0. 0.
    -2.15814007e-003 0. 3.06570972e-003 3.03246226e-004 3.73731204e-003
    0. 1.19322620e-003 2.42463057e-003 4.91826562e-003 0.
    5.30538568e-003 -1.07320817e-003 0. 0. 0. 2.30176840e-003
    6.13103621e-003 0. 6.95965544e-004 0. -1.56706534e-004 0. 0.
    -6.62538805e-004 0. 0. 2.25756923e-003 0. 0. 0. 0. 0. 0. 0. 0.
    7.01304176e-004 0. 0. 0. 3.48826079e-003 0. 8.76766979e-004 0.
    -5.32346661e-004 0. 6.03234861e-003 0. 0. 0. 1.41490297e-003
    6.14548277e-004 0. 0. 0. 0. 0. 0. 0. 0. 0. 0. 0. 0. -6.90830697e-004
    0. 0. 0. 0. 0. 0. 0. 6.79645338e-004 0. 2.78903451e-003 0. 0. 0. 0.
    0. 0. 0. 0. 0. 0. 1.18588819e-003 0. 0. 6.76873792e-003 0. 0. 0. 0.
