<?xml version="1.0"?>
<opencv_storage>
<imageDescriptor type_id="opencv-matrix">
  <rows>1</rows>
  <cols>1000</cols>
  <dt>f</dt>
  <data>
    3.49544594e-003 0. 2.44269203e-002 0. 0. 0. 2.02489644e-003 0.
    6.65167405e-004 0. 0. 0. 0. 0. 0. 0. 0. 0. 0. 0. 0. 2.89514381e-003
    1.08099275e-003 0. 5.96529106e-003 1.93196000e-003 -1.09887146e-003
    0. 0. 1.22208251e-002 0. 0. 0. 2.04403372e-003 -1.03801228e-002 0.
    3.81992606e-004 2.67290766e-003 0. 6.55049400e-004 -1.49548854e-004
    7.84387533e-003 0. -9.57543089e-004 0. 0. 0. -9.53642360e-004
    -2.56524584e-003 6.26395596e-003 6.08212966e-003 4.40778397e-003 0.
    0. 0. 0. -2.30478775e-003 0. 0. -6.75392803e-004 0. 0.
    6.76583382e-004 -4.10318171e-004 0. 1.76661613e-003 0.
    7.65719742e-004 1.10769905e-002 0. 0. 1.39680803e-002
    1.24958879e-003 -1.59945851e-003 0. 0. 1.25892013e-002 0. 0.
    2.97825970e-003 6.86804391e-003 -8.14066152e-004 2.54507898e-003 0.
    0. 1.66737929e-003 2.06406601e-003 0. 1.87295710e-003 0.
    1.63262303e-003 0. 0. 2.74935272e-003 0. 6.72547519e-003
    2.14782450e-003 -1.54395006e-003 0. 0. 0. 0. 0. 0. 0. 0.
    4.05739713e-003 2.20585894e-003 0. 0. -1.17298518e-003 0. 0. 0. 0.
    0. 0. 0. 0. 1.41787631e-002 -5.64674148e-004 0. 1.51217787e-003
    2.16379133e-003 0. 0. 0. 0. 0. 0. 0. 3.56929260e-003 0. 0. 0.
    -1.57954067e-003 0. 0. 3.86275095e-003 4.69992030e-003 0. 0.
    8.33631551e-004 4.28887270e-003 5.34107057e-005 0. 0.
    1.26513315e-003 2.08051596e-003 8.46094079e-003 0. 0. 0. 0. 0. 0. 0.
    0. 0. 0. -1.94960885e-004 0. 0. 0. 0. 0. -2.18087062e-003 0.
    8.99139559e-004 0. 0. 0. 0. 0. 0. 0. 0. 0. 0. 2.27857218e-003
    5.83796715e-003 0. 0. 3.59774847e-003 0. 6.38330413e-004
    6.62497478e-004 0. 0. 0. 5.49703976e-003 0. -3.07933107e-004
    5.16594574e-003 0. 1.34074893e-002 0. 7.75249151e-004 0. 0. 0.
    2.63546687e-003 0. 0. 0. 0. 4.73930361e-003 -1.28468720e-003 0. 0.
    3.23692104e-003 6.95551140e-003 0. 0. 1.33062005e-002 0. 0. 0.
    9.18213511e-004 -6.69234141e-004 0. 0. 0. 0. 0. 2.05293912e-002
    2.36364780e-003 5.48588252e-003 5.00009570e-004 -1.50707026e-003 0.
    0. 5.80999628e-003 0. 0. 3.87498783e-003 0. -1.13065203e-003 0. 0.
    0. 2.04376299e-002 0. 0. 0. 0. 0. 0. 0. 8.18226766e-003 0. 0.
    3.77361174e-003 7.35171512e-003 1.82477164e-003 0. 0.
    5.71353536e-004 -3.32194404e-003 0. 0. 0. 0. 0. 1.10124971e-003 0.
    0. -5.58629399e-004 0. 1.41859078e-003 0. 0. 0. 1.80280898e-002
    1.10321175e-002 0. 0. 0. 0. 0. -8.05716147e-004 0. 0. 0. 0. 0. 0.
    4.49992949e-003 2.44057947e-003 0. 0. 0. 0. 6.73323520e-004 0.
    -1.46244664e-003 0. 0. 0. 8.00487120e-003 3.04508233e-003 0. 0. 0.
    5.85536938e-004 0. 0. -2.30909543e-004 0. 0. 0. 0. 0. 0. 0.
    -2.18806393e-003 3.61584336e-003 0. 1.19320452e-002 1.57774193e-003
    1.94821060e-002 4.15815832e-003 0. -7.50561070e-004 0. 0. 0.
    4.25648177e-003 0. 0. 0. 5.68744028e-003 1.88190083e-003
    4.65524802e-003 0. 0. 0. 0. 0. 0. 3.55751556e-003 0.
    -1.44296593e-003 0. 0. 6.68758876e-004 6.80457894e-003 0.
    1.02901887e-002 0. 0. 0. 7.62895274e-004 0. 1.07493380e-003
    6.01123786e-003 0. 0. 0. 1.13549037e-003 0. 0. 0. 0. 0.
    8.50907713e-003 0. 0. -8.07920762e-004 0. 0. 6.69747766e-004 0.
    -1.16066798e-003 0. 0. 0. 0. 0. 1.69520651e-003 -1.30505557e-003
    5.22342604e-003 0. 0. -4.96973190e-003 -3.09561321e-004 0.
    1.83236005e-003 0. -1.83818094e-003 0. 0. 0. 3.12562566e-003 0. 0.
    1.76733662e-003 0. 0. 3.54290567e-003 0. 5.29578514e-003 0. 0. 0. 0.
    3.62740806e-003 0. 0. 0. 0. 0. 1.17334176e-003 -1.23522636e-002 0.
    1.47242926e-003 0. 0. 0. 0. 4.13563568e-003 -6.80246798e-004
    1.88121535e-002 1.03242770e-002 0. 0. 0. 0. 0. 2.67540035e-003 0. 0.
    9.51930694e-003 5.75828087e-003 0. 1.01213518e-003 -1.05103338e-003
    0. 0. 0. 0. 0. 3.50085064e-003 0. 0. 0. 0. 0. 0. 0. 5.80676738e-003
    0. 0. 0. 0. 0. 0. 5.56901330e-004 2.28505046e-003 0. 0. 0.
    1.36532809e-003 0. 2.18236842e-003 0. 3.80370300e-004 0.
    6.42279163e-003 2.38762889e-003 0. 0. 3.98722827e-004 0. 0.
    2.39296840e-003 0. 0. 1.07543403e-003 0. 1.23893458e-003 0. 0. 0. 0.
    2.36523291e-003 0. 0. 0. 0. 0. 0. 0. 0. 0. 0. 1.05571225e-002 0. 0.
    0. 0. 0. 0. 0. 5.70661109e-003 0. 4.08400269e-003 0. 0. 0. 0. 0.
    5.59624285e-003 2.44659348e-003 0. 0. 0. -2.13054451e-003
    4.99730406e-004 5.95634943e-003 0. 2.67100218e-003 0. 0.
    3.12835095e-003 0. 0. 0. 0. 0. 0. 0. 1.58389043e-002 0. 0.
    -2.11217464e-003 0. 3.43418680e-003 7.08933003e-005 -2.59803986e-004
    1.03556477e-002 3.35173053e-003 0. 0. 0. 1.80061127e-003 0. 0.
    2.14100885e-003 2.32496136e-003 0. 0. 0. 0. 0. 0. 0. 4.08316543e-003
    0. 1.05676660e-003 0. 4.09888616e-003 0. 0. 0. 0. 0. 5.53789968e-003
    0. 0. 2.39424463e-002 0. -2.39170738e-003 4.45304578e-003 0.
    5.29347826e-003 0. 0. 0. -2.83711037e-004 1.51925941e-003
    3.92181659e-003 0. 0. 0. 1.31605903e-003 0. 0. 0. 2.69649364e-003 0.
    0. 0. 2.36482196e-003 0. 0. 0. 0. 9.48046707e-003 0. 0. 0. 0. 0.
    1.31178647e-003 -1.46629347e-003 -3.15716164e-003 0. 0.
    1.05180987e-003 0. 3.91623122e-004 0. -2.80240504e-003 0. 0. 0.
    -2.75779725e-003 0. 8.14538635e-003 0. 0. 0. 0. 0. 0. 0. 0. 0.
    6.03458984e-003 0. 0. 0. 6.34721806e-003 0. 0. 0. 1.91172713e-003 0.
    0. 1.78939640e-003 2.65773642e-003 3.23683280e-003 5.06641623e-003
    0. 0. 5.54352358e-004 0. 0. 0. 0. 4.88604279e-003 0. 1.51705078e-003
    0. 3.30637582e-003 -3.04580131e-003 2.59416341e-003 -6.90228771e-004
    0. 0. 0. 0. 0. 0. 0. -2.42051552e-003 0. 2.27124750e-004
    1.16836326e-002 0. 5.64057985e-003 0. 0. 0. 0. 0. 1.71928143e-003
    5.27300057e-004 0. 0. 0. 0. 0. 0. 0. 0. 0. 0. 2.30357074e-003 0. 0.
    0. 6.89962925e-003 0. 0. 0. 3.62371188e-003 0. 0. 0. 5.27916104e-003
    8.39008891e-004 2.51030177e-003 1.36439304e-003 0. 0.
    1.47031876e-003 0. 1.15426397e-002 0. 1.71761925e-003
    -2.22475384e-003 0. 0. 0. 0. 0. 0. 0. -5.83333103e-003 0.
    1.18596340e-003 0. 4.54943301e-003 0. 0. 0. 0. 0. 0. 0. 0.
    2.38980376e-003 0. -3.70237557e-003 0. 4.84707858e-003
    1.70554838e-003 2.56234664e-003 0. 4.32139821e-003 0. 0. 0. 0. 0. 0.
    4.22573509e-003 0. 9.83575080e-003 0. 0. 0. 0. 0. 0. 7.45635759e-003
    0. 0. 0. 0. 2.13720091e-003 -3.08736507e-003 0. 1.09858194e-003 0.
    -2.70691770e-003 0. -2.74204882e-003 1.75706879e-003 0. 0. 0. 0. 0.
    -6.77652657e-004 0. -3.29471775e-004 0. 0. 0. 0. 0. 0. 0. 0. 0. 0.
    2.64874264e-003 0. 0. 0. -1.65663776e-003 0. 0. 0. 0. 0. 0. 0.
    8.28828488e-004 0. 2.09853444e-002 0. -2.79622454e-005 0.
    2.27229437e-003 0. 0. 0. 0. 0. 0. 0. 0. 0. 0. 0. 0. 0. 0.
    1.31083117e-003 0. 0. 2.41831178e-004 0. 0. 0. 0. 0. 0. 0. 0.
    3.20546166e-003 0. 0. 0. 4.66853060e-004 0. 0. 0. 2.97361426e-003 0.
    0. 1.44042703e-003 0. 0. 0. -2.37180921e-003 -1.85466616e-003 0.
    1.60738139e-003 0. 0. 4.73639881e-003 0. 0. 0. 0. 0. 0. 0.
    9.39991616e-004 0. 0. 0. 0. 0. 0. 0. 0. 4.18986846e-003 0.
    5.27445367e-003 4.58070822e-003 0. 0. 0. -1.61123043e-003
    -2.75653147e-004 0. 0. 4.34144679e-003 2.06399360e-003
    1.68757793e-003 1.52447796e-003 0. 0. 0. 0. 0. 0. 1.30808430e-005 0.
    -9.84720187e-004 0. -4.34025351e-005 3.49149527e-003 0. 0. 0. 0. 0.
    0. 0. 0. 2.79309531e-003 0. 0. 0. 1.07102410e-003 3.82223888e-003 0.
    1.09563367e-002 0. -5.98799950e-003 0. 0. 0. 0. 0. 0. 0. 0. 0. 0.
    1.67117594e-003 0. 0. 0. 9.38456878e-003 0. 0. 0. 0. 0.
    1.20392926e-002 1.83988581e-004 0. 6.99775107e-003 0. 0. 0. 0. 0. 0.
    0. 0. -3.30982642e-004 8.91162956e-004 0. 0. 0. 0. 0. 0.
    3.71854636e-003 0. 1.30543907e-004 0. 0. 0. 0. 0. -1.83443970e-003
    3.70913977e-003 1.00082159e-003 7.63489213e-003 0. 0.
    3.88420140e-003 0. 2.18277089e-002 2.27978197e-003 0. 0.
    1.50286146e-002 2.87845870e-003 1.18123041e-003 0. 0. 0.
    1.70132681e-003 0. 0. 0. 0. 0. 1.52778823e-003 2.64611724e-003 0. 0.
    3.56009434e-004 3.39343282e-003 4.41952748e-003 1.38058187e-003 0.
