<?xml version="1.0"?>
<opencv_storage>
<imageDescriptor type_id="opencv-matrix">
  <rows>1</rows>
  <cols>1000</cols>
  <dt>f</dt>
  <data>
    6.38162857e-003 1.21053250e-003 1.89616461e-003 0. 2.08669699e-005
    0. 0. 0. -3.71259317e-004 0. 0. 0. 0. 0. 0. 0. -5.42326481e-004 0.
    0. 0. 0. 0. -3.07318143e-004 0. 0. 4.97575151e-003 0. 0. 0.
    8.64500739e-003 -3.23633547e-004 0. 0. 0. 1.12648886e-002 0.
    -2.87991762e-003 4.03129729e-004 0. 0. 0. 4.41634125e-004
    -3.46709252e-003 1.05044944e-003 2.07892899e-005 0. 3.56991077e-003
    0. 5.44106402e-003 -1.32471311e-003 0. 0. 7.11893337e-003 0. 0.
    1.38290296e-003 0. 0. 0. 2.74573872e-003 0. 0. 0. 0. 0.
    1.06866774e-003 -1.02635197e-004 0. -7.61995616e-004 0.
    1.02529312e-002 1.49454484e-002 0. 0. 0. 0. 0. 0. 0.
    -3.10601806e-003 0. 0. -1.80700707e-004 0. 0. 3.32114473e-003
    2.86848820e-003 7.13866088e-004 2.87711155e-003 0. 0. 0. 0. 0. 0.
    4.18584049e-003 0. 0. 0. 0. 0. 0. 0. 0. 0. 0. 2.52138777e-003
    2.44690618e-003 2.91904970e-003 -1.25151640e-003 0. 0.
    1.86117422e-002 0. 1.82254380e-003 0. 0. 0. 0. 1.02667720e-004 0. 0.
    0. 6.60120230e-003 0. 0. 0. 6.16399013e-003 0. 0. 0. 0. 0.
    6.23507146e-003 -6.46295666e-006 0. 4.04860964e-003 0. 0.
    2.66060117e-003 0. 0. 2.37057265e-003 5.52249560e-003 0.
    3.40822130e-003 0. 2.21492373e-003 0. 1.70017814e-003 0. 0.
    -3.23365657e-006 -8.92503667e-005 0. 0. 0. 0. 0. 0. 0. 0. 0. 0. 0.
    0. 9.03589826e-004 0. 0. -6.28269650e-003 0. 1.69259612e-003
    2.40032387e-006 -2.31115660e-003 0. 0. 0. 0. -3.97341931e-003
    6.84290240e-003 0. 0. 1.19498151e-003 0. 0. 3.70168244e-003
    8.46952014e-003 0. 3.27055156e-003 0. 1.07564172e-002
    2.49904650e-003 0. 7.40653044e-003 0. 9.34555847e-003
    4.19691671e-003 1.11634866e-003 1.93740358e-003 2.06442806e-003 0.
    0. 0. 6.35504443e-003 0. 0. 0. 0. 0. -3.68718361e-003 0. 0.
    6.90561486e-003 0. 0. 0. 0. 3.77977570e-003 -6.20457693e-004
    4.55511094e-004 0. 0. 0. 0. 2.04948639e-003 0. 5.40615013e-003 0. 0.
    0. -7.46769190e-004 1.48302095e-003 0. 0. 0. 0. 0. 0. 0. 0. 0.
    1.54734114e-002 0. 0. 0. 0. 0. 5.77499671e-003 0. 1.16532817e-002 0.
    0. 0. 0. 0. 0. 0. 0. 0. 7.64364796e-003 0. 0. 1.19457045e-003 0. 0.
    0. 9.20996012e-004 -2.87666987e-003 1.85455254e-003 0. 0. 0.
    4.63217031e-003 2.06832425e-003 0. 2.22724117e-003 7.07665877e-003
    0. 0. 0. 1.55271252e-003 0. 0. 9.23751760e-003 0. 4.37248219e-003 0.
    0. 0. 0. 0. 2.18235119e-003 1.16224401e-003 -5.66796865e-004
    4.89425985e-003 0. 0. 0. 5.14176267e-004 0. 0. 0. 0. 0. 0.
    5.48488880e-003 1.73582055e-003 0. 0. 0. 3.32564907e-003
    -1.97070208e-003 0. 1.23954192e-003 0. 0. -7.49296392e-004 0. 0. 0.
    2.28848821e-003 0. 7.47939805e-004 0. 0. 0. 1.16425678e-002
    -3.08645831e-004 0. 4.83802240e-003 0. 2.22336268e-003
    2.98115454e-004 6.98047783e-003 1.23486982e-003 0. 0. 0. 0. 0.
    5.18401898e-003 3.83751048e-003 -3.68072372e-003 0. -3.76272248e-004
    0. 0. 0. 0. 0. 5.11345628e-004 1.48151396e-002 0. 0. 0.
    5.08598518e-003 1.09298294e-003 -5.13932318e-004 0. 0. 0. 0. 0. 0.
    0. 0. 0. 0. 0. 0. 0. 0. 0. 1.03437365e-003 1.13633019e-003 0.
    3.74879595e-003 0. 0. 0. 0. 0. 0. 0. 0. -6.45272085e-004
    -1.69313641e-003 1.41820749e-002 9.07535013e-003 0. 0. 0.
    2.48974562e-003 3.09838622e-004 0. 0. 0. 0. 2.97998963e-003
    2.50965706e-003 0. 1.48649080e-004 1.15922242e-002 0.
    1.53000804e-003 0. 0. 0. 0. 0. 0. 0. 0. 0. 0. 2.03305036e-002 0.
    3.24313855e-003 0. 0. 0. -1.16532843e-003 0. 0. 4.04621707e-003 0.
    0. 5.58115484e-004 1.71769299e-002 0. 0. 0. 0. 0. 0. 0.
    6.29492337e-004 8.25903378e-003 0. 0. 0. 0. 0. 2.21012975e-003
    6.79738168e-003 0. 0. 4.52484563e-003 8.19689012e-004 0.
    8.77722446e-003 0. 0. 0. 0. 1.67227909e-003 0. 1.80076470e-003
    1.36202015e-003 0. 0. 0. 2.96241790e-003 0. 0. -6.07876282e-004
    -3.50943039e-004 0. 0. 1.63200463e-003 3.90015123e-003
    1.98377320e-003 0. 0. 0. 0. 3.23511544e-003 0. 0. 0. 4.54144856e-006
    0. 0. 0. 0. 0. -2.87604460e-004 0. 1.54702313e-004 0. 0. 0. 0. 0. 0.
    6.48324750e-003 0. 1.08449801e-003 0. 0. 0. 0. 0. 2.23556024e-004
    -9.50681278e-004 0. 0. 3.20310413e-004 0. 2.79147876e-003
    -3.76449549e-004 0. 1.54860050e-003 0. 0. 0. 0. 1.93918007e-003
    -1.04252882e-004 0. 0. -4.31760236e-005 0. 2.11067870e-003 0. 0. 0.
    0. 0. -1.30118325e-003 0. 0. 1.61831477e-003 1.81919953e-004 0.
    3.29133822e-003 0. 0. 0. 0. 0. 0. 0. 0. 1.90287828e-004
    2.63032760e-003 0. 1.68946316e-003 -1.62834174e-003 0. 0.
    1.38464430e-002 0. 0. 0. 0. 5.50984731e-003 0. 0. 0. 7.67570129e-003
    1.84273417e-003 0. 0. 0. 8.01488757e-003 0. 0. -6.03084045e-004 0.
    0. 0. 0. 0. 0. 0. 0. 0. 0. 0. 2.21079169e-003 0. 4.77281108e-004
    -8.16385553e-004 5.97827323e-003 1.85281213e-003 1.33514628e-002 0.
    0. -8.67455441e-004 0. 0. 2.95482529e-003 0. 0. 0. 0. 0. 0. 0. 0.
    -1.88443883e-004 0. 0. 0. 1.24461120e-002 0. 0. 0. 2.66230502e-003
    1.98716274e-003 7.27769686e-003 0. 0. 0. 6.53968193e-003 0. 0. 0.
    6.93428656e-003 -3.99510236e-003 0. 0. 0. 1.98141509e-003 0. 0. 0.
    -4.28909610e-004 2.58969748e-003 0. 6.28868584e-003 0. 0. 0. 0. 0.
    5.59619581e-003 0. 0. 0. 2.40964107e-002 7.83267617e-003
    -2.87670665e-003 0. 0. 2.63739587e-003 1.44273723e-002
    -2.65818508e-003 0. 0. 1.43433816e-003 0. 0. 4.29640757e-004 0.
    2.19051115e-004 0. 0. 0. 0. 0. 0. 0. 0. 0. 0. 0. 2.50820778e-002 0.
    0. 0. 5.70813799e-003 0. 0. 0. 0. 3.16550746e-003 0. 0. 0. 0.
    6.12100912e-003 1.79365650e-003 0. -1.97113561e-003 1.34654646e-003
    0. 0. 0. 0. 0. 0. 4.69712744e-004 -1.55666366e-003 0. 0. 0. 0. 0. 0.
    1.29848719e-003 0. 0. -1.78422968e-004 0. 0. 0. 0. 5.46451472e-003
    0. 0. 1.28392235e-003 2.78077577e-003 1.38519248e-002 0. 0. 0. 0.
    1.57855358e-003 -9.34290118e-004 0. 0. 0. 5.85404516e-004 0. 0. 0.
    0. 0. -1.66758092e-003 0. 2.25308933e-004 0. 7.83300726e-004
    4.78551397e-003 0. 2.78456951e-003 -3.85533873e-004 0. 0.
    2.61826511e-003 3.30702914e-003 0. 3.35419178e-003 1.37226563e-003
    0. 0. 0. 1.05009107e-002 0. 0. 0. 0. 0. 0. 4.57071885e-003 0. 0. 0.
    1.46924215e-003 0. 1.63015525e-003 5.71594632e-004 0. 0.
    6.10389689e-004 1.02052372e-003 0. 0. 1.65300199e-003 0. 0. 0.
    4.33743279e-003 0. 0. 0. 1.07544651e-002 0. 0. 0. 2.69869738e-003 0.
    0. 0. 0. 0. 0. 0. 0. 7.18535250e-003 3.56446300e-003 1.58637471e-003
    0. 1.70598319e-003 0. 7.82258750e-004 0. 0. 0. 0. 2.66728154e-003
    -8.72735749e-004 0. 0. 0. 1.05772994e-003 3.37036559e-003 0. 0. 0.
    0. 0. 0. 0. 0. 0. 2.70088832e-003 -1.78035477e-003 6.59587036e-004
    0. 0. 3.28910467e-003 -1.73440948e-003 0. 0. 0. 0. -1.18351663e-005
    0. 1.25857932e-003 1.09529737e-002 0. 2.42442149e-003 0.
    5.54382289e-003 0. -1.06814114e-005 0. 1.78529846e-003 0. 0. 0.
    3.86939268e-003 6.11610012e-004 -2.22722883e-003 2.71523790e-003 0.
    -7.43647863e-004 9.48687491e-004 1.78185117e-003 0. 0.
    8.74174410e-004 0. 0. 1.06650719e-003 8.45885091e-003 0. 0. 0. 0.
    3.26969870e-003 2.28961837e-003 0. 0. 0. 0. 0. 2.29550060e-003
    2.32828478e-003 1.04669388e-003 -3.37419589e-003 0. -3.06329411e-003
    0. -3.01115477e-004 2.85051693e-003 0. 1.50920800e-003 0.
    2.30960641e-003 0. 8.30039661e-003 0. 0. 0. 4.99858288e-003
    7.46712321e-003 0. 0. 0. 0. 0. -2.11187129e-004 0. 1.22401258e-003
    5.25461230e-003 1.35950409e-004 0. 0. 0. 0. 2.18779296e-002 0.
    1.21833221e-003 6.86866837e-003 3.37068317e-003 0. 3.88928514e-004
    0. 9.21280764e-004 0. 0. 0. 1.36502495e-003 0. 0. 0. 0. 0. 0.
    2.42815888e-003 0. 0. 0. 0. 0. 0. 0. 0. 0. 0. -5.62209985e-004
    -1.08763226e-003 0. 0. 0. 3.04838037e-003 0. 0. 0. 0.
    -8.49942153e-005 1.85092876e-003 0. 0. 0. 0. 0. 0. 0. 0. 0. 0. 0. 0.
    0. 3.35134147e-003 0. 0. 0. 2.58497521e-003 -3.26290727e-004 0. 0.
    9.87115130e-003 0. 0. -2.06963718e-003 5.94176119e-003 0.
    -2.25444068e-003 3.38044693e-003 8.18969402e-003 0. 0.
