<?xml version="1.0"?>
<opencv_storage>
<imageDescriptor type_id="opencv-matrix">
  <rows>1</rows>
  <cols>1000</cols>
  <dt>f</dt>
  <data>
    1.52764271e-003 -9.98241710e-004 8.99610575e-004 0. 9.04224697e-004
    0. 0. 0. 8.69228318e-003 0. 0. 0. 0. 0. 0. 0. 2.00987374e-003
    -1.29961933e-003 0. 0. 0. 0. 0. 0. 2.58960575e-003 1.22604414e-003
    1.07137510e-003 0. 0. 7.74852140e-003 0. 0. 1.30749238e-003
    4.83888108e-003 -4.01031040e-003 1.69298612e-003 0. 4.90635727e-003
    0. 6.70764688e-003 0. 1.14775333e-003 2.39900686e-003 0.
    1.03671877e-002 0. 2.04750593e-003 1.65796850e-003 0. 0. 0. 0.
    2.78600166e-003 0. 4.44416562e-003 6.43165491e-004 0. 0. 0.
    2.43730713e-002 0. 4.07354906e-003 -1.26833329e-003 0. 0. 0. 0. 0.
    0. 5.10873459e-003 0. 3.01574133e-002 0. 2.61261221e-003 0.
    3.01775103e-003 -2.48954631e-003 0. 0. 0. 3.23239737e-003
    7.46599457e-004 0. 4.14435926e-004 8.57069506e-004 0.
    2.32290057e-003 0. -1.15841371e-003 0. 0. -1.93896424e-003
    1.32602674e-003 -4.47333994e-004 0. 0. 0. 0. 0. 5.40888985e-004 0.
    0. 0. 2.72292388e-003 3.14140925e-003 0. 4.45680041e-003
    1.03470520e-003 0. 0. -1.13695743e-003 8.46193638e-003
    3.96240363e-003 0. 2.46537011e-003 0. 0. 0. 0. 7.41823297e-003 0.
    6.11457555e-003 0. 4.63251211e-003 8.40081717e-004 0.
    1.04328641e-003 0. 0. 0. 0. 0. 0. 0. 0. 0. 2.50515481e-003
    2.00138567e-003 3.27994325e-003 0. 0. -3.09909723e-004 0. 0.
    1.19834323e-003 0. 0. 3.17798601e-003 0. 0. 0. 0. 0.
    -1.94346707e-004 3.54522082e-004 0. 5.23403566e-003 0.
    -7.78970643e-005 0. 0. 0. 0. 1.26391868e-004 0. 0. 2.71194521e-003
    0. 2.59434641e-003 1.07894768e-003 0. 0. 0. -2.09000223e-006 0. 0.
    0. 0. 0. 6.64606411e-003 0. 0. 0. 3.50594544e-003 0. 0.
    2.16160691e-003 3.47339339e-003 1.41914387e-003 -4.41308512e-005
    2.35507745e-004 -1.43395772e-003 5.03090955e-003 0. 0. 0. 0.
    3.75529239e-003 0. 0. 0. 0. 0. 1.04931547e-004 0. 1.36024470e-003 0.
    -5.45421441e-004 0. 0. 0. 2.32300139e-003 0. 5.49658143e-004
    1.10747547e-004 0. -1.07531471e-003 1.79335169e-004 2.14879401e-003
    6.49894075e-003 0. 0. 2.00003618e-003 -1.83882436e-003 0.
    8.94868933e-003 5.54133300e-003 0. 0. 5.00193192e-003 0. 0.
    6.05988549e-004 0. 0. 0. 0. -1.31708407e-003 0. 0. 0.
    1.34231045e-003 0. 0. 9.30967100e-004 0. 3.01732041e-004
    6.49499148e-003 0. 1.62034053e-002 0. 1.81838206e-003
    2.68133963e-003 0. 2.01402261e-004 1.67039700e-003 0.
    2.23069973e-002 0. 0. 0. 0. 0. 0. 0. 0. 0. 0. 0. 5.65312197e-003 0.
    0. 0. 8.03311542e-003 3.98887461e-003 0. 0. 0. 0. 0. 0. 0.
    3.97926802e-003 6.49620220e-003 2.49711168e-003 0. 0.
    3.95856891e-003 0. 3.07649281e-003 0. 0. 0. 2.19393522e-003 0. 0. 0.
    0. -3.05161258e-004 0. 0. 0. -2.15626182e-003 0. 8.96440074e-003
    2.60509853e-003 0. 3.92117130e-004 0. 2.26677326e-003 0.
    -7.66322715e-004 0. 0. 0. 0. 0. 0. 0. 8.66254978e-003
    6.14330987e-004 0. -6.78472046e-004 7.77047535e-004 5.67301037e-003
    0. -5.56814717e-004 0. 0. 0. -1.41745259e-004 5.69494208e-003
    1.59702040e-002 0. 0. 0. 1.37973134e-003 6.06597448e-003 0. 0.
    -1.72897556e-003 0. 3.87949054e-003 0. 0. 0. 2.81169335e-003
    3.89582221e-003 1.00030517e-003 0. 0. 1.45845674e-003
    1.05263116e-002 3.66964936e-003 0. 3.76394554e-003 0.
    2.83998740e-003 2.88821897e-003 0. 0. 6.57065352e-003
    -3.34658800e-003 0. 7.87749130e-004 0. 0. 0. 0. 0. 0. 0. 0. 0. 0. 0.
    0. 0. 0. 1.80782960e-003 1.19648437e-004 0. 0. 5.21992659e-003
    2.01548799e-003 3.34640569e-003 4.69222246e-003 1.08839758e-003
    8.88970797e-004 0. 0. 4.15729638e-003 2.74394103e-003
    3.79411242e-004 0. 0. 5.75488014e-003 3.15153180e-003 0. 0. 0. 0. 0.
    0. 1.24320009e-004 5.55205951e-003 0. 0. 0. 1.93522312e-003 0. 0.
    1.22242095e-003 -1.19616855e-002 1.34421205e-002 0. 0. 0. 0.
    5.36471140e-004 3.84062552e-003 0. 3.41589795e-004 1.65340910e-003
    6.49497670e-005 5.28888311e-003 0. 0. 5.53546241e-003 0. 0. 0.
    -1.47666549e-003 0. 1.88317310e-004 0. 4.50844225e-003
    1.83542914e-004 0. 0. 5.01951959e-004 0. 0. 0. 0. 0. 0. 0. 0. 0.
    1.62198429e-003 0. 0. 0. 3.66331637e-003 -1.89737219e-003 0. 0. 0.
    0. 0. 0. 3.15282843e-003 1.45175506e-003 0. 0. 0. 2.39847065e-003 0.
    0. 0. 1.55079586e-003 2.44777696e-003 -9.85695515e-004
    -8.52748111e-004 0. 1.24735711e-003 0. 0. 0. 0. 0. 0. 0.
    8.66615446e-004 0. 0. 0. 5.15260128e-003 0. 0. 0. 0. 5.77544968e-004
    -3.31619376e-004 0. 0. 0. 0. 1.90282194e-003 0. 0. 1.46808964e-003
    0. -1.97583507e-003 0. 0. 2.02300935e-003 0. 3.72000411e-003 0. 0.
    -1.10676861e-004 2.49437173e-003 0. 3.76004097e-003 2.73115118e-003
    0. -2.32376764e-003 2.69805850e-003 0. -1.30222226e-003 0. 0.
    2.71210587e-003 0. 0. 0. -1.29481929e-003 0. 0. 0. 3.00173671e-003
    1.51726906e-003 0. 0. 3.31682782e-003 9.11305309e-004
    -9.89762601e-004 3.05347005e-003 1.90136489e-003 0. 1.55007921e-003
    0. 0. 1.54371734e-003 0. 7.22669577e-003 1.09751383e-003 0. 0. 0. 0.
    0. 0. 0. 0. 0. 0. 2.32187775e-003 0. -1.86302024e-003
    4.35604295e-003 0. 0. 0. 1.03451889e-002 0. 1.76011643e-003 0.
    3.66076099e-004 0. 0. 2.36077918e-004 -3.43112857e-004 0. 0. 0. 0.
    0. 0. 0. -5.03315590e-004 0. 0. 0. 1.05445192e-003 3.03193723e-004
    0. 0. 0. 0. 0. 0. -2.25045151e-004 0. 6.49122288e-003
    7.40497082e-004 0. 0. 2.67504714e-003 0. 0. 0. 9.25679633e-004 0. 0.
    0. 3.43526271e-003 0. 2.96284154e-004 0. 8.13066121e-003 0. 0.
    7.74888264e-004 -1.42761320e-003 0. 0. 0. 4.11851611e-003 0. 0. 0.
    0. 0. 0. 3.89057491e-003 0. 0. 6.05362887e-003 0. 0. 0.
    5.24275529e-004 0. 1.30757468e-003 2.01027840e-003 0. 0. 0.
    6.59569574e-004 3.22117982e-003 3.81770171e-003 0. 5.63789532e-003
    0. 0. 0. -1.09909987e-003 0. 0. 0. -2.85103405e-003 0. 0. 0. 0.
    -1.59168604e-003 1.32262544e-003 0. 0. 6.21977868e-003 0. 0. 0.
    -1.63884222e-004 3.65761435e-003 3.40244710e-003 1.76285265e-003 0.
    0. 0. 0. 0. 0. 0. 0. 0. 0. 0. 1.72576902e-003 0. 0. 0. 0.
    1.42049219e-003 0. 0. 0. -1.77796523e-003 0. 0. 6.56485150e-004 0.
    0. 0. -4.93191532e-004 0. 0. 0. 9.61559592e-004 1.29206362e-003
    3.53813753e-003 2.63478421e-003 0. -1.47999462e-003 0. 0.
    2.17622407e-002 6.96534244e-003 0. 8.93424614e-004 2.09212373e-003
    0. 0. 0. 0. 2.32956302e-003 5.24176238e-003 -4.11428278e-003 0. 0.
    0. 2.79536354e-003 0. 0. 0. 5.42851049e-004 5.26790740e-004
    -2.94518890e-003 0. -7.16786017e-004 0. 1.86682236e-003
    1.85589807e-003 0. 1.71903148e-002 0. 0. 0. 1.92492467e-003
    9.88518703e-004 2.75558466e-003 0. 0. 0. 0. 0. 0. 0. 0.
    3.65207414e-003 9.87842563e-004 0. 5.77786146e-003 0.
    1.50479772e-003 0. 0. 0. 0. 0. 2.24879198e-003 0. -9.04864355e-005
    0. 9.82754491e-003 0. 0. 3.24577908e-003 2.47731945e-003
    2.63413345e-003 0. 0. 0. -2.83268018e-004 6.95449952e-003 0. 0. 0.
    2.64153024e-003 0. -5.03018382e-005 1.35049270e-003 0. 0.
    1.68164459e-003 6.50409935e-003 1.55556633e-003 1.50850171e-003
    2.11344101e-003 -1.06201696e-004 6.76392252e-003 -1.87438831e-003
    3.59668600e-004 0. 0. 0. 0. 0. 2.22432674e-004 3.23799264e-004 0. 0.
    0. 0. 0. 8.56824336e-004 0. 0. 0. -1.13777793e-003 0. 0.
    -1.98609941e-003 0. 2.48817052e-003 0. 0. 3.32450471e-003 0.
    3.42644355e-003 -4.34849557e-004 0. -3.81073885e-004 4.77642985e-003
    0. 0. 0. 0. 4.54947003e-004 7.88448844e-004 4.23277915e-003
    5.20108361e-003 0. 0. 3.54750128e-003 -9.04404849e-004
    1.26858884e-002 0. 1.19160337e-003 3.92613234e-003 0.
    -1.07975514e-003 0. 0. 0. 0. -7.35277310e-004 1.20417499e-004 0.
    2.15358566e-003 -1.32109257e-004 -5.48519893e-004 6.14444958e-004 0.
    0. 0. 6.44502754e-004 0. 1.67339155e-003 0. 0. 1.67016895e-003
    -4.37604031e-004 0. 0. 0. 2.38722051e-003 0. -7.68503931e-004
    2.02409038e-003 2.09904183e-003 2.30094208e-003 0. 0.
    1.83005689e-003 0. 1.51070515e-002 0. 0. 4.59102588e-003
    4.39925026e-003 1.26058767e-002 0. 9.73011181e-003 2.31974875e-003
