<?xml version="1.0"?>
<opencv_storage>
<imageDescriptor type_id="opencv-matrix">
  <rows>1</rows>
  <cols>1000</cols>
  <dt>f</dt>
  <data>
    0. 0. 1.45637626e-002 0. 0. 3.13826976e-003 3.04284901e-003 0.
    1.31357857e-003 0. 5.82905021e-004 0. 0. 0. -3.12329410e-003 0.
    6.83707651e-004 0. 2.72524916e-003 0. 0. 0. 0. 0. 0. 0. 0.
    1.46270543e-003 0. 0. 1.11840647e-002 0. 2.75266380e-003
    1.13689736e-003 -3.30442959e-003 4.84229578e-003 0. 0.
    2.51257373e-003 3.09976458e-004 0. 0. 0. 1.94300374e-003
    1.73390715e-003 0. 1.50867151e-002 0. 0. 4.27912138e-002
    1.96429202e-003 1.15854060e-003 0. 0. 0. 0. 0. 1.67127757e-004 0.
    3.37084457e-002 0. 2.59190588e-003 0. -4.09559958e-004 0.
    1.14822338e-004 0. 0. 4.70648753e-003 1.52574864e-003 0.
    1.91252318e-003 6.16021128e-003 1.24530180e-003 0. -1.18442134e-004
    2.09759281e-004 6.22001290e-003 0. 1.58284442e-003 2.97696353e-003
    7.26529106e-004 0. 4.59736399e-003 -7.51695363e-004 0.
    1.98992458e-003 0. 0. 0. -9.17446625e-004 0. 2.94389226e-003
    8.04109804e-005 2.91857054e-004 0. 0. -1.87753665e-006
    8.87149363e-005 -1.41728064e-003 0. 0. 0. 2.19655733e-004 0.
    5.37307991e-004 3.43960547e-003 1.26244016e-002 0. 0.
    1.10653823e-003 2.72676605e-003 7.28746504e-003 0. 1.57269661e-003
    -1.39157608e-004 0. 0. 0. 6.37487601e-003 1.40221196e-003 0.
    4.76592081e-003 2.64691701e-003 4.06444212e-003 1.84866600e-003 0.
    -1.27729858e-004 0. 4.10457468e-003 0. 0. 0. 0. 0. 0. 0.
    3.50884697e-003 0. 2.53521954e-003 1.66668091e-003 0. 0. 0.
    -8.19436554e-003 0. 5.91695774e-004 6.16785558e-003 0. 0. 0.
    -2.96929415e-004 0. -3.42946383e-004 3.67504149e-003 0. 0. 0. 0. 0.
    0. 0. 0. 2.51770439e-003 0. 0. 1.32616202e-003 0. 3.74864996e-003 0.
    0. -2.04951270e-003 0. 5.06658223e-004 0. 0. 6.07078196e-003
    1.64286478e-003 0. 5.24053583e-003 5.25232963e-003 0. 0.
    1.09818326e-002 0. 5.22803608e-003 4.35033441e-003 -6.92209112e-004
    0. 9.30257374e-004 3.53999296e-003 0. 0. 0. 0. -3.87642998e-003 0.
    6.03776611e-003 0. 4.69724089e-003 0. -5.66952745e-004
    3.03022470e-003 0. 0. 0. 1.71823078e-003 0. 0. 2.74355494e-004
    -2.36017775e-004 -1.01170607e-003 6.51461887e-004 1.93230237e-003
    1.41435757e-003 0. -4.78172820e-004 1.65318162e-003 4.11191303e-003
    0. 0. 0. 3.82639095e-003 -1.85076322e-003 1.75484805e-003
    1.07048266e-003 1.92635099e-003 0. 3.59302270e-003 3.93811800e-003
    5.32103237e-003 0. 1.49689405e-003 2.99490220e-003 0. 0. 0.
    1.35412626e-003 0. 0. 0. 0. 1.19187825e-004 0. 0. 0. 0.
    1.01173192e-003 0. 1.41151110e-003 0. 4.09659522e-004 0. 0.
    4.70783591e-004 2.75021605e-003 0. 0. 0. 0. 0. 0. 8.44786002e-004
    1.24379154e-003 0. 0. 0. -6.24180946e-004 1.40535901e-003 0. 0.
    7.62018422e-003 0. 0. 1.27598410e-003 0. 0. 0. 0. 0. 0. 0.
    -6.72149181e-004 0. 0. 4.00175020e-004 3.94747639e-003 0.
    5.67327300e-003 0. 0. 5.21167414e-004 0. 1.62932766e-003 0.
    1.12924329e-003 0. 0. 0. 3.83326225e-003 0. 0. 0. 0. 0.
    -1.42029588e-004 0. 1.98543654e-003 1.27802894e-003 0. 0.
    8.25371244e-004 0. 0. 0. 4.81031230e-003 0. 0. 3.65931494e-003
    7.96872191e-003 2.22359016e-003 0. 0. 0. 0. -3.77082673e-004 0. 0.
    0. -5.48778451e-004 -1.45344611e-003 1.03300670e-002 2.92914337e-003
    9.39532882e-004 0. 0. 0. 0. 0. 2.49105186e-004 -1.55408552e-003 0.
    -3.89971235e-003 0. 0. 0. 8.56671249e-004 2.10754908e-004 0. 0. 0.
    0. 5.81112131e-003 0. 0. 7.46057543e-004 0. 0. 0. 2.99576728e-004 0.
    1.20360893e-003 2.74486933e-003 0. 0. 2.89291935e-003 0.
    -1.80975956e-004 1.19377021e-002 4.53609886e-004 0. 0.
    3.02624376e-003 0. 0. 0. 0. -2.99734442e-004 3.46835790e-004
    -5.80117514e-004 1.41975959e-003 0. 0. 0. 3.95700382e-003
    5.01118542e-004 0. 0. 4.26475331e-003 0. 1.73755619e-003 0. 0. 0. 0.
    0. 0. 0. 0. 0. 0. 0. 4.45562764e-004 0. 1.86077005e-003 0. 0.
    2.36015464e-003 0. 0. 0. 0. 0. 0. 0. 0. 0. 8.03206116e-004
    1.63286086e-003 7.99771491e-003 1.45277369e-003 2.39817400e-005 0.
    2.19315127e-003 0. -3.46695131e-004 0. 5.98299026e-004
    6.63457438e-004 0. 0. 0. 0. 0. -1.94139476e-003 4.63909935e-003 0.
    0. 0. 0. -6.51679991e-004 0. 1.03683757e-004 0. 5.62439393e-003 0.
    0. 0. 0. 0. 5.55583835e-003 0. 1.59381400e-003 0. 1.13023154e-003
    6.53541356e-004 0. 4.00006026e-003 0. 0. 0. 3.04274121e-003
    5.68907661e-003 3.83733725e-003 4.94799428e-002 0. 0. 0. 0.
    2.01055966e-003 0. 0. 0. 2.35120533e-003 1.90979755e-003
    5.79324493e-004 7.96841178e-003 5.38982218e-004 -1.94212340e-003 0.
    2.95317528e-004 5.99555671e-003 0. -1.05496903e-003 -3.28021793e-004
    0. 0. 0. -9.54742369e-004 1.06362661e-003 0. 0. 0. 3.25542479e-003
    0. 0. 0. 0. 0. 0. 0. 0. -2.09371420e-003 -6.89019042e-004
    3.41776176e-003 0. 0. -1.19803089e-003 0. 7.50394320e-005
    1.31090637e-003 0. 2.58094189e-003 1.98255968e-003 5.83817717e-003
    -3.06081747e-005 0. 0. 0. 0. 0. 0. 0. 6.05425052e-003
    1.87806820e-003 -4.80392919e-004 1.48514123e-003 0. 0.
    2.80834734e-003 5.73405484e-003 0. 3.86478321e-004 0. 0.
    4.94480832e-003 0. 3.27296811e-003 0. 0. 0. 2.25470518e-004 0. 0.
    4.47084801e-003 0. 2.11822474e-003 0. 9.22185063e-005
    2.91190855e-003 0. 0. 0. 0. 2.79935030e-003 0. 0. 3.78125859e-003 0.
    -1.59771857e-003 8.40139808e-004 1.20131311e-003 2.22024927e-003 0.
    0. 0. 6.97039592e-004 0. 2.44584167e-003 0. 2.81228055e-003 0. 0.
    1.58589997e-003 0. 0. 0. 0. 0. 0. 0. 2.17560679e-003 3.34094721e-003
    2.07232684e-003 0. 1.44805782e-003 0. 0. 0. 0. 0. 0. 0. 0. 0.
    7.36160018e-003 0. 0. 0. 3.33360909e-003 0. 8.65389127e-004 0.
    1.93072390e-003 2.54388852e-003 5.22106246e-004 0. 0.
    4.30061133e-004 3.19700781e-003 3.85004649e-004 3.69275949e-004
    2.31998949e-003 1.81274081e-003 0. 0. 0. 0. 0. 8.52183346e-003 0. 0.
    0. 0. 0. 0. 0. 0. 0. 0. 1.06059725e-003 6.93655899e-003 0.
    3.73641448e-003 0. 1.17896590e-003 0. -6.02945569e-004 0. 0. 0. 0.
    5.18284680e-004 6.94014458e-003 0. 1.62580912e-003 0.
    4.13348339e-003 -6.02347951e-004 0. 0. 0. 0. 9.32815950e-003 0. 0.
    0. 0. 2.57089268e-004 0. 0. 0. 3.76370735e-003 0. 0. 0. 0. 0.
    1.43281359e-003 -1.13483740e-003 0. 0. 0. 0. 0. 0. 0. 0. 0. 0. 0. 0.
    0. 8.45101010e-003 0. 0. 2.05218699e-003 0. 0. 1.81697973e-003
    -9.17894067e-004 0. 0. -1.46213535e-003 0. 0. 0. 2.02501006e-003 0.
    0. 0. 7.21518300e-004 3.79726524e-003 -5.21557219e-003
    1.98376644e-003 0. 0. 0. -7.20951994e-006 1.36154005e-002 0. 0. 0.
    0. 0. 0. 0. 0. 2.58721760e-003 1.62400631e-003 -1.10729027e-003 0.
    3.19249299e-003 0. 9.03866836e-004 0. 0. 0. 0. 1.08628382e-003 0. 0.
    0. 0. 0. 0. 0. 0. 1.12647871e-002 2.56819814e-003 0. 2.60129455e-003
    0. 1.81183591e-003 2.23608949e-004 0. 0. 0. 0. 0. 6.78172219e-004 0.
    0. 0. 0. 0. 0. 0. 5.04987314e-004 0. -4.10723354e-004 0.
    2.43863469e-004 0. 0. 0. 0. 8.45498289e-005 0. 2.20921473e-003 0. 0.
    4.60859563e-004 3.31867277e-003 0. 0. 0. 1.34856021e-003
    2.51171063e-003 0. 0. 0. 0. 3.62304528e-003 0. 0. 0. 0. 0. 0. 0. 0.
    0. 0. 0. -9.41445585e-004 3.98430828e-004 3.41401715e-003 0.
    9.01039690e-004 0. 0. -3.18159885e-003 2.12803553e-003 0. 0. 0. 0.
    1.91225694e-003 0. 0. 0. 3.88474786e-003 2.22716900e-003
    3.72436829e-004 5.82418172e-003 0. 0. 0. 0. 2.74323625e-003 0.
    6.92349044e-004 0. 2.00852446e-004 2.48689600e-003 0.
    4.45458194e-004 -9.89011955e-004 0. 0. 0. 0. 0. 0. 2.77476385e-003
    0. 1.11348729e-003 0. 0. 8.29935481e-004 0. 1.98971946e-003
    9.01862420e-003 -4.77192720e-004 0. -2.35677906e-003 0. 0.
    1.43231102e-003 0. 6.99991360e-004 3.06967366e-003 0.
    4.07769141e-004 7.11409794e-003 0. 2.39605317e-003 2.95639690e-003
    3.40734236e-003 2.01230147e-003 2.04750127e-003 0. 4.94194543e-003
    4.22220537e-003 4.13309969e-003 0. 0. 0. 0. 0. 0. 0. 0. 0.
    7.64942961e-004 0. 0. 0. 4.88318678e-004 2.14800891e-003 0. 0. 0.
    1.61167630e-003 0. 1.48134516e-003 0. 1.04591949e-003
