<?xml version="1.0"?>
<opencv_storage>
<imageDescriptor type_id="opencv-matrix">
  <rows>1</rows>
  <cols>1000</cols>
  <dt>f</dt>
  <data>
    4.91855713e-003 0. -3.77610978e-003 0. 2.24716403e-003
    2.83770438e-004 0. 0. 0. 0. 0. 0. 0. 0. 1.24295857e-002 0.
    8.08810443e-003 4.16557770e-003 0. 0. 1.46268110e-003 0. 0.
    -5.88926196e-004 0. 0. -2.03990820e-003 0. 0. 5.16160624e-003 0. 0.
    0. 1.31444971e-003 -2.32208869e-003 0. 0. 0. 0. 0. 0. 0. 0. 0.
    1.89201941e-003 0. -7.58260721e-004 3.83061619e-004 9.82687995e-003
    -2.56623840e-003 0. 1.45689840e-003 -1.11201080e-003 4.36897250e-003
    6.90001238e-004 1.21001364e-003 0. 0. 0. 2.20672204e-003 0.
    1.60392618e-003 0. 1.50609650e-002 0. -1.91049033e-003 0.
    8.17690510e-004 0. -2.97482533e-004 0. 8.44390690e-003 0. 0.
    2.43938388e-003 4.55856929e-003 -4.32457513e-004 0. 0. 0. 0. 0.
    2.31694197e-003 8.95710103e-003 3.51581257e-003 0. 0.
    5.42466622e-003 0. 0. 0. 0. 0. 2.11039136e-004 5.96779166e-004
    2.08871090e-003 5.21826744e-003 7.41238426e-003 7.80156069e-003 0.
    0. 0. 5.25192649e-004 0. 0. 7.72388373e-003 0. 3.81232426e-003
    -1.11594051e-003 0. 6.10287953e-003 2.72692624e-003 0.
    1.89266016e-003 4.50648787e-003 -2.61365320e-003 0. 0.
    3.01403087e-003 7.93887395e-003 4.12057620e-003 0. -2.46136938e-003
    8.93304497e-003 0. 0. 0. 7.32763251e-003 0. 0. 7.83187206e-005 0. 0.
    0. 0. 4.27124975e-003 1.68097939e-003 1.93199827e-004
    1.02753658e-003 2.19272706e-003 6.47834095e-004 1.51336449e-003 0.
    0. 5.81001025e-003 0. 0. 2.94317678e-003 3.19130463e-003 0.
    3.07996827e-003 0. 1.28709676e-003 -1.20704947e-003 0. 0.
    5.10127563e-003 0. -4.31974840e-005 0. -1.46660686e-003
    1.13616360e-003 0. 0. 0. 0. 1.45726500e-003 0. 1.00213476e-002 0. 0.
    0. 0. 3.46912129e-004 2.88500771e-004 1.40500744e-003 0. 0.
    1.87012495e-003 8.90340749e-003 2.80718482e-003 0. 2.01472035e-003
    1.08394551e-003 0. 0. 7.61201605e-003 2.93562608e-003 0. 0.
    4.38493770e-003 1.91964768e-003 0. 0. -4.77053644e-003
    3.93045088e-003 0. 0. 0. 0. 0. 4.29296808e-004 0. 0. 0. 0. 0.
    -2.23582640e-004 0. -1.43533712e-003 3.74646508e-003 1.78951602e-002
    0. 3.34672770e-003 1.49675441e-004 1.00872677e-003 0. 0.
    6.74194889e-004 0. 0. 0. 2.25407467e-003 0. 0. -1.59984769e-003 0.
    0. 4.83451970e-003 2.52449745e-003 0. 2.04346818e-003
    1.94925268e-003 -3.48204561e-003 0. 0. 5.46839880e-003 0. 0. 0. 0.
    4.01862711e-003 0. 3.39167775e-003 1.43836171e-003 0. 0.
    4.49133385e-003 0. 6.29827520e-003 0. 4.50371811e-003
    2.11428646e-002 -1.58564735e-003 6.89791399e-004 0. 0. 0.
    1.36964116e-002 0. 0. 0. 0. 0. 0. 0. 7.72692589e-003 0.
    8.12513288e-004 3.44061176e-003 0. 0. 0. -6.08487229e-004
    -9.71897878e-003 6.71087299e-004 2.57996027e-003 0. 4.66658082e-003
    0. 9.87853738e-004 5.50509458e-006 -2.79908790e-003 0. 0.
    1.44924910e-003 0. -6.09133916e-004 4.69205552e-004 4.35840775e-004
    0. 6.51351642e-004 4.50074393e-003 0. 0. 0. 0. 1.33031216e-002
    2.09693168e-003 0. 0. 0. 0. -1.65565289e-004 0. 2.36888503e-004
    4.13527852e-003 0. 0. 8.00925656e-004 1.02189742e-003
    -1.56786977e-004 0. 0. 0. 8.76457838e-004 -3.36749654e-004
    1.96959404e-003 5.81078138e-003 6.23254804e-003 7.82260392e-003
    5.52264042e-003 -8.97979771e-005 0. 0. 1.80596847e-003 0. 0. 0. 0.
    4.34452581e-004 1.59310941e-002 1.41287618e-003 1.19529077e-005 0.
    0. 0. 4.01112775e-004 0. 1.86465459e-003 -1.27069582e-003 0.
    8.18174798e-003 0. 0. 0. 3.49428679e-004 0. 2.55948608e-003 0.
    6.17055048e-004 0. 0. 0. 0. 0. 0. 0. 1.63627509e-003 0. 0.
    2.54383194e-003 0. 0. 0. -1.38092146e-003 0. 1.89085514e-003 0. 0.
    3.33658839e-003 0. 0. 4.03367169e-003 0. 0. 1.03603653e-003
    1.04701518e-004 1.42459711e-002 6.63218263e-004 0. 4.29318752e-004
    5.61193039e-004 0. 2.55534565e-003 2.54463404e-003 0. 0. 0. 0. 0.
    -9.90326516e-004 1.40606065e-003 0. 0. 0. 0. 0. 0. 0. 0.
    1.03155139e-003 5.19236457e-003 0. 0. 5.54915238e-003 0. 0. 0. 0. 0.
    0. 0. 0. 0. 0. 0. 0. 0. 6.50151633e-004 -3.37451143e-004
    2.97235372e-003 0. 2.76415283e-003 0. 4.31627821e-004 0. 0.
    5.76648337e-004 3.28575051e-003 0. -5.15568827e-005 4.08174843e-003
    0. 1.52288030e-005 3.87868215e-003 -2.28096615e-003 1.07444753e-003
    0. 0. 0. 0. -4.85617165e-005 0. 0. 2.87831901e-003 0.
    1.44574605e-003 0. 0. 2.92671542e-003 1.04608724e-003
    2.54964200e-003 0. 5.01604145e-003 0. -7.47840852e-004 0.
    2.17235461e-003 0. 0. 4.56664292e-003 -3.15518992e-004 0. 0.
    1.33342447e-003 0. 0. 0. 0. 0. 0. 6.31796941e-003 0. 7.35463109e-004
    0. 5.71021345e-003 0. 3.89730383e-004 0. 1.17689162e-003 0.
    1.64847728e-003 8.03048164e-003 0. -2.60359282e-003 0. 0. 0. 0. 0.
    0. 0. 1.07356925e-002 6.22416241e-003 0. 9.18871141e-004 0.
    -9.64169449e-004 2.17818058e-004 0. 0. 2.78046029e-003
    -4.11719689e-003 -1.42106938e-003 0. 5.19211125e-003
    -9.22499748e-004 1.72799313e-003 0. 0. 6.56958495e-004
    1.08958432e-003 0. 2.12031277e-003 0. 0. 7.47309532e-003
    -1.50074007e-003 9.54100024e-003 0. 0. 0. 0. 0. 1.18753384e-003
    3.99596756e-003 4.08366416e-003 0. -2.01527961e-003 4.56813257e-003
    0. 1.30105496e-003 0. 3.34268832e-003 2.43546488e-003 0.
    3.76412203e-003 2.86618038e-003 0. 3.19400715e-004 0. 0. 0. 0. 0.
    5.74600010e-004 0. 3.98097467e-003 0. 0. 0. 0. 0. 0. 0. 0. 0. 0.
    -1.75302383e-004 0. -3.19341430e-003 0. 1.77434529e-003 0.
    7.72038056e-003 0. 0. 1.66080962e-003 0. 3.56417382e-003 0.
    -7.68528189e-005 0. 4.21443314e-004 0. 0. -2.00419454e-003 0. 0.
    -1.72718591e-003 4.65839310e-003 5.17173344e-003 3.68345086e-003 0.
    -4.84015065e-004 5.07448800e-003 0. 0. -1.77109940e-003 0. 0. 0.
    2.52259313e-003 0. 6.84830779e-003 0. 0. 1.14057241e-002 0.
    1.10080345e-002 0. 0. 0. 0. 5.48436446e-003 0. 0. 0. 0. 0. 0. 0. 0.
    0. 0. -1.72464398e-003 1.76298234e-003 0. 0. 0. 0. 0. 0. 0. 0.
    -7.62724085e-004 2.17210012e-003 1.27845199e-003 0. 1.03651884e-003
    0. 0. 2.96871236e-004 -1.70205836e-004 1.24179409e-003
    1.43924553e-003 0. 0. 0. 0. -3.25657493e-005 5.85079007e-003
    1.90364232e-003 5.47329604e-004 0. 5.64898131e-003 0.
    4.00484260e-003 1.13697187e-003 0. 0. 0. 2.89716246e-003 0. 0.
    -2.78551917e-004 0. 0. 0. 0. 0. 0. 6.98829768e-004 0. 0.
    1.33032247e-003 0. 0. 0. 0. 4.31134179e-003 0. 0. 0. 0. 0. 0. 0. 0.
    8.31018260e-004 4.23799781e-003 0. 1.32455130e-003 0. 0.
    1.74320186e-003 0. 0. 0. 0. 0. -9.98997129e-004 0. 7.52562610e-003
    0. 0. 1.10429979e-003 0. 0. 0. 3.25378147e-003 0. 0. 0.
    1.80242758e-003 0. 0. 0. 1.29856705e-003 7.80362898e-005 0. 0. 0. 0.
    4.13632998e-003 0. 6.48771739e-003 1.25364037e-004 0.
    -1.35294418e-003 0. 0. 0. 3.88562703e-003 0. -4.37070012e-005 0. 0.
    0. 1.25101954e-003 0. 0. 0. 0. 2.94216326e-003 0. 0. 0. 0.
    4.68342146e-003 0. 1.14132650e-003 0. 1.62709621e-003
    1.73573033e-003 0. 0. 2.51246965e-003 0. 0. 0. -7.01327575e-003 0.
    0. 2.39147223e-003 0. 0. 0. 0. 0. -1.61799486e-003 0.
    1.15674664e-003 0. 0. 0. 3.91326891e-003 0. 6.31761365e-003
    -9.12634307e-004 1.13074835e-002 0. 0. 1.39662251e-003
    1.64051692e-003 0. 6.18696911e-003 0. 2.01317342e-003
    5.25436550e-003 0. 0. 4.30390472e-003 0. 0. 0. 0. 0. 0. 0. 0. 0.
    3.09745898e-003 1.26761408e-003 0. 0. 0. 0. 0. 0. 1.77483878e-003
    5.29885897e-003 -2.38659512e-003 0. 0. 7.19395652e-003 0.
    2.86695460e-004 0. 0. 0. 3.49329272e-003 -1.06659754e-004
    4.65117686e-004 4.44727251e-004 1.85996236e-003 0. 0.
    7.30680418e-004 6.85808528e-003 0. 0. 0. -1.75121927e-003 0.
    2.07467494e-003 0. 2.49382667e-003 0. 0. 0. 3.29061016e-003 0. 0. 0.
    0. -1.50494903e-004 0. 0. 0. 0. 1.88073819e-003 8.79624207e-003 0.
    1.14366750e-003 8.05298425e-003 0. 5.67973184e-004 4.61770454e-003
    -2.78675254e-003 0. 1.47131062e-003 0. 2.48479564e-003
    5.50899981e-003 0. 1.76554266e-003 0. 0. 0. 0. 0. 0. 7.38511700e-003
    0. 0. 2.49843416e-003 0. 2.38432409e-003 -1.32237759e-003 0.
