<?xml version="1.0"?>
<opencv_storage>
<imageDescriptor type_id="opencv-matrix">
  <rows>1</rows>
  <cols>1000</cols>
  <dt>f</dt>
  <data>
    0. 0. 6.19971333e-003 2.04580463e-003 0. 0. 0. 0. 2.67892377e-003 0.
    0. 0. 0. 0. 2.55794823e-003 0. 0. 7.75969913e-003 0. 0.
    2.18637218e-003 0. 3.16016050e-003 0. 0. 1.70595606e-003 0. 0. 0.
    9.05770063e-003 0. 0. 0. 0. 0. 1.63032801e-003 1.78600149e-003
    3.13258986e-003 0. 0. 0. 5.45731885e-003 1.64953223e-003 0. 0. 0.
    5.82436007e-003 0. -4.19934699e-003 8.78806983e-004 0.
    3.14464420e-003 0. 0. 0. -2.23099510e-003 0. 0. 0. 9.66147054e-004
    0. 6.77620526e-003 1.00387330e-003 3.82152386e-003 0. 0.
    1.60214922e-003 0. 1.78819246e-004 0. 0. 4.17300063e-004 0. 0. 0.
    -7.30168322e-005 2.02959916e-003 0. 0. -1.90678547e-004
    2.95939134e-003 0. 0. 0. 0. 0. 6.61360938e-003 1.42984092e-003
    -9.72023420e-003 0. 0. 0. 1.52637379e-003 4.02212422e-003 0. 0. 0.
    0. 0. 0. 0. 0. 0. 0. 0. 0. 0. 0. -1.17893187e-005 -8.83020170e-004
    1.36224646e-003 0. 2.38708057e-003 3.76070989e-003 4.42178966e-003
    0. 0. 2.53814552e-003 1.36248663e-003 0. 0. 0. 0. 3.13071860e-003 0.
    0. 0. 1.71571854e-003 0. 0. 0. 0. 0. 0. 0. 0. 0. 2.07748823e-003 0.
    1.18817287e-002 0. 0. -1.30843866e-004 0. -1.19805159e-002 0. 0.
    3.66978487e-003 6.43083034e-003 3.72576923e-003 -3.37693724e-003 0.
    2.21184245e-003 0. 0. 0. 0. 0. 1.66248775e-003 0. 0. 3.18103033e-004
    1.32104158e-002 1.83950760e-003 6.07862719e-004 0. 7.76393479e-003
    0. 8.93228408e-003 0. 0. 0. 2.59073544e-003 1.14797929e-003 0. 0. 0.
    0. 0. 2.07382278e-003 0. 0. 4.02553193e-003 1.38814398e-003
    1.24169025e-003 1.78905018e-003 0. 1.88840320e-003 0.
    6.19820738e-003 -1.96995144e-003 3.21945612e-004 0. 0. 0.
    -4.00677696e-003 0. 0. 0. 0. 0. 2.48687994e-003 0. 0. 0. 0. 0. 0. 0.
    1.23151939e-003 0. -1.88585534e-003 0. 0. 3.47029208e-003 0. 0. 0.
    0. 0. 0. 0. 0. 6.42004097e-003 0. 0. 0. 1.16742864e-004 0.
    1.98763818e-003 -2.61732331e-003 0. 5.85962785e-003 0.
    1.49391196e-003 0. 0. 0. 0. 0. 0. 1.19183278e-002 3.61722196e-003
    -1.05427380e-003 2.27227760e-003 1.98700675e-003 0. -3.84260016e-003
    0. 1.49278129e-002 0. 0. 3.10709560e-003 0. 1.33172332e-004
    4.87712445e-003 1.16379070e-003 0. 1.74938375e-003 0. 0. 0. 0. 0.
    2.09726626e-003 0. 0. -3.05776298e-003 1.80334912e-003 0. 0. 0. 0.
    1.31936371e-002 0. 0. 0. 0. 0. 0. 1.34584319e-003 0. 0. 0. 0.
    1.80839188e-003 1.35287475e-002 0. 0. 0. 0. 3.03329434e-003 0.
    1.49226340e-003 0. 0. 0. 0. 2.92566116e-003 2.95163621e-003 0. 0. 0.
    0. 0. 0. 0. 0. 0. 0. 0. 0. 0. -2.21363574e-004 0. 0. 1.25002419e-003
    0. 0. 0. 0. 0. 0. 0. 0. 6.52317703e-003 0. 0. 0. 4.60329815e-004 0.
    0. 0. 3.36825894e-003 0. 0. 0. 0. 0. 1.25733134e-003
    -1.52680746e-004 0. 1.38462253e-003 0. 0. 0. 0. 1.08585611e-003 0.
    0. 0. -5.96705882e-004 1.12829981e-002 0. 0. 0. 0. 4.33932850e-003
    4.21005441e-003 0. 0. 9.90054198e-003 0. 0. 0. 0. 0. 0. 0. 0. 0. 0.
    0. 6.61056431e-004 0. 8.93581007e-003 0. 1.54372625e-004
    5.64912392e-004 0. 0. 0. 0. 0. 0. -2.87057110e-003 1.90235418e-003
    0. 7.02342777e-006 1.82589237e-003 0. 0. 0. 2.14726129e-003 0. 0.
    2.34946166e-003 2.27054348e-003 0. 9.13288258e-003 1.89244887e-003
    0. 1.22713519e-003 0. 0. 0. 7.53534492e-004 0. 0. 0. 0. 0. 0. 0.
    3.80281103e-003 9.95893776e-003 0. -7.56208246e-005 0.
    -6.48405548e-005 2.56339926e-003 5.72402088e-004 0. 0.
    4.04792419e-003 0. -1.30495103e-003 8.01175460e-003 1.74430246e-003
    7.91154278e-004 0. 0. 0. 0. 0. 0. 0. 1.31303649e-002 0. 0.
    1.24677899e-003 1.89322850e-003 0. 0. 0. 0. 0. 0. 8.50965455e-003 0.
    9.08776466e-003 0. 0. 0. 0. 8.30640376e-004 0. 0. 0. 0. 0. 0.
    5.92225185e-003 1.78300135e-003 3.62376496e-002 -2.48550990e-004 0.
    0. -2.47069192e-003 9.07434057e-003 0. 0. 0. 2.27621756e-004 0. 0.
    2.82292091e-003 1.41244486e-003 4.33357432e-003 0. 2.40018871e-003
    0. 5.87731693e-003 0. 0. 0. 0. 2.21821317e-003 0. 0. 0.
    2.77046813e-003 0. 0. 0. 3.53810051e-003 0. 0. -9.27156634e-006 0.
    6.99638017e-003 4.61958771e-005 3.05328658e-003 0. 0. 0.
    2.95674987e-003 0. 1.89754404e-002 2.73658335e-003 0. 0. 0.
    4.67653107e-003 7.74879300e-004 0. 0. 0. 0. 0. 0. 2.95594032e-003
    8.08233861e-003 0. 0. 0. 0. 0. 0. -1.35898043e-003 0. 0.
    5.32113248e-004 4.68669226e-003 0. 7.81823695e-003 0. 0. 0. 0. 0.
    7.49181164e-003 1.48490397e-003 0. 0. -6.48239162e-003 0. 0. 0.
    4.43221955e-003 0. -5.66745039e-005 0. 0. 2.60156201e-004 0.
    6.93106046e-003 0. 0. 1.42609642e-003 8.57989024e-003 0. 0.
    -3.07422900e-003 0. 0. 1.01203076e-003 0. 2.88171670e-003 0.
    1.62600901e-003 0. 0. 0. 0. -5.59899840e-004 0. -5.37651870e-003 0.
    0. 6.98711316e-004 0. 0. -1.53756511e-004 0. 0. 0. 0. 0. 0. 0.
    4.51627374e-003 0. 0. 0. 0. 0. 1.45369663e-003 0. 2.43758806e-003
    1.38007686e-003 -2.19627575e-004 0. 0. 0. 1.69938907e-003
    -2.47097411e-003 0. 0. 0. 0. 3.11313551e-002 0. 0. 0. 0. 0. 0.
    9.25847853e-004 1.61773246e-002 0. 0. 0. 8.69684678e-004 0. 0.
    3.90392146e-003 0. 2.67492840e-003 0. 0. 3.60777462e-003 0.
    3.21864593e-003 2.14085635e-003 0. 0. 7.75283482e-003 0. 0. 0.
    2.15554400e-003 1.19607081e-003 5.69992373e-003 0. 0. 0.
    7.66276801e-003 -2.70987302e-003 0. 0. 2.51068524e-003 0. 0. 0.
    -7.32366578e-004 0. 0. 1.24363601e-003 0. 0. 0. 2.29759491e-003 0.
    0. 0. 2.94043031e-003 0. -1.22489256e-003 0. 0. 4.04773653e-003
    5.34071354e-003 1.30835688e-002 0. 0. 0. 1.76632777e-003 0. 0. 0. 0.
    0. 9.15030250e-004 0. 0. 0. 0. 0. 0. 4.04186873e-003 0. 0. 0. 0. 0.
    0. 0. 0. 0. 1.83884124e-003 9.02332459e-003 0. 0. 5.02583291e-003 0.
    0. 0. 4.03758720e-004 0. 3.89995566e-003 0. 0. 0. 0. 1.87764992e-003
    0. 0. 0. 0. 9.05024295e-004 0. -8.25414248e-003 0. -2.24202595e-005
    0. 0. 4.90205921e-003 0. 0. 0. 0. -2.42662252e-004 3.92589427e-004
    5.05731674e-004 -2.77047558e-003 0. 3.01352236e-004 0. 0. 0. 0.
    4.81455354e-003 0. 0. 0. 0. 0. 2.04948499e-003 0. 0. 0. 0. 0. 0. 0.
    0. 0. 0. 0. 2.81486893e-003 0. 0. 1.40899392e-002 0. 6.95852679e-004
    4.69992729e-003 6.53679366e-004 0. 0. -3.23494850e-003 0. 0. 0. 0.
    4.16279305e-003 1.03972005e-002 0. 0. 0. 0. 0. 0. 0. 0. 0. 0. 0. 0.
    0. 2.17659608e-003 2.43535195e-003 5.36211813e-003 1.11964252e-003
    0. -3.60612379e-004 0. 0. 2.40554800e-004 0. 0. 0. 8.34074744e-004
    1.01289516e-002 0. 3.29309632e-003 2.75160512e-003 2.37639085e-003
    0. 0. 0. 0. 0. 0. 0. -6.14505494e-004 0. 0. 0. 5.65810595e-004 0. 0.
    0. 0. 8.89623072e-004 -3.91328381e-003 0. 0. 0. 1.86171581e-003 0.
    4.52568848e-003 0. 0. 0. 0. 0. 1.21084852e-002 0. 6.14233222e-003 0.
    0. 0. 2.35557207e-003 0. 0. 0. 0. 2.70085060e-003 1.01648225e-003 0.
    0. 1.68204249e-003 0. 4.01727902e-003 6.73834980e-003 0. 0. 0. 0.
    1.98725914e-003 0. 0. 1.08692795e-002 0. 0. 0. 8.99006892e-003 0. 0.
    0. 0. 0. 5.91386342e-004 1.77326112e-003 6.53702393e-003 0.
    -1.07370049e-003 0. 0. 1.00442616e-003 0. 0. 0. -3.68786896e-005 0.
    0. 0. 0. -1.87278012e-004 0. 0. 7.20559154e-003 0. 0. 0.
    7.44147273e-003 1.78429601e-003 1.14869485e-002 6.15279190e-003 0.
    1.01468898e-003 1.88090594e-003 2.89010699e-003 4.98971529e-003 0.
    0. 2.77614743e-002 0. 0. 5.11015952e-003 0. 6.52834307e-004
    4.13668854e-003 7.94924214e-004 1.67224393e-003 0. 0. 0.
    6.33033132e-003 0. 6.69563562e-003 0. 0. 0. 0. 2.77782138e-003 0. 0.
    0. 0. 0. 0. 0. 0. 0. 1.65020244e-003 1.04132118e-002 9.74506326e-003
    0. 1.37573003e-003 0. 0. 0. 0. 0. -2.19157548e-003 6.57838583e-003
    0. 0. 0. 0. 0. 0. 0. 0. 0. 0. 0. -8.87357804e-004 0. 0. 0. 0.
    -4.26721526e-004 3.69462767e-003 0. 0. 0. 0. 0. -2.68400111e-003 0.
    0. 8.15979764e-003 0. 0. 0. -3.03950137e-003 0. 0. 0. 0. 0. 0. 0. 0.
    1.42148687e-002 0. -3.93941114e-003 0. -1.22106716e-003 0.
    2.88241426e-003 0. 0. 2.61488138e-004 0. 0. 0.</data></imageDescriptor>
</opencv_storage>
