<?xml version="1.0"?>
<opencv_storage>
<imageDescriptor type_id="opencv-matrix">
  <rows>1</rows>
  <cols>1000</cols>
  <dt>f</dt>
  <data>
    0. 0. -2.97950953e-003 0. 0. 0. 0. 0. 0. 0. 0. 0. 0. 8.87105800e-003
    0. 0. 0. 0. 0. 0. 0. 0. 0. 0. 2.98945140e-003 3.66512639e-003 0. 0.
    0. 0. 0. 0. 0. 2.20686570e-003 8.63598252e-004 0. 0. 0. 0. 0. 0. 0.
    0. 0. 1.91406242e-003 0. 7.91148003e-003 0. 1.17720236e-004 0.
    3.00581497e-003 0. -3.24967760e-003 0. 1.15434825e-002 0. 0. 0. 0.
    0. 0. 2.71085575e-002 1.18264218e-003 1.37556856e-003
    1.82834209e-003 1.65436754e-003 2.62685935e-003 0. 0. 0.
    3.24580888e-003 1.18322009e-002 0. -2.55677674e-004 2.06066575e-003
    0. 0. -5.15268417e-004 0. 0. 1.63081754e-002 0. 0. 0. 0. 0. 0.
    1.57695496e-003 0. 1.88737817e-003 8.37512687e-003 -4.25626233e-004
    2.31805188e-003 9.89037108e-006 0. 2.75175879e-003 -2.30819616e-003
    0. -4.28913021e-003 0. 0. 3.54026794e-003 0. 9.48653743e-003 0.
    2.85850605e-003 5.27547253e-003 0. 0. 0. 3.08517250e-003
    2.52094748e-003 2.40359176e-003 0. 0. 0. 0. 0. 0. 1.02307939e-003 0.
    1.27958544e-002 0. 0. 0. 7.55109824e-003 0. 1.10456022e-002 0. 0.
    1.13671608e-002 0. 0. 0. 0. 2.86923489e-003 0. 3.98634560e-003
    1.09970029e-002 1.94319244e-002 0. 1.20244697e-002 -2.40261536e-004
    0. -1.23106886e-003 0. 0. 0. 0. 7.12698326e-003 0. 1.63855683e-002
    0. 0. 0. 0. 7.20722973e-003 0. 0. 0. 0. 0. 7.47443503e-003
    3.75995040e-003 7.05168408e-004 0. -8.12385464e-004 0.
    9.66952462e-003 0. 0. 0. 0. 1.08402744e-002 0. 0. 0. 0. 0.
    2.03905348e-002 2.50648195e-003 0. -2.48528901e-003 0.
    8.66110157e-003 0. 0. 2.23693741e-003 0. 0. -1.00729952e-003
    8.27203784e-003 0. 4.85416455e-003 0. 1.34533104e-002 0. 0. 0. 0.
    1.64633733e-003 0. 0. 0. 0. 3.37768556e-003 0. 1.87570625e-003 0. 0.
    0. 2.23726640e-003 0. 0. 0. 0. 0. 3.81267560e-003 2.70275795e-003 0.
    -8.59569991e-004 0. 0. 6.78811048e-004 0. 5.57961781e-003 0. 0. 0.
    0. 0. 0. 0. 0. 0. 0. 0. -1.73240667e-003 2.45070318e-003 0. 0. 0. 0.
    0. 0. 0. 8.14795680e-003 2.27490743e-003 0. -1.19983648e-004
    6.85521867e-003 3.31304921e-003 0. 1.72990689e-003 -6.55792304e-004
    8.77896324e-003 0. 5.97018609e-003 0. 0. 1.08243180e-002
    7.08002946e-004 0. 0. 0. -5.09480713e-004 0. -3.70164891e-003
    1.23874738e-003 4.92495438e-003 0. 0. -2.57501635e-003
    2.77219480e-003 0. 0. 0. 1.95284910e-003 -2.38164503e-004 0. 0. 0.
    -9.65340715e-003 2.68165255e-004 0. -6.32761884e-003 0. 0.
    3.12975462e-004 0. 0. -2.78375228e-003 0. 0. 0. 6.41830789e-004
    1.39699026e-003 0. 0. 0. 0. 3.10535450e-003 0. 0. 0. 5.20725036e-003
    3.40561802e-003 0. 0. 0. 0. 0. 0. 0. 0. 0. -2.74923630e-003 0.
    3.31353676e-003 2.89372727e-003 7.66821252e-003 3.88028007e-003 0.
    0. 0. 0. 0. 0. -3.57310800e-003 0. 0. 0. 2.86258361e-003 0. 0. 0. 0.
    0. 0. 0. 1.25590828e-003 0. 0. -3.96816805e-003 0. 0.
    1.15376674e-002 1.74050184e-003 6.34828102e-005 0. 0.
    6.65891124e-003 4.03784774e-003 2.24930723e-003 0. 0.
    2.11179513e-003 0. 0. 0. 0. 0. 2.69535510e-003 0. 0. 0. 0. 0.
    -1.69518613e-003 0. -4.07622458e-004 0. 0. 0. 0. 0. 0.
    3.06941569e-003 -3.56746395e-003 -1.90399773e-003 0. 3.74045782e-003
    0. 0. 6.03837427e-003 -2.08650529e-003 5.95841696e-003 0. 0.
    1.58852723e-003 6.79199863e-003 0. 0. 0. 0. 0. 0. 0. 0.
    8.70852824e-003 0. 0. 0. 0. 0. 0. 0. 8.16192944e-003 2.27998826e-003
    0. 3.22596356e-003 -1.47825992e-003 1.54395343e-003 -1.36756608e-002
    0. 4.63834452e-003 0. 0. 0. 0. -6.23555738e-004 2.76251067e-005 0.
    0. 4.74936242e-004 0. 0. 0. -3.39152198e-003 9.48440377e-003 0. 0.
    0. 0. 1.48580421e-003 0. 7.48700369e-003 0. 0. 0. 2.18999945e-003 0.
    0. 1.65269198e-003 2.25531519e-003 0. 0. 0. 5.67731727e-003
    1.07286358e-003 0. 0. 1.97288068e-003 0. 1.95239775e-003
    1.41150574e-003 0. 0. 0. -1.93068350e-003 0. 0. 0. 0.
    4.96575423e-003 4.48444579e-003 -7.89377882e-005 -3.10620417e-005
    3.12456046e-003 0. 0. 0. 0. 0. -1.34040078e-003 0. 0. 0. 0. 0.
    8.54159333e-003 2.57547922e-003 -1.51819061e-003 1.94350403e-004 0.
    0. 0. 0. 0. 1.15061849e-002 0. -2.53875135e-003 0. 6.78422581e-003
    3.00281867e-003 3.91599629e-003 0. 0. 0. 0. 0. 0. 0. 0.
    -1.19524484e-003 0. 0. 0. 1.19108828e-002 0. 0. 0. 0. 0.
    2.19395850e-003 0. 0. 0. 0. 0. 0. 0. 1.13285636e-003 0. 0.
    1.65079050e-002 0. 0. 0. 0. 0. 0. 0. 0. 0. 0. 4.79196571e-003 0.
    4.86787315e-003 4.59300261e-003 2.94665829e-003 0. 0.
    1.10460827e-002 0. 0. 0. 0. 0. 0. 0. -1.91119302e-003 0. 0.
    3.07657057e-004 0. -5.73110010e-004 0. 0. 7.64938479e-004 0. 0. 0.
    -1.07884512e-003 0. 0. 0. 0. 0. 0. 1.59026310e-002 0.
    1.40242476e-003 0. 0. 0. 0. -6.03766530e-004 1.98775763e-003
    1.05816557e-003 0. 0. 0. -2.89123738e-004 1.18957506e-002 0. 0.
    -7.17960007e-004 5.20314462e-003 1.16606650e-003 0. 0. 0.
    -1.94183725e-003 1.89816856e-005 0. 1.27625410e-002 0. 0. 0.
    1.14874158e-003 0. -3.47820995e-003 0. 6.37698453e-003
    1.49417072e-004 0. 0. 0. 0. 0. 0. 0. 3.64933931e-003 0. 0. 0. 0. 0.
    3.16964625e-003 0. 0. 0. 0. 0. 0. 0. 3.36082745e-003 0. 0.
    -2.84946640e-004 1.80041057e-003 0. 0. 0. 9.57082119e-003 0. 0. 0.
    3.20865051e-003 0. 0. 0. 2.74539040e-003 0. 0. 0. 0. 0. 0. 0. 0.
    -1.23090635e-004 0. 0. 0. 0. 0. 6.20162860e-003 7.53032416e-003 0.
    0. 0. 0. 0. 2.02943920e-003 2.03333958e-003 0. 9.80202807e-004
    3.74813983e-003 0. 0. 0. 0. 0. 0. 0. 0. 0. 4.86185495e-003
    -6.18806749e-004 1.88160443e-003 0. 3.57890897e-003 0. 0.
    -2.64991861e-004 0. 0. 0. 0. -5.54340985e-003 0. 0. 0. 0. 0. 0. 0.
    0. 2.40450795e-003 0. 0. 0. 0. 0. 0. 0. 0. 0. 8.36514030e-003 0. 0.
    0. 0. 1.00809884e-004 0. 0. -3.51483359e-005 0. -4.55805886e-004
    2.02515308e-004 4.37759748e-003 0. 0. 0. 0. 1.09654805e-003 0. 0. 0.
    0. 0. 0. 2.92456779e-003 0. 0. 0. 0. 0. 0. 0. 3.75700695e-003
    3.91093642e-003 0. 2.55315495e-003 0. 0. -2.95372447e-003 0. 0. 0.
    0. 9.22881358e-004 5.99094620e-003 0. 0. 1.14593154e-003 0. 0. 0. 0.
    0. -2.40957178e-003 0. 8.44329072e-004 0. 2.23950497e-004
    -4.73167660e-004 0. 0. 0. -7.94132648e-004 0. 0. 0. 1.23804275e-004
    0. 0. 0. 0. 6.61490206e-003 0. 0. 0. 0. 0. 0. 0. 0. 0. 0. 0.
    1.44347048e-003 1.22716359e-003 0. 0. 0. 0. 1.36777747e-003 0.
    -1.32870185e-003 -1.63483457e-003 6.61836285e-003 0. 8.07924848e-003
    0. 0. 0. 0. 0. 0. 0. 0. 1.16167730e-003 2.28191796e-003 0. 0. 0. 0.
    0. 0. 0. 1.29605588e-002 0. 0. 1.87906146e-003 0. 0. 0. 0. 0. 0. 0.
    0. 0. 0. 0. 0. 0. 0. 0. 0. 0. 0. 4.07412241e-004 0. 0. 0. 0.
    -5.93765266e-003 4.51701286e-004 0. 0. 9.22347885e-003 0. 0. 0. 0.
    0. 0. 0. 4.03534248e-003 0. 0. 0. 0. 0. 0. 0. 0. 0. 0. 0.
    -2.65292218e-003 0. 0. 0. 2.00121361e-003 2.53113220e-003
    3.02654202e-003 0. 0. 0. 0. 0. 0. 0. 0. 0. 4.80503077e-003 0. 0. 0.
    0. 0. 1.52620813e-002 0. 0. 0. 0. 3.24802124e-003 0. 6.41597435e-003
    0. 1.41519606e-002 0. 0. 0. 0. 1.93288515e-003 3.58938402e-003 0. 0.
    1.01905661e-002 1.37787254e-003 1.32963760e-003 0. 0. 0. 0. 0. 0.
    3.12609482e-003 0. 0. 0. 0. 3.55861266e-003 0. 0. 2.06706789e-003 0.
    0. 1.13807507e-002 0. 0. 0. 0. 0. 6.55243453e-003 0. 0.
    5.94410812e-004 0. 0. 0. 0. 0. 0. 0. 0. 0. 0. 2.89483368e-003 0. 0.
    5.41938702e-003 0. 0. 0. 0. 0. 0. -3.14363628e-003 0. 0. 0. 0. 0. 0.
    0. 0. 3.51428911e-002 2.13071611e-003 0. 0. 0. 1.04715107e-002 0. 0.
    0. -2.73024285e-004 2.23350916e-002 0. 0. 0. 0. 2.93996092e-003
    2.19083671e-003 1.48265099e-003 0. 0. 0. 5.58861298e-003 0.
    3.12646781e-003 0. 0. 0.</data></imageDescriptor>
</opencv_storage>
