<?xml version="1.0"?>
<opencv_storage>
<imageDescriptor type_id="opencv-matrix">
  <rows>1</rows>
  <cols>1000</cols>
  <dt>f</dt>
  <data>
    4.05717362e-003 0. 1.18053448e-003 0. 0. -1.03048503e-003
    -7.34207628e-004 0. 0. 0. 0. 0. 0. 0. 4.94042132e-003
    2.14446243e-003 0. 0. 0. 0. 0. 0. 0. 1.41565700e-003 1.84972805e-003
    -5.20845642e-004 1.21408852e-003 -1.34867905e-002 0. 5.36185317e-003
    0. 1.08910678e-003 0. 5.53939200e-004 -2.23731180e-003 0.
    3.59831192e-003 9.77164716e-004 -2.09740340e-003 2.32288017e-004 0.
    0. 4.20276402e-003 3.65267158e-003 3.68605834e-003 0.
    2.30114372e-003 2.33620801e-003 5.90879144e-003 6.01266231e-003 0.
    2.27830000e-003 1.60129881e-003 0. 0. 0. 1.58265093e-003 0. 0.
    1.16544496e-002 0. 5.89765655e-003 1.28478743e-004 -5.95057441e-004
    0. 8.41104018e-004 1.22014480e-003 0. 1.34775077e-003 0. 0.
    -1.27412437e-003 1.79830717e-003 0. 0. 0. -3.03933700e-003 0. 0. 0.
    0. 0. 0. 0. 0. 0. 0. -1.38856762e-003 0. 0. 0. 0. 0. 4.73619293e-005
    1.10390000e-002 0. 0. 1.47333811e-003 2.75473401e-004
    4.22610028e-004 0. 1.04339013e-003 7.68826157e-003 3.11842514e-003
    1.45331013e-003 4.76839603e-004 4.08875349e-004 2.73181335e-003
    3.07143480e-003 0. -2.18362990e-003 3.77137051e-003 0.
    5.35247382e-004 0. 0. 0. 0. 0. 3.26500414e-003 0. 0. 6.36182027e-004
    2.45635188e-003 1.58110823e-004 1.82092488e-002 0. -2.75785523e-003
    1.18750311e-003 7.70482584e-004 0. 4.74417489e-003 0.
    -2.01421171e-005 0. 2.12339452e-003 0. 9.33397736e-004 0.
    -1.18689984e-003 0. -2.82341116e-005 2.05163402e-003 0.
    -3.22197028e-003 0. 0. 4.12048725e-003 3.58896051e-003
    1.18608004e-003 0. 7.37689028e-004 0. -5.37420914e-004
    2.05637910e-003 3.36302817e-003 0. 1.07480241e-002 0.
    7.84937816e-004 0. 0. 0. 3.70175974e-003 9.75647708e-004 0.
    -1.32563210e-003 0. 0. -4.07366519e-004 0. 1.88737875e-003
    2.16197455e-003 1.48428266e-003 1.55486399e-003 2.67481175e-003 0.
    0. 0. 1.24840159e-002 3.33538954e-003 0. 2.54739518e-003
    1.60969340e-003 0. 5.87492157e-003 1.65310618e-003 0.
    2.42514405e-004 0. 1.08174188e-003 4.01579030e-003 6.11108728e-004
    5.16218366e-004 2.14631576e-003 3.10897664e-003 9.06165224e-004
    1.85031013e-003 0. 0. -3.67044529e-004 -1.02895952e-003
    1.81293860e-003 -8.68925883e-004 0. 1.07515149e-003 0.
    1.14464620e-003 0. 4.31942841e-004 4.24867216e-003 0.
    1.84248423e-003 5.14885737e-003 0. 0. 0. 0. 1.09361885e-002 0.
    2.32479026e-004 0. 3.55577824e-004 0. 0. 0. 0. 0. 5.77497901e-003 0.
    4.13025869e-003 5.47711330e-004 1.90274173e-003 0. 1.53636024e-003
    0. 0. 4.25363611e-003 0. 0. 4.17672563e-003 0. 9.85660125e-004 0. 0.
    0. -1.93067899e-004 0. 0. -1.17478461e-003 0. 0. 7.72505766e-004 0.
    -2.97406194e-004 0. 1.84264674e-004 1.66023406e-003 -3.99155659e-004
    0. 0. 5.15884627e-003 0. 1.99788855e-003 0. 1.69272833e-002
    -2.54844854e-005 0. -1.90131867e-003 0. 9.19161481e-004
    5.38353994e-003 0. 0. 3.49805551e-003 0. 5.25173789e-004 0. 0. 0. 0.
    0. 9.22888611e-003 0. 0. 1.18711777e-003 1.98195898e-003
    -5.04182302e-004 4.99872584e-003 0. 1.12417422e-003 -7.95708387e-004
    -2.49677873e-003 3.92113725e-004 0. 0. -5.74477133e-004
    9.66467150e-003 0. 0. 5.32999926e-004 0. 0. 0. 0. 3.31446622e-003 0.
    0. 1.52525550e-004 9.52578674e-004 2.54185777e-003 0.
    1.39012176e-003 0. 0. 1.58364815e-003 -3.59467987e-004 0.
    5.22760069e-003 4.67042997e-003 3.97051265e-003 3.09423637e-003 0.
    0. 0. 2.89411354e-003 7.47836719e-004 1.08132162e-003 0. 0. 0. 0.
    5.84523543e-004 0. 0. 0. 0. 0. 0. 1.08578603e-003 -2.05212971e-004
    0. 0. -1.02237915e-003 0. 0. 1.04922391e-002 0. 0. 6.17246749e-003
    0. -6.84833154e-004 0. 0. 0. 8.02809722e-004 0. 5.31152030e-003
    -5.07661083e-004 8.41673114e-004 1.57608639e-003 3.59425787e-003 0.
    0. 1.01402367e-003 0. 0. 6.05138857e-003 1.95980165e-003 0. 0.
    1.04890543e-003 2.60945735e-003 0. 0. 0. 1.26586237e-003
    3.57796787e-003 1.67169496e-002 6.65140618e-003 0. 0. 0.
    6.57900877e-004 3.41539877e-003 -6.82572063e-005 3.90243647e-003 0.
    0. 0. 0. 2.51025101e-003 0. 0. 0. 0. 6.25033630e-004 0. 0.
    1.87768438e-003 0. 0. -4.17721196e-004 0. 0. 0. 7.42037373e-004 0.
    0. 0. 0. 0. 0. 0. 0. -9.45888052e-004 0. 4.77326015e-004 0. 0.
    4.78498824e-003 0. 0. 6.16024947e-003 0. 9.61620710e-004
    -1.48821180e-003 0. 1.29715749e-003 0. 0. -1.57643881e-004 0. 0. 0.
    2.93435092e-004 0. 0. 0. 0. 0. 2.17197067e-003 0. 0. 0.
    2.71932944e-003 0. 0. 0. 0. 7.80724338e-004 0. 8.42555240e-003
    8.96829122e-004 6.35859836e-003 1.17442710e-003 0. 0. 0.
    2.47109827e-004 0. 6.38389029e-004 0. 0. 1.20206363e-002 0.
    4.50360036e-004 0. 2.35338416e-003 3.06459400e-003 0. 0.
    1.96683011e-003 5.86793106e-003 -3.42759630e-003 0. 2.24553118e-003
    0. 0. 0. 2.44590128e-003 5.71788289e-003 0. 0. 0. -3.07229435e-004
    0. 0. 0. 1.01752998e-002 0. 0. 0. 3.76048428e-003 1.45883474e-004
    1.88189012e-003 0. 1.61243777e-003 0. 3.51882190e-003 0.
    4.81113279e-003 0. 1.99480797e-003 3.52897157e-004 0. 0.
    -2.85117363e-004 1.91128661e-003 -7.18139752e-004 -3.40081658e-003
    0. 1.33932906e-003 0. 2.06425996e-003 0. 0. 5.58178825e-003 0.
    1.53778982e-003 0. 0. 0. 0. 0. 6.93413080e-004 1.53299049e-002 0.
    1.93170947e-003 -2.41826376e-004 1.07166159e-003 0. 1.17769861e-003
    -1.45644313e-004 0. 0. 0. 0. 0. 0. 0. 3.28826322e-003 0. 0. 0.
    3.88279697e-003 0. 0. 0. 0. 0. 3.08834133e-003 0. 0. 1.08052269e-002
    0. 0. 3.81123100e-004 0. -1.97046367e-003 0. -7.78131362e-004
    1.95878092e-003 0. 3.43440450e-003 0. 0. 0. 4.87258937e-003 0. 0. 0.
    2.62477598e-003 0. 0. 0. 0. -2.18891166e-003 0. 4.31721419e-004 0.
    2.18132138e-003 2.48187967e-003 0. 1.72153581e-003 1.21494406e-004
    0. 0. 0. 5.01833449e-004 0. 2.32015923e-003 0. 1.80194597e-003
    3.08584131e-004 0. 0. 6.34689131e-005 -9.17618308e-005 0.
    1.29976019e-003 0. 1.07610598e-003 0. 2.17373390e-003 0.
    1.29154895e-003 -6.53824711e-004 0. 0. 0. 0. 0. 2.34879972e-003 0.
    0. 8.60488508e-004 0. 0. 4.12659207e-003 5.26146637e-003 0. 0. 0.
    2.81913177e-004 1.22618789e-004 0. 0. 4.92756255e-004
    4.33180016e-004 0. 0. 0. 1.37657276e-004 0. -4.72732732e-004 0.
    6.23181649e-003 1.02663971e-003 3.09076882e-003 0. 1.02584227e-003
    0. -3.08698369e-003 0. 5.26669575e-003 0. 0. 6.79246557e-004 0. 0.
    1.08576729e-003 0. 4.10235836e-004 0. 0. 1.16724242e-003 0.
    -3.24403023e-004 0. -6.32069365e-004 0. 0. 0. 2.80635688e-003
    -8.49524164e-004 0. 0. 7.15574424e-004 0. 0. 0. 2.14398210e-003
    -6.65740663e-005 0. 0. 0. 0. 0. 0. 2.12667068e-003 0.
    2.02570856e-003 5.22422325e-003 0. 0. 0. 0. 2.73479545e-003
    1.71187893e-003 2.21268251e-003 0. 0. 0. 0. 2.82480847e-003
    4.93910583e-003 1.52955088e-003 8.18790577e-004 0. 0.
    1.96943805e-003 1.77227694e-003 0. 0. 9.22105857e-004
    -1.10846630e-003 0. 0. 1.16379175e-004 0. 0. 0. 0. 0. 0. 0. 0.
    -6.50102505e-004 3.41505837e-003 5.00932848e-003 0. 2.23711226e-003
    0. 0. 0. 1.68423448e-003 0. 0. 1.24107040e-002 1.69578718e-003 0.
    -5.92166252e-005 0. 0. 3.75481299e-003 3.24243307e-002 0.
    -2.25580507e-003 0. 0. 0. 0. 0. 2.22558924e-003 2.88332594e-005
    1.91672356e-003 0. 0. 0. 7.27254606e-004 0. -3.87118501e-003
    3.16923321e-003 -8.51831515e-004 8.87278220e-005 0. 3.58032819e-004
    8.84992827e-004 0. 3.70672299e-003 0. 1.28149651e-002 0. 0. 0. 0. 0.
    0. 0. 3.35231685e-004 0. 0. 0. 0. 0. -2.35467465e-004
    1.41749426e-003 1.15384478e-002 0. 0. 1.34076423e-003 0. 0.
    1.96495955e-003 0. -1.96069741e-004 0. 5.73430618e-004 0. 0.
    4.33232822e-003 0. 1.05732796e-003 0. 0. 0. 1.28731923e-003 0. 0. 0.
    -1.40931504e-003 0. -6.92696136e-004 0. 0. 0. 0. 8.01942544e-004
    6.59106357e-004 5.40989824e-003 0. 0. 0. 0. 0. 0. 0. 0.
    -1.44028876e-004 2.00139685e-003 0. 1.65590865e-003 0.
    2.68955133e-004 0. 1.23895262e-003 3.90358292e-003 0. 0. 0. 0. 0. 0.
