<?xml version="1.0"?>
<opencv_storage>
<imageDescriptor type_id="opencv-matrix">
  <rows>1</rows>
  <cols>1000</cols>
  <dt>f</dt>
  <data>
    0. 0. 5.68588357e-003 0. 1.35736202e-003 4.70317248e-003
    3.79923615e-003 0. 3.50605510e-003 0. 0. 0. 0. 0. 0. 0. 0.
    6.50587026e-003 0. 0. 0. 3.25129833e-003 -2.56697880e-004 0. 0. 0.
    0. 3.54559231e-003 0. 1.21920658e-002 8.17118771e-003 0.
    -8.97682214e-004 0. 0. 1.57081778e-003 2.84754136e-003 0. 0. 0.
    4.18437552e-003 0. 0. 3.14901443e-003 0. 0. 0. 0. 2.77648983e-003
    2.07530484e-002 0. 1.28810424e-002 1.82404660e-003 0.
    1.39484007e-003 1.32800732e-003 0. 0. 0. 1.18750171e-003 0.
    -2.32660765e-004 0. 0. 1.74411351e-003 0. 5.04525786e-004 0.
    1.35818142e-002 3.62401782e-003 2.01275060e-003 3.71419033e-003 0.
    1.01655545e-002 0. 0. -4.14524518e-004 7.09987571e-003 0.
    -2.94634723e-004 0. 7.89598934e-003 0. 0. 1.57579675e-003 0. 0.
    3.94128932e-004 0. -1.20305107e-003 0. 3.72610684e-003
    3.19502177e-003 -5.42627007e-004 -3.42717212e-005 0. 0.
    -4.00460340e-005 3.20378435e-003 0. 0. 0. 0. 1.12672022e-003 0. 0.
    0. 0. 4.60529095e-003 0. 0. 2.39491509e-003 6.18258305e-003
    -2.28487235e-003 0. 0. 0. 0. 0. 0. 0. 0. 3.82382143e-003 0.
    -9.79225733e-004 3.46915284e-003 0. 0. 0. 0. 0. 0. 0. 0. 0. 0. 0.
    6.10011909e-003 0. 6.25377614e-003 0. 9.06376634e-004
    -2.71977071e-004 0. -3.31768795e-004 0. 0. -1.96305118e-004
    1.20106358e-002 0. 0. 2.78369081e-003 0. 4.95374016e-003 0. 0. 0. 0.
    0. 0. 0. -1.94983513e-005 0. -1.94206648e-003 1.00542814e-003 0. 0.
    5.30606415e-003 -1.27143474e-004 0. 0. 4.57942282e-004
    1.07898947e-003 0. 0. 0. 0. 0. 0. 0. 0. 0. 0. 0. 0. 3.50206764e-003
    0. 6.49100868e-004 0. 1.26467692e-003 0. 0. 0. 0. 0.
    -1.29116047e-003 0. -8.70011165e-004 0. 0. 0. 1.32125681e-002 0.
    4.76494955e-004 0. 0. 0. 1.32191530e-003 0. 0. -1.00433535e-003 0.
    7.66171189e-003 0. 0. 0. -9.03513108e-004 0. 0. 0. 0. 0.
    5.59185632e-003 -2.87247472e-003 0. 0. 6.42773882e-003 0.
    1.26154174e-003 0. 0. 0. 3.33726406e-003 0. 0. 9.05980123e-004 0.
    1.70505932e-003 0. 0. 0. 1.46984896e-002 4.00897209e-003
    5.39182918e-003 0. 0. 9.31415649e-004 1.38912513e-003 0.
    7.38076866e-003 0. 0. 1.73132471e-003 0. 0. 0. 4.35800850e-003
    8.14278494e-004 -4.37119417e-003 5.53172431e-004 0. 5.83206362e-004
    0. 0. 0. 0. 3.10905464e-003 5.11561707e-003 -2.97283987e-004
    1.65622041e-003 0. 2.18649209e-003 0. 2.59706913e-003
    6.77790353e-003 2.54403986e-003 0. 2.81764497e-003 0. 0.
    3.72647680e-003 0. 3.61039862e-003 0. 0. 7.20210373e-003 0.
    1.91031210e-003 -1.79418223e-003 0. 0. 1.40593802e-005
    -1.16172734e-004 0. 0. 0. 0. 4.24566213e-003 5.71248005e-004 0. 0.
    1.02721399e-003 8.87561822e-004 0. 0. 0. 0. 0. 0. 9.93152615e-003 0.
    0. 0. 0. 0. 0. 3.88873974e-003 -9.86251616e-005 1.86066534e-002
    3.46247386e-003 4.30293474e-003 6.44858275e-003 7.30771862e-004 0.
    0. 0. 3.26749956e-004 0. -2.45064381e-004 2.74391426e-003 0. 0.
    2.39997869e-003 0. 2.22705863e-003 -3.68394656e-004 2.10589916e-003
    0. 0. 1.27693359e-003 0. 0. 0. 0. 0. 0. 0. 4.22371988e-004
    2.38471990e-003 0. 6.42585242e-003 0. 0. 0. 0. 5.18895176e-005 0. 0.
    0. 0. 0. 0. 2.96100741e-003 0. 0. 0. 0. 0. -6.36255718e-004
    1.04994210e-003 0. 0. 0. -2.45124422e-004 0. 0. -5.19002322e-004
    2.41441047e-003 0. 0. 0. 0. 0. 0. 0. -2.89517688e-003
    3.66788986e-003 0. 1.09807379e-003 3.10793426e-003 0.
    -3.55533499e-004 0. 0. 3.24332016e-003 0. 0. 0. 0. 1.01643251e-002
    0. 1.08131848e-003 1.11390650e-003 0. -2.78004678e-004 0. 0. 0. 0.
    0. 4.87337820e-003 0. 0. 0. 0. 1.79674441e-003 0. 3.89644317e-003 0.
    0. 0. 0. 0. 1.98241090e-003 0. 1.43783051e-003 0. 0. 1.70904608e-003
    8.44047347e-004 3.40174581e-003 0. 0. 0. 0. 0. 0. 0. 0. 0. 0. 0.
    2.08972231e-003 3.16890026e-003 2.28923745e-003 0. 0.
    7.34309154e-003 0. 0. 0. 0. 0. 0. -1.52153883e-003 0. 0. 0. 0.
    -2.16439847e-004 0. 0. 4.74067638e-003 0. 1.21188611e-002 0. 0. 0.
    0. 0. 0. 5.95661520e-004 0. 0. 0. 0. -1.23738346e-003
    1.82169408e-003 0. 0. 3.07366456e-004 0. 0. 0. 0. 0. 0.
    5.53678209e-003 4.62320691e-004 0. 0. 0. 0. 0. 0. 0. 2.58872495e-003
    3.13544646e-003 0. 0. 0. 2.14338908e-003 0. 0. 1.84716296e-003 0. 0.
    6.01939531e-003 0. 0. 0. 1.01747690e-003 0. 0. 7.93874497e-004
    2.61781947e-003 0. 2.82068108e-003 0. 1.97864464e-003 0.
    2.81601213e-003 0. 0. 0. 0. 0. 0. 0. -1.31947710e-003 0.
    8.08360463e-004 0. 0. 0. -4.65456024e-003 0. 3.17770196e-003
    -2.00679246e-003 0. 0. 0. 0. 0. 0. 6.23428170e-003 0. 0.
    4.25809249e-003 8.68543808e-004 0. 1.53074609e-002 0. 0. 0. 0. 0. 0.
    0. 0. 0. 0. 0. 5.30287682e-004 0. 0. 0. 0. 1.84787577e-003 0.
    5.11997333e-003 0. 0. 0. 9.54064133e-004 0. 0. 0. 0. 0. 0. 0.
    5.00069419e-003 -1.14937546e-003 0. -3.18765495e-004 0. 0. 0.
    8.16863775e-003 0. 0. 0. 7.90576043e-004 2.53916322e-003 0. 0. 0.
    3.03650973e-003 0. 0. 4.68712440e-003 0. 0. 2.57780048e-004 0.
    1.26276852e-003 3.93020269e-003 0. 0. 0. 0. 7.14894664e-003 0. 0. 0.
    0. 0. 3.43930628e-003 -2.22210609e-003 5.49856480e-003 0. 0.
    3.73856421e-003 0. 0. 0. 5.80566237e-003 0. 6.39058417e-003
    2.08084448e-003 1.71488337e-003 0. 6.00047642e-003 0.
    5.84220921e-004 0. 0. 0. 0. 0. 0. 4.09406610e-003 5.75047918e-003
    1.48371607e-003 0. 0. 1.84035278e-003 0. 0. 0. 0. 0. 6.56526629e-003
    0. 0. -1.39684277e-003 0. 5.71691431e-003 2.47733109e-003
    4.15051682e-003 0. 0. 0. 0. 0. 3.34059121e-003 0. -1.29154406e-003
    0. 0. 2.82110181e-003 -5.81545348e-004 0. 0. 0. 0. 2.34090476e-004
    0. 3.38844815e-003 0. 1.73675444e-003 1.79466475e-002
    2.09092023e-003 0. 2.84320978e-003 1.32863224e-002 0. 0.
    2.06399150e-003 0. 0. 0. 4.29101102e-003 0. 4.81540430e-003 0. 0. 0.
    0. 0. 2.23756046e-003 1.38051924e-003 0. 1.38662290e-003 0. 0. 0.
    -5.95784804e-004 0. 0. 0. 9.08659480e-004 0. 0. 0. 0. 0. 0. 0.
    -1.68544080e-004 0. 4.12809402e-002 0. 1.69457216e-003 0. 0. 0. 0.
    0. 0. 0. 0. 0. 2.22812683e-004 1.85302706e-005 0. 0. 6.67411927e-003
    0. 0. 5.08931512e-003 0. 2.81656068e-003 5.06818714e-003 0. 0. 0. 0.
    0. 0. 0. 0. 0. 0. 0. 2.05735955e-003 0. 0. 0. -1.13044376e-003 0.
    -2.40233308e-003 1.00341812e-002 0. 0. 1.74994580e-003
    6.48585986e-003 0. 2.39088549e-003 -4.15620307e-004 4.64930246e-003
    0. 0. 0. 0. 0. 0. 0. 0. 0. 0. 0. 1.94386765e-003 0. 0. 0. 0. 0. 0.
    0. 2.52326904e-003 0. -8.19255249e-004 -4.71216699e-005 0. 0.
    3.68154980e-003 -4.76273766e-004 0. 0. 0. 0. 0. 0. 0.
    3.52102215e-003 0. 5.60716435e-004 3.22230090e-003 1.54843193e-003
    0. 0. 0. 0. 1.25275797e-003 0. 0. 0. 2.20097788e-003 0. 0.
    1.09586515e-003 0. 6.39517000e-003 1.47140236e-003 0. 0. 0.
    -6.43213298e-006 0. 5.89837739e-003 0. 0. 4.97569051e-003 0. 0. 0.
    5.42699592e-004 1.66716310e-003 6.67753350e-003 0. 0.
    1.16876736e-002 2.09125481e-003 0. -5.85021742e-004 0. 0. 0. 0.
    4.41200752e-003 0. 0. 1.00384117e-003 -7.76893750e-004 0.
    8.07058299e-004 0. 2.22292356e-003 0. 0. 1.89089146e-003 0. 0.
    1.41966389e-003 0. 2.97241774e-003 0. 2.45644967e-003
    1.42618921e-002 2.11855769e-003 0. 0. 0. 2.10508937e-003
    1.03181424e-004 0. 0. 0. 5.63955074e-003 1.33835082e-003 0. 0. 0. 0.
    4.68014681e-004 0. 0. 1.04390923e-003 0. 0. 3.93174298e-004 0. 0. 0.
    0. -5.51028224e-003 7.44286168e-004 0. 0. 0. 0. 7.77346641e-003 0.
    0. 0. 3.14792572e-003 0. 0. 0. 1.56548526e-002 0. 0. 0.
    4.43968602e-004 0. 0. 0. 0. 0. 2.52737687e-003 0. 6.24492578e-003 0.
    0. 0. 0. 0. 0. 0. 2.75429967e-003 0. 9.02460073e-004 5.39703947e-003
    0. 0. 1.73792092e-003 0. -1.21976365e-003 0. 9.98332445e-003 0.
    6.23666419e-005 6.18882012e-004 0. 3.23467236e-003 1.39649096e-003
    -4.14625596e-004 0. 3.04410816e-003 0. 3.63019807e-003
    -1.18858507e-003 7.80629751e-004 2.89777783e-003 0. 0. 0. 0.
    2.63572554e-003 0. 0. 0. 0. 0. 3.56475473e-003 0. 0. 0.
