<?xml version="1.0"?>
<opencv_storage>
<imageDescriptor type_id="opencv-matrix">
  <rows>1</rows>
  <cols>1000</cols>
  <dt>f</dt>
  <data>
    -5.37342521e-006 0. 0. 0. 0. 0. 0. 0. 0. 0. 0. 0. 0. 0.
    2.02809274e-002 7.58505799e-003 3.14403069e-003 0. 0.
    9.05617513e-003 0. 0. 0. 2.62368179e-004 0. 0. 4.05589305e-003
    1.32377946e-003 0. 0. 0. 7.22236116e-004 0. 0. -2.34001456e-003 0.
    0. 0. 0. 0. 3.15329409e-003 0. 0. 0. 4.19567572e-003 0. 0.
    4.86278022e-003 3.49899242e-003 0. 0. 6.78918557e-004
    1.23002660e-003 0. 0. 5.90227731e-003 2.99485509e-005 0.
    2.74354918e-003 1.40153198e-003 0. 0. -1.27555069e-003 0. 0. 0. 0.
    0. 0. 0. 0. 0. 0. 0. 0. 1.41451170e-003 6.74160570e-003
    -4.26058803e-004 0. 0. -1.90014500e-004 0. 0. 0. 9.59291647e-004
    -4.69075749e-003 9.08944942e-003 0. 0. 3.45241278e-003 0.
    6.53007068e-004 2.01418484e-003 0. -1.67422357e-003 0.
    5.59965475e-003 0. 0. 0. 0. -1.38430204e-003 0. 1.61492542e-004 0.
    0. 0. 9.68860183e-003 0. 0. 0. -2.31998391e-003 4.97730961e-003
    2.01560720e-003 0. 9.24172928e-005 3.78202484e-003 4.53526620e-003
    0. 0. -1.28120789e-003 0. 0. 0. 9.94499074e-004 0. 0.
    4.31202701e-004 0. 0. 0. 4.39975969e-003 0. 0. 0. 2.52044853e-003 0.
    2.58567696e-003 -1.11127307e-003 0. 3.11507564e-003 8.78668274e-004
    0. 0. 0. 0. 0. 1.06709346e-003 7.89480470e-003 4.71991487e-003 0.
    6.09163241e-003 0. 0. 5.51443920e-003 1.29327402e-002 0. 0.
    2.61629670e-004 0. 2.43170420e-004 0. 0. 8.06701090e-003 0. 0.
    2.96253245e-003 0. -1.95036142e-003 0. 0. 0. 0. 0. 0.
    3.32396501e-003 3.88244912e-003 0. 0. 0. 0. 5.87517628e-003 0. 0. 0.
    0. -4.35390230e-003 2.61954451e-003 0. -5.23449096e-004 0.
    -9.88363870e-004 1.72498880e-003 0. -2.38314708e-004
    -2.68793642e-003 0. 4.74224391e-004 1.97717035e-003 2.97838566e-003
    -9.34904165e-005 -3.09281074e-003 0. 0. 0. 0. 5.81570109e-003
    7.32186483e-004 0. 0. 0. 3.05628753e-003 0. 0. 2.06104433e-003 0. 0.
    0. 5.34540648e-003 0. 0. 0. 7.27956370e-003 6.06526388e-003 0. 0. 0.
    0. 1.69346761e-003 0. 0. 4.14114352e-003 3.50443949e-003 0. 0. 0. 0.
    -3.29139206e-004 0. 0. 0. 0. 0. 0. 1.57154689e-003 0. 0. 0.
    3.07998038e-003 5.08511113e-003 2.39700172e-003 0. 1.88950496e-003
    3.25239962e-005 4.68332646e-003 4.34264730e-005 1.72629149e-003
    2.35030055e-003 4.59881732e-003 0. 0. 1.07811801e-002 0. 0.
    6.99989684e-003 0. 6.36649747e-006 0. 0. 1.03559699e-002 0. 0. 0.
    8.11746251e-003 4.43439785e-005 0. 6.62346557e-003 2.02231924e-003
    0. 0. 0. -4.87813115e-004 5.68318181e-003 0. 8.16994114e-004 0. 0.
    0. -2.29041721e-003 0. 0. 0. 6.05459418e-003 0. 0. 1.32917415e-003
    0. 0. 0. 1.93738879e-003 6.36349083e-004 0. 1.66537100e-003 0.
    4.72921442e-004 1.61714084e-003 0. 0. 0. 0. 0. 3.82215985e-005 0. 0.
    0. 7.20328558e-003 1.58480799e-003 0. 8.17664957e-004
    6.71486370e-003 0. 0. 1.61165907e-003 1.10807437e-002 0.
    2.15129950e-003 0. 3.09543754e-003 1.54428254e-003 0. 0. 0.
    -6.59242505e-004 0. 1.64646795e-003 0. 0. 6.68732775e-003
    1.18765899e-003 8.62502400e-003 2.52584391e-003 0. 3.12386500e-003
    0. 1.51841799e-002 0. 3.08647333e-003 1.98409520e-003 0. 0. 0. 0. 0.
    0. 0. 0. -2.20572948e-003 0. 4.96435910e-003 0. 0. -2.62514781e-003
    0. 0. 5.23644872e-003 0. 0. 6.18669298e-003 0. 2.08028988e-003 0. 0.
    0. 4.42223391e-003 0. 0. 0. 0. 5.99989016e-003 -1.15223508e-003
    4.66780923e-003 0. 0. 0. 0. 7.98150711e-003 0. 1.26807413e-006
    1.04321365e-003 0. 0. 0. 0. 0. 0. 0. 0. 0. 0. 2.55268160e-003 0.
    8.35723616e-003 0. 1.12467725e-003 0. 2.07224948e-004
    7.37000629e-003 0. 0. 0. 0. 3.50328209e-003 7.03286426e-003 0.
    6.50975481e-003 0. 0. 0. 0. 0. 1.67539436e-003 -1.37467473e-003 0.
    5.18775685e-003 0. -2.87363804e-007 0. 0. 0. 0. 0. 0.
    3.15161631e-003 0. 0. 6.57000393e-003 0. 0. 1.20191891e-002 0.
    2.37233262e-003 0. 0. 0. 2.08005193e-003 0. 1.10216876e-002 0. 0. 0.
    1.87609636e-004 0. 1.33793463e-003 0. 0. 1.10989565e-003 0. 0. 0. 0.
    0. 0. 0. 1.98518182e-003 0. 0. 0. 0. 1.14630465e-003 0. 0. 0.
    2.26781191e-003 0. 0. 0. 0. 0. 0. 0. 0. 3.88273410e-003 0. 0.
    1.90497038e-003 0. 0. 0. 0. 0. 0. 3.14312498e-003 0. 1.40592537e-003
    0. 0. 0. 0. 5.40763780e-004 0. 4.04341426e-003 0. 0. 0. 0. 0.
    -3.44610657e-004 0. 0. 7.11636094e-004 0. 0. 5.00234449e-003 0.
    1.29099730e-002 0. 0. 0. 0. -1.87274054e-005 0. 0. 3.41038010e-003
    0. 0. 1.76913682e-002 5.69196464e-003 0. 0. 0. 0. 3.08613735e-003
    5.76868886e-003 3.06086079e-003 0. 0. 0. 5.16560720e-003
    5.35857817e-003 0. 2.04741489e-003 0. 2.56444607e-003
    9.11061012e-004 0. 4.66446299e-003 0. 0. 0. 0. 0. 0. 0. 0. 0. 0. 0.
    2.65453686e-003 0. 0. 0. 4.55430336e-003 0. 0. 0. 0. 0. 0. 0. 0. 0.
    0. -9.72191745e-004 0. 0. 0. 0. 7.36443966e-004 0. 0.
    6.06771046e-003 5.27177891e-003 0. -1.06137851e-003 0. 0. 0. 0. 0.
    3.12401960e-003 0. 0. 0. 0. 0. 0. 0. 0. 0. 0. 0. 4.52942622e-004 0.
    0. 0. 2.61765672e-003 -1.40899292e-003 0. 1.39005156e-003 0.
    6.19102735e-004 2.10577413e-003 5.03282063e-004 0. 0. 0. 0.
    2.46631037e-002 0. 0. 0. -3.50378017e-004 0. 2.10067211e-003 0. 0.
    0. 0. 0. 0. 2.31762184e-003 0. 0. 2.51743617e-003 0. 0. 0. 0. 0. 0.
    0. 0. 0. 0. 0. 0. 0. 0. 2.40895012e-003 0. 0. 0. 0. 6.26458786e-003
    0. 4.86678071e-003 0. 0. -1.33774837e-003 0. 8.58182181e-003 0. 0.
    0. 0. 0. 0. 0. 0. 2.32811715e-003 4.21746681e-003 0. 0. 0. 0.
    1.11168995e-002 5.63899404e-004 3.33245122e-003 0. 8.20821908e-004
    0. 1.06840080e-003 0. 0. 2.73693982e-003 0. 0. 3.55038745e-003
    1.71116600e-003 -1.04473694e-003 0. 0. 0. 0. 0. 2.03179754e-003 0.
    0. 0. -8.47084521e-005 3.19462828e-003 4.38253628e-003
    2.02454091e-003 0. 2.20256043e-003 0. -1.57770904e-004 0. 0. 0. 0.
    0. 0. 4.39218385e-003 0. 0. 0. 0. 0. 0. -8.10289057e-004
    -1.70873158e-004 0. 6.29063696e-003 0. 0. 4.37112618e-003
    1.23935810e-003 0. 0. 0. 0. 0. 0. 0. 0. 0. 0. 0. 0. 6.36505987e-003
    8.92581511e-003 0. 0. 2.51068780e-003 0. 0. 0. 2.38322234e-003 0.
    7.83734955e-003 0. -3.90477898e-003 0. -3.16108041e-003 0.
    4.63498104e-003 0. 0. 2.31680204e-003 2.47291615e-003 0. 0.
    -1.40922889e-003 0. 4.30534501e-003 0. 3.02645680e-003 0.
    1.21408480e-003 0. 0. 0. 8.25841818e-003 0. 0. 3.05517833e-003 0.
    6.06796530e-004 0. 2.88399565e-003 0. 0. 1.55059446e-003 0.
    -3.79486824e-004 0. 0. 0. 1.30469911e-002 0. 0. -1.16970250e-003 0.
    0. 0. 0. 0. 2.84851785e-003 4.08372749e-003 0. -2.07128600e-004
    -2.10505980e-003 6.58483850e-003 0. 3.74066830e-003 0. 0. 0.
    -1.08513329e-003 0. 0. 0. 1.27650669e-003 1.46526401e-003 0.
    6.54094107e-003 5.11028711e-003 0. 0. 0. 0. 0. 0. 0. 0. 0. 0. 0. 0.
    0. 1.81436641e-004 2.94045405e-003 6.86810212e-003 0.
    2.43989751e-003 2.72547081e-003 0. 0. 0. 0. 0. 3.14918323e-003 0.
    3.44811776e-003 0. -2.46474147e-003 7.89193530e-003 6.91430131e-003
    0. 1.15842009e-002 1.39558315e-002 4.05026739e-003 6.58547506e-004
    0. 0. 1.06214320e-004 0. 3.22738267e-003 1.60630571e-003 0.
    6.93464559e-003 0. 0. 0. 0. 0. 0. 2.48554838e-003 4.04832186e-003 0.
    0. 0. 1.55162923e-002 4.32313234e-003 0. 0. 0. 0. 5.94825076e-004 0.
    3.14368663e-005 0. 0. 0. 0. 0. 0. -6.35326258e-004 0.
    -7.43165787e-004 0. 0. 0. 0. 0. 1.86360709e-003 0. 0. 0. 0. 0. 0. 0.
    0. 2.07671919e-003 0. 0. 0. 0. 0. 0. 0. 0. 0. 1.78490451e-003 0. 0.
    0. 0. 0. 0. 0. 6.37200149e-003 0. 0. 0. 0. 0. 0. 0. 0. 0. 0.
    1.38468947e-003 0. 2.28443602e-003 0. 0. 0. 0. 0. 2.86247418e-003
    -2.33603781e-003 1.50957704e-003 0. 5.89531986e-003 0.
    3.38560948e-003 0. -7.35924463e-004 0. 0. 8.19961948e-004 0. 0. 0.
    0. 0. 0. 0. 0. 0. 0. 2.78598396e-004 0. 0. 0. 0. 4.88366386e-005
    -1.18463032e-003 4.58466500e-004 0. 0. 0. 1.28645718e-003
    4.91969008e-003 0. 1.58181898e-002 6.73992326e-004 0. 0.
    2.43732147e-003 0. 0. 0. 0. -2.17366862e-004 3.68980179e-003
    -6.79542893e-004 0. 0. 0. 0. 0. 2.93088355e-003 0. -2.34072190e-003
