<?xml version="1.0"?>
<opencv_storage>
<imageDescriptor type_id="opencv-matrix">
  <rows>1</rows>
  <cols>1000</cols>
  <dt>f</dt>
  <data>
    8.25030822e-003 0. 0. 0. 1.26680732e-003 1.59602053e-003
    1.10823791e-002 0. 0. 0. 0. 1.17000821e-003 0. 0. -2.86607095e-003
    0. 0. 0. 0. 0. 0. 0. 0. 0. 0. 5.27282362e-004 0. 7.76990200e-005 0.
    0. 0. 0. 0. 0. 0. 2.17798422e-003 7.58558454e-004 1.69265678e-003 0.
    0. 0. 0. 0. 0. 4.15663561e-003 0. 2.80518900e-003 0. 2.74242531e-003
    1.44813443e-002 0. 3.54758487e-003 -1.16510468e-003 0. 0.
    6.54421840e-003 0. 7.49698607e-004 0. 4.82879626e-003 0.
    1.07704569e-002 0. 1.03661995e-002 0. 3.72402626e-003
    1.59370876e-003 0. 2.01357272e-003 0. 0. 3.33673740e-003 0. 0. 0.
    -1.07709086e-003 -1.15530426e-003 0. 0. 0. 0. 0. 0. 0.
    1.66024757e-003 0. 0. 1.77282875e-003 0. 2.10234127e-003
    2.46265670e-003 2.85847601e-003 5.07836603e-003 0. 0. 0. 0.
    3.06855910e-003 -1.50577200e-003 0. 4.38931305e-003 0. 0.
    7.85066187e-003 0. 2.13496434e-003 0. 8.33111443e-003 0.
    2.01143580e-003 0. 4.63361153e-004 5.90072619e-003 0.
    7.23831647e-004 0. 0. 7.07471883e-003 0. 0. -5.06027718e-004 0. 0.
    8.03718995e-003 6.35119248e-003 3.63036757e-003 1.94033701e-003
    -5.11076534e-003 0. 0. 0. 1.33265287e-003 0. 0. 0. 0. 0. 0. 0.
    -1.28259053e-004 0. 1.21040281e-003 0. 0. 1.98373455e-003 0. 0. 0.
    4.16537793e-003 2.62667215e-003 0. 0. 1.08730921e-004 0.
    1.66736066e-003 3.60322278e-003 -6.32008479e-004 0. 2.71517946e-003
    1.33895492e-002 0. 5.88985858e-003 0. 0. 0. 0. 6.15196070e-003 0.
    -5.94843354e-004 0. 0. 9.62384453e-004 0. 3.34397377e-003 0. 0.
    1.89115503e-003 0. -4.60613810e-004 6.53705653e-003 4.75638639e-003
    0. -3.14482430e-004 -1.01548515e-003 4.81794355e-003 1.25583250e-003
    1.73015986e-003 1.93354348e-003 1.93242464e-004 4.01707506e-003
    -1.30767410e-003 0. 3.77861341e-003 0. 0. -3.45716893e-004 0.
    2.17180024e-003 1.00555299e-004 0. 0. 2.63553066e-003 0.
    2.85395072e-003 0. -1.39156138e-004 4.05305298e-003 4.66898270e-003
    0. 0. 3.51653877e-003 0. 0. 0. 0. 0. -7.36221555e-004 0. 0. 0. 0. 0.
    0. 0. 0. 0. 3.06799635e-003 -1.33717817e-003 0. -2.66782270e-004
    6.25872938e-003 1.09143183e-002 0. 0. 0. 6.50552986e-003
    1.50158093e-003 -7.59013288e-004 0. 0. 0. 1.30620343e-003 0. 0. 0.
    0. 0. -1.67854840e-003 -5.17431705e-004 1.14113912e-002 0. 0.
    -1.39675220e-003 0. 9.88861779e-004 0. 0. 1.87477993e-003
    1.68962199e-002 0. 0. -7.26903789e-004 0. 0. 2.56703538e-003 0.
    2.45807995e-003 0. 6.02971483e-003 0. 0. -8.84193636e-004 0.
    4.12316807e-003 6.43218216e-003 1.42277742e-003 0. 0. 0. 0.
    -5.96735685e-004 3.73912486e-003 0. 0. 2.52540759e-003 0. 0.
    -3.01167555e-003 0. 0. 0. 0. 2.30832840e-003 0. 1.92815880e-003 0.
    0. 0. 5.63935703e-003 8.35087523e-003 0. 5.56013035e-003 0. 0.
    6.28583832e-004 0. 0. 0. 5.16180262e-005 1.43712026e-003 0. 0. 0. 0.
    9.53904120e-004 -8.80587322e-004 0. 0. 0. 1.66366145e-003
    1.77704729e-004 0. 8.65127018e-004 1.04903593e-003 0. 0. 0. 0.
    1.12064893e-003 0. 0. 0. 0. 0. 0. 0. 7.99928268e-004 0. 0. 0.
    3.22104106e-003 0. 0. 0. 0. 0. 2.71362835e-003 0. 2.29179859e-003 0.
    5.38711669e-004 6.20377017e-004 0. 0. 1.25969108e-003
    4.75965813e-003 0. 0. 2.41293968e-003 0. 0. 1.03058303e-002
    1.07789517e-003 0. 2.02737562e-003 1.75680593e-003 0. 0.
    -1.33894535e-003 0. -5.34990570e-004 0. 0. 8.86849419e-004 0. 0.
    -3.60184233e-004 3.24792508e-003 1.35941654e-002 2.84915324e-004 0.
    -1.70417468e-003 0. 0. 1.93214905e-003 4.59626986e-004 0. 0. 0.
    -2.48149154e-003 0. 0. 9.85464198e-004 0. 0. 0. 9.05199850e-004 0.
    0. 0. 0. 0. 1.74612447e-003 0. 0. 0. 0. 0. 0. 0. 3.67287197e-003
    4.28996747e-003 7.00621773e-003 0. 0. 1.05949049e-003 0.
    6.66908862e-004 1.53524464e-003 0. 0. 7.10814784e-004 0.
    6.20929059e-003 5.17260516e-003 0. -2.21371744e-003 0. 0. 0. 0.
    3.70413554e-003 5.83550846e-003 2.21430353e-004 4.06529009e-003
    3.03434860e-003 0. 7.09567871e-003 0. 0. 4.19106800e-003
    2.21071322e-003 8.22994485e-003 0. 0. 0. 0. 2.09709932e-003 0. 0.
    7.46568607e-004 0. 0. 0. 4.72014304e-003 1.37529895e-003 0.
    3.56799690e-003 3.57788382e-003 0. 0. 2.36561918e-003
    1.22958329e-003 0. 2.63713673e-003 0. 0. 0. 0. 0. 0. 0. 0. 0. 0.
    3.01210466e-003 3.54213500e-003 3.89182568e-003 3.44488258e-003 0.
    0. 4.49302513e-003 0. 0. 0. 8.75709392e-003 0. 0. 1.93007756e-003
    -2.92913668e-004 0. 0. 0. 0. 0. 0. 2.82772211e-003 5.61504858e-003
    0. 0. 0. 1.19004780e-002 1.51527673e-002 -8.55999300e-004
    2.03409884e-003 0. 0. 0. 0. 0. 0. -1.46327750e-003 0. 0.
    1.17080775e-003 0. 0. 0. 0. 0. 0. 8.28524865e-003 1.72233267e-003 0.
    0. 0. 2.24823449e-002 0. 0. 0. 0. 0. 0. 0. 0. 0. 0. 5.01198694e-003
    -1.07900516e-004 2.93502118e-004 0. 2.25459272e-003 0.
    -4.32401634e-004 0. 1.19725137e-003 0. 0. 1.84450019e-003 0. 0. 0.
    0. 0. 0. 6.85546489e-004 5.96658746e-003 0. 0. 9.21747833e-003 0. 0.
    0. 0. 0. 0. 0. 0. 0. 0. 1.04462262e-002 2.16777693e-003 0.
    3.06946412e-003 2.09594565e-003 6.91578677e-003 0. 0. 0. 0. 0. 0. 0.
    2.47258111e-003 0. 0. 0. 0. 0. 1.62338011e-003 3.58690601e-003 0. 0.
    -5.57873514e-004 0. 0. 0. 0. 9.27013927e-004 0. 0. 0. 0. 0.
    1.02701993e-003 0. 0. 0. 2.79129134e-003 1.16050718e-002
    6.92326156e-003 3.21191479e-003 1.15277304e-003 1.14975301e-004 0.
    0. 0. 0. 0. 9.43209883e-003 2.94980663e-003 0. 0. 0. 3.18443490e-004
    0. 0. 0. 0. 0. 0. 0. 0. 0. 0. 0. 4.08012932e-003 0. 0.
    5.91992494e-003 0. 0. 2.58199428e-003 3.00855446e-003 0.
    2.45611207e-003 4.98597918e-004 0. 0. 7.33890454e-004 0. 0. 0.
    1.64388660e-002 1.23413594e-003 0. 0. 0. 0. 0. 0. 4.39045398e-004
    1.90899603e-003 0. 0. 0. 1.16132130e-003 0. 0. 0. 0. 0.
    4.44572559e-003 2.07280973e-003 0. 0. 0. 2.30657309e-003 0.
    9.29969465e-005 2.21357727e-003 5.31217642e-003 2.49184482e-003 0.
    0. 0. 1.45644241e-003 0. 0. 0. 0. 0. 0. 0. 0. 0. 0. 2.52546533e-003
    0. 5.75454067e-003 0. 3.79836652e-003 2.35250409e-004
    3.72258853e-003 0. 2.75275623e-003 0. 0. 0. 0. 0. 0. 1.71407498e-003
    0. 0. 0. 0. 0. 0. 0. 0. 0. -5.48031740e-003 0. 0. 0. 0.
    3.60653922e-003 1.67437934e-003 0. -1.25998643e-003 0. 0. 0. 0. 0.
    0. 0. 1.01614911e-002 2.93441024e-003 0. 0. 0. 0. 0. 0. 0. 0.
    -1.65877258e-003 0. 0. 0. -9.50464886e-003 0. 0. 0. 0. 0. 0. 0.
    -9.30906215e-004 -7.73863751e-004 1.11103768e-003 6.92205620e-004 0.
    0. 4.24775435e-003 1.29866442e-002 0. 0. 2.02912241e-004
    6.92402013e-003 0. 0. 0. 0. 2.06232886e-003 6.52269647e-003 0. 0.
    5.27802343e-003 0. 0. 0. 0. 0. 6.21487433e-003 0. 0. 0.
    1.40913180e-003 0. 0. 0. 0. 0. 0. 0. 2.02682009e-003 1.71268662e-003
    0. 2.14606826e-003 2.25142902e-003 0. 0. 0. 0. 1.08527264e-003 0. 0.
    0. 0. 0. 0. 0. 0. 0. 8.21649749e-003 0. 0. 4.83470457e-003 0.
    9.94171598e-004 0. 0. 0. 0. 0. 7.05369632e-004 0. 0. 0. 0.
    1.78881641e-003 -1.02373662e-004 -1.26190222e-004 0. 0. 0. 0. 0. 0.
    0. 7.48135848e-003 -7.42855389e-003 0. 0. 0. 0. 3.39939212e-003 0.
    0. 9.34367906e-003 0. 0. -2.73134265e-005 1.82916783e-003 0. 0.
    -1.79384544e-003 0. 0. 9.17520549e-004 1.47893617e-003 0. 0.
    4.62903612e-004 0. 0. -9.02245811e-004 -5.77810919e-004 0. 0. 0. 0.
    2.78652849e-004 7.15543190e-003 0. 0. -1.01541763e-003
    3.98588047e-004 0. 0. 0. 1.31147122e-003 1.78178784e-003
    1.08625391e-005 0. 0. 7.86802080e-003 7.54531298e-004 0.
    2.86010699e-003 0. 0. 1.60168589e-003 0. -1.56918145e-003 0.
    2.27474771e-003 0. 8.37190636e-003 0. 0. 0. -2.17561191e-003
    3.08198039e-003 0. 0. 2.00663507e-003 0. 7.43975688e-004 0.
    3.72299342e-003 0. 1.72597228e-003 -4.59465409e-005 4.58731112e-004
    0. 0. 0. 0. 0. 1.06527819e-004 0. 0. 0. -2.06318684e-004 0. 0. 0. 0.
    1.71422318e-003 0. -1.88115402e-003 0. 0. 2.18245550e-003
    3.09111923e-003 -6.41996798e-004 0. 5.94884856e-003 0. 0.
    4.72217100e-003 0. -1.87594129e-003 0. 0. 2.37682112e-003
