<?xml version="1.0"?>
<opencv_storage>
<imageDescriptor type_id="opencv-matrix">
  <rows>1</rows>
  <cols>1000</cols>
  <dt>f</dt>
  <data>
    0. 0. 0. 0. 0. 0. 0. 0. 0. 1.08431298e-002 0. 0. 0. 9.41622129e-004
    8.03205837e-003 3.24792322e-003 0. 1.89154979e-003 0. 0. 0. 0.
    -2.13636458e-003 0. -1.27862243e-003 6.32456224e-003 1.88651902e-003
    0. 0. 2.02797074e-003 0. -1.94213193e-004 0. 0. 0. 1.15289597e-003
    0. 7.97799602e-003 0. -1.08582783e-003 0. 0. 8.21100140e-004
    -1.53358630e-003 3.92529042e-003 0. 0. 9.40446116e-005 0. 0. 0.
    8.65234178e-004 0. 0. 0. -1.61938625e-003 0. 0. 0. 0.
    4.27740207e-003 1.66093011e-003 -2.37333542e-003 -4.30704444e-004 0.
    -6.41314953e-004 -3.21735255e-003 7.70210335e-003 8.87851976e-003
    8.33046914e-004 0. 0. -6.18622696e-004 -8.48915224e-005 0.
    1.06823817e-002 9.47045395e-004 7.84297287e-003 0. 0.
    9.09833878e-004 0. 0. 0. 0. 0. 0. 3.30293993e-003 0. 0.
    7.53652479e-004 -4.45535453e-003 0. -6.14161809e-006 5.02637029e-003
    0. -5.14015905e-004 0. 0. 0. 0. 0. 0. 3.33108334e-003
    1.36233622e-003 0. 1.69531982e-002 0. 2.19755209e-004 0.
    -1.11109752e-003 -1.66224909e-003 0. 0. 0. 0. 0. 1.21742571e-002 0.
    0. 0. 0. 0. 0. 1.05747636e-002 0. 0. 0. 0. -1.12494791e-003
    -1.72818825e-003 9.10068979e-004 0. 8.97170044e-004 0. 0. 0. 0. 0.
    0. 9.11130846e-005 0. 0. -1.57030765e-003 9.36435827e-005 0. 0. 0.
    0. 9.33232717e-003 6.79583848e-003 0. 3.75849637e-003 0.
    -1.92452210e-003 0. 0. 0. -1.71238428e-003 0. 2.71848473e-003 0. 0.
    0. 0. 0. 2.96314014e-003 1.11499270e-002 0. 0. 0. 0. 0.
    2.07396969e-003 0. -1.90947219e-004 4.79714153e-003 0. 0.
    -8.43903690e-004 0. 3.04243830e-003 0. -2.60774104e-004 0. 0. 0. 0.
    -5.63467562e-004 0. 0. -1.40841561e-003 -4.95034503e-004 0.
    9.72429384e-003 0. 0. 0. 0. 0. 1.47517235e-003 0. 0. 0. 0. 0.
    2.69222469e-003 0. -6.56730379e-004 0. 7.45504303e-003 0.
    2.66467198e-003 1.12889176e-002 0. 0. 0. 0. 7.84642436e-003
    1.62801775e-003 -2.38807217e-004 0. 0. 3.34672863e-004
    1.83327794e-002 0. 1.73780869e-003 0. 0. 0. 0. 0. 1.30431831e-003 0.
    0. 0. 0. 0. 0. 4.04478330e-003 0. 0. 0. 0. 0. 1.66038095e-004 0. 0.
    0. 0. -1.38817122e-003 -1.53633475e-003 1.70773976e-002 0. 0.
    9.31275450e-003 0. 2.29903567e-003 0. 0. 0. 8.46534688e-003 0.
    -2.04599043e-003 0. 0. 0. 0. 4.74244182e-004 1.80342831e-002 0.
    1.65535640e-002 0. 0. -9.78480210e-004 0. 0. 0. 0. 7.04842061e-003
    2.50480080e-004 0. 0. -2.01082299e-003 0. 0. 0. 0. 8.50241689e-004
    0. 0. -4.60193912e-003 3.04184202e-003 6.19677652e-004 0.
    1.00920710e-003 0. 0. 4.36790101e-003 6.83120452e-004
    5.29948971e-004 1.59799331e-003 0. 0. 0. -2.08535301e-003
    8.48665275e-003 0. 0. 0. 0. 0. 0. 0. 0. 0. 6.92283036e-004 0.
    6.59013633e-004 3.91285308e-003 -2.09842008e-004 0. 0. 0.
    -9.08330898e-004 3.46267410e-003 0. 0. -4.33458990e-005 0. 0.
    2.17926735e-003 0. 0. 0. -1.08904706e-003 9.75568127e-003 0. 0.
    5.43688657e-003 2.25467701e-003 0. 0. 0. -6.93572365e-005 0.
    2.57746386e-003 -2.47877149e-004 1.15131750e-003 0. 2.08293390e-003
    0. 0. 0. 0. 1.57341978e-003 -7.16959417e-004 0. 0. -2.12587020e-003
    2.95756571e-003 0. 0. 0. 8.76273029e-003 0. 0. 0. 3.76511877e-003 0.
    -1.53646164e-003 9.67662781e-003 -6.51926268e-004 -1.15219667e-003
    0. 0. 0. -1.01611977e-005 0. 3.17167910e-003 0. 1.21132727e-003 0.
    0. 7.50705134e-004 0. 4.86758217e-004 0. 0. -6.89475238e-003
    1.85085589e-003 0. 0. 1.20368635e-003 0. 0. 0. 0. 3.13974987e-003 0.
    0. 1.36596290e-003 0. 0. -8.95101868e-004 0. 0. -2.01136665e-003 0.
    0. 0. 0. 9.19500832e-004 0. 0. 0. 0. 1.06578115e-002 0. 0.
    7.51813594e-003 -1.86536997e-003 0. 0. 0. -1.31694449e-003
    1.20436284e-003 0. -1.22572575e-003 2.22255150e-003 0. 0.
    2.56894942e-004 0. 1.09106814e-003 8.01618327e-004 0. 0. 0.
    1.18010379e-002 0. 6.51273225e-003 7.51256375e-005 1.23463077e-002
    0. 1.38481492e-002 1.74128346e-003 1.91358197e-003 0. 0. 0. 0. 0. 0.
    0. 0. 0. 0. 0. 0. 0. 0. 0. 0. 0. 0. 1.10114058e-002 7.19323929e-004
    -5.67522715e-004 0. 0. 0. 1.21853908e-003 0. 0. 1.64861919e-003 0.
    0. 0. 0. 0. 0. 0. 0. 0. 0. 0. 0. 0. 0. 0. 2.03407067e-003 0. 0.
    2.78460491e-003 0. 0. 0. 5.69398375e-003 0. 3.15567316e-003
    2.28835661e-002 0. -3.02912528e-003 0. 0. 0. 1.67975482e-003 0. 0.
    6.14017295e-003 1.76123285e-003 0. 0. 1.67902443e-003
    -2.22295392e-004 0. 0. 4.37855982e-004 0. 0. 0. 0. 1.88771691e-002
    0. 0. 1.60996371e-003 0. 0. 0. 0. -7.88594945e-004 0. 0. 0.
    9.78825614e-003 3.90948029e-003 -1.05208938e-003 -9.42004190e-005
    5.03513590e-003 5.20654162e-003 2.17659026e-003 1.60648150e-003
    -4.30173153e-004 0. 0. 0. 2.80834548e-003 7.80635886e-003
    -1.35165651e-003 0. 2.45535048e-003 0. 9.87978932e-003 0.
    6.31455041e-004 0. -8.24644394e-006 0. -8.07572971e-004 0.
    5.48380800e-003 6.34674542e-003 0. 7.34794792e-003 0. 0. 0. 0. 0.
    7.71542732e-003 0. 0. 0. 1.61428761e-003 0. 0. 0. 0. 0.
    6.33348618e-003 0. 0. 9.03433375e-003 1.12429662e-002 0.
    1.02876930e-003 0. 3.37260426e-003 0. 7.86712859e-003 0. 0. 0.
    -1.03297096e-003 0. 0. 0. 0. 0. 0. 6.45442121e-003 1.51163787e-002
    0. 6.69190951e-004 0. 0. 0. 0. 0. 0. 0. 0. -2.24945555e-003 0. 0. 0.
    -2.80590332e-003 0. 5.48353000e-003 -4.02502809e-003 0. 0. 0. 0.
    3.23615409e-003 0. 3.17158503e-003 0. 7.74036977e-004
    8.75931792e-003 1.30512677e-002 0. 0. 0. 0. 0. 0. 0. 2.00785487e-003
    0. 0. -2.35797907e-003 8.14605225e-003 0. 0. 0. 0. -1.82858936e-003
    2.91840406e-003 0. -7.99036789e-005 0. 0. 0. 2.40753335e-003 0. 0.
    1.19016971e-003 0. 0. 0. 0. 0. 0. 0. 3.81346489e-003 0. 0.
    1.02518303e-002 0. 2.42846156e-003 7.12317275e-003 -5.75779297e-004
    0. 0. 0. 0. 0. 0. 0. 0. 0. 1.80293676e-002 0. 0. 2.40344065e-003 0.
    0. 0. 0. 0. -1.73678622e-003 0. 0. 0. 0. 0. 0. 6.60226040e-004
    2.25012517e-003 1.53602494e-004 0. 0. 0. 7.76066387e-004
    3.55699239e-003 0. 1.14062300e-003 0. 0. 0. 5.22535620e-003 0. 0. 0.
    0. 0. 0. 2.48922426e-002 0. 0. -7.64433411e-004 1.32937112e-003 0.
    0. 2.55611580e-004 0. 1.28140685e-003 -2.69531447e-004 0. 0.
    1.74780586e-003 0. -1.67522801e-003 1.83845544e-003 0. 0.
    -2.42582033e-003 9.62982047e-003 0. 0. 9.29231849e-003 0. 0.
    -3.49858520e-003 3.92865477e-004 0. 0. 0. 0. 0. -1.03299630e-004 0.
    0. 2.11085938e-003 0. 7.66812227e-005 0. 0. -1.74180069e-003 0.
    -2.04396108e-003 -1.44791452e-003 0. 0. 1.48570340e-003 0. 0. 0. 0.
    9.40571446e-003 0. 2.30877078e-003 0. 2.19281460e-003
    2.65480508e-003 1.40048040e-003 1.15972281e-004 0. 0. 0. 0.
    -2.17507884e-004 0. 0. 0. 0. 0. 0. 0. 0. 0. -2.50410230e-004 0. 0.
    4.93955740e-004 0. 2.97415233e-003 0. 0. 0. 0. 0. 0. 0. 0. 0. 0.
    3.83065664e-004 1.05715962e-003 0. 0. 0. 1.75521243e-002
    1.85934128e-003 4.49714856e-003 0. 1.98454713e-003 2.57312506e-003
    0. 0. 0. 0. 1.51296763e-003 0. 0. 0. 0. 6.05142955e-003
    3.95699032e-003 0. 0. 2.56692432e-003 2.43323203e-003 0. 0. 0.
    -1.02631646e-004 0. 0. -1.76750903e-003 -9.80510958e-004 0. 0. 0.
    1.98337715e-003 0. 0. 0. 0. 0. 0. 0. 0. 7.67883332e-003 0.
    6.69005280e-003 1.20043498e-003 0. 0. 1.58378796e-003 0. 0.
    1.79774594e-003 2.38905966e-004 0. 0. 0. 0. 0. 0. 0. 0. 0.
    -2.12247274e-003 0. 0. 0. 0. -8.22176749e-004 -2.14623823e-003 0. 0.
    0. 2.28907517e-003 -1.06162485e-003 0. 1.91348640e-003
    9.33569740e-004 1.06007594e-003 0. 1.30285071e-002 0. 0. 0. 0.
    -2.11299816e-003 0. 0. 1.23151949e-005 0. 0. 0. 0. 0. 0. 0. 0.
    5.16358181e-004 0. 5.50432038e-003 0. 0. 0. 2.43845908e-003
    2.73193559e-003 7.74717075e-004 0. 0. -2.75950157e-003 0.
    1.69793842e-003 0. 0. 0. 0. 0. 0. 0. -7.52286171e-004 0. 0. 0. 0. 0.
    1.07469747e-003 -1.08485727e-003 0. 0. 6.20810408e-003 0. 0.
    5.38689690e-003 0. 1.05882138e-002 1.10504145e-004 0.
    2.77073239e-003 0. 6.71752123e-003 5.23543078e-003 2.15630513e-003
