<?xml version="1.0"?>
<opencv_storage>
<imageDescriptor type_id="opencv-matrix">
  <rows>1</rows>
  <cols>1000</cols>
  <dt>f</dt>
  <data>
    0. 0. 4.32009622e-003 0. 0. 1.18989423e-002 0. 0. 0. 0. 0. 0. 0.
    1.60231045e-003 -1.71024329e-003 0. 0. 9.83343576e-004 0. 0. 0.
    -2.36530628e-004 0. 6.74525625e-004 3.21337068e-003 0.
    5.19342162e-003 0. 0. 5.72738331e-003 0. 8.52830592e-004
    1.59780122e-003 6.77544391e-004 0. 0. 1.42612879e-003 0. 0. 0. 0.
    3.05878418e-003 9.51775536e-003 2.65498017e-003 0. 0. 0. 0. 0.
    2.06088857e-003 0. 0. 0. 0. 0. 2.21396796e-003 0. 0. 0.
    5.97992854e-004 0. 1.06624258e-003 3.32111517e-006 -5.40690962e-003
    5.56349941e-003 0. 1.18048256e-003 0. 0. 0. 1.43711688e-003
    -1.03532989e-003 0. 6.18748879e-003 0. 0. 2.94000818e-003 0. 0. 0.
    1.03146583e-002 0. 0. 0. 1.11058110e-003 0. 0. 0. 0. 5.00156824e-003
    0. 2.37304019e-003 0. 3.51928547e-003 0. 1.59833999e-003 0. 0. 0. 0.
    0. 0. 0. 0. 0. 0. 0. 3.90313263e-003 4.60851006e-003 0. 0. 0. 0. 0.
    0. 4.57200594e-003 4.02266858e-003 1.54439057e-003 1.61523698e-003
    0. 1.50481064e-004 0. 1.30542018e-003 0. 8.59829888e-004
    -4.80759918e-004 0. 1.31311920e-003 0. 0. 3.29974398e-004
    5.21711027e-003 0. 2.91531300e-003 0. 0. 2.16454780e-003
    1.11422641e-002 0. 0. 0. 3.10344738e-004 0. 0. 3.84779437e-003 0.
    4.82373359e-003 -1.25420222e-004 6.67739951e-004 -7.82711548e-004 0.
    3.82381055e-004 0. 0. 0. 0. 0. 0. 9.75953008e-004 1.99849298e-003 0.
    0. 1.40190579e-003 0. 0. 0. 4.91590193e-003 0. 8.43959395e-003 0. 0.
    6.41656952e-005 6.72573689e-003 2.80850334e-003 0. 0. 0.
    4.63393517e-003 -2.47729447e-004 3.49029759e-003 0. 0.
    2.02176115e-003 9.66497988e-004 0. 0. 0. 1.19239592e-003
    -1.46242401e-005 0. 0. 1.05008017e-004 1.05603095e-002 0.
    -3.45031708e-003 0. 0. 1.25514751e-003 8.51101358e-004 0. 0.
    1.58912665e-003 2.26010638e-003 3.31568206e-003 0. 0.
    1.82030827e-003 2.95646978e-003 0. 0. 0. 0. 0. 0. 0. 0.
    3.81787820e-003 0. 3.29634035e-003 0. 0. 1.17179810e-003
    2.04297109e-003 6.98153279e-004 0. 0. 3.88704753e-003
    3.91447713e-004 0. -3.47729307e-004 1.35675119e-003 3.67241621e-004
    3.56619200e-003 0. 0. 8.83692934e-004 0. 1.62055192e-004 0. 0. 0.
    4.94743057e-004 2.48580496e-003 0. 2.48969230e-003 0. 0. 0.
    -6.89937267e-004 -4.66340128e-003 1.62395474e-003 0. 0. 0.
    6.07378315e-003 0. 0. 5.97716868e-003 7.16992654e-003 0. 0. 0. 0.
    1.67947810e-003 0. 0. 5.89193893e-004 0. -1.20382127e-003
    -3.99994111e-004 3.86921689e-003 0. 2.01975019e-003 1.00431163e-002
    -1.74681377e-003 0. 2.33906414e-003 0. 1.43422862e-003 0. 0. 0. 0.
    0. -1.28652842e-003 0. 0. 3.48923635e-003 0. 0. 0. 0.
    -4.30605374e-003 0. 0. 0. 0. 0. 0. 0. 7.30153872e-003
    1.48767268e-003 0. 1.55439810e-003 2.49897316e-003 1.61339194e-002
    0. 0. 0. -7.37733091e-004 0. -9.48568486e-005 0. 0. 0. 0.
    1.72759697e-003 0. 0. 6.41696714e-003 6.06986973e-003 0.
    6.10506278e-004 0. 2.12268159e-003 2.78495532e-003 3.35684046e-003
    0. 3.22319753e-003 1.28202059e-003 1.44277769e-003 -6.41074614e-004
    8.07342306e-003 0. 0. 0. -1.34094909e-003 0. 1.66431954e-003
    4.34895977e-004 3.97708779e-003 0. 6.55330543e-004 0. 0. 0.
    2.17281305e-003 1.32806378e-003 5.32731763e-004 0. 0. 0. 0. 0. 0.
    1.00678601e-003 1.76328211e-003 2.59772455e-003 7.22313486e-003
    4.12645005e-003 2.90071592e-003 2.65492056e-003 4.49326326e-005 0.
    0. 0. 0. 9.27071553e-004 6.27855724e-003 0. 1.26572454e-003 0. 0.
    -5.27879165e-004 0. 0. 3.95217631e-003 1.65534450e-003
    3.36738350e-003 0. 0. 0. 0. 0. 2.10922002e-003 7.69284600e-003 0. 0.
    0. 4.06331336e-003 0. 0. 5.14082029e-004 -2.25439726e-005 0. 0.
    5.40764711e-004 4.22118977e-003 3.67373833e-003 0. 0. 0.
    1.39118126e-003 0. 3.14024277e-003 0. 1.12465327e-003
    1.32805330e-003 0. 0. 0. 0. 1.11947383e-003 0. 0. 0. 0. 0. 0.
    3.31388181e-003 1.04302110e-003 0. 0. 0. 0. 1.68137439e-003
    6.00012136e-005 1.83797628e-003 1.85031455e-003 5.89469634e-003 0.
    2.57811369e-003 6.79699425e-003 0. 8.29757948e-004 0. 0.
    2.18311232e-003 2.70097121e-003 0. 0. 2.09568813e-003 0.
    1.60788116e-003 0. -8.75591941e-005 3.13096168e-003 1.72025536e-003
    0. 0. 0. 0. 0. 0. 1.50489470e-003 0. 0. 0. 0. 0. 0. 1.81929080e-003
    1.64238981e-003 1.27724081e-003 0. 0. 1.78677659e-003
    2.94329831e-003 0. 0. 1.66600733e-003 0. 0. 1.34494714e-003 0. 0.
    7.05031212e-003 -1.05089939e-003 3.87763372e-003 0. 0. 0. 0. 0.
    1.54727459e-004 8.30626301e-003 0. 0. 0. 1.27965072e-003 0. 0. 0.
    5.73158916e-003 0. 0. 0. 1.52044510e-003 0. 4.71377309e-004
    2.34801602e-003 0. 0. 0. 0. 0. 0. 0. 0. 7.18081184e-003 0. 0. 0. 0.
    -2.67572864e-003 0. 0. 1.42414551e-002 3.38442111e-003 0. 0. 0. 0.
    0. 0. 0. 0. 0. 0. 0. 1.26359821e-003 0. 1.67926531e-002 0. 0.
    1.32600463e-003 0. 0. 2.30795215e-003 9.60469712e-003
    5.51676960e-004 4.85292543e-003 0. 4.58237540e-004 0.
    4.35918989e-003 0. 0. 0. 0. 0. 1.86029112e-003 0. 2.15746253e-003
    1.38582103e-003 0. 9.26062465e-004 6.03964366e-003 2.85653397e-003
    1.88906735e-003 0. 2.52950151e-004 0. 8.87571019e-004 0. 0. 0.
    1.82863269e-002 0. 0. 5.81744127e-003 0. 0. 5.96517697e-004 0.
    2.61858734e-003 0. 1.01871789e-003 0. 1.88997912e-003
    -5.47566742e-004 0. 0. -4.97978553e-003 0. 2.22540344e-004
    1.40271161e-003 0. 0. 0. 0. 0. 9.36443219e-004 0. 9.44191066e-004 0.
    0. 0. -2.39303074e-004 0. 1.32897578e-003 1.09781197e-003
    2.31163902e-003 0. 6.47109421e-003 1.19980145e-003 1.87360356e-003
    0. 0. 4.66581108e-003 0. 0. 0. 5.37555665e-004 0. 0. 4.02763282e-004
    0. 5.76910446e-004 0. 0. 0. 0. 1.16817304e-004 0. 0. 0.
    -7.03503669e-004 0. 0. 2.53882981e-003 5.54831326e-003 0.
    5.92447165e-003 0. -1.97649220e-004 0. 0. 0. 2.14610063e-003 0. 0.
    2.21618521e-003 3.60155920e-003 0. 0. 1.88504544e-003 0. 0. 0. 0. 0.
    0. 2.99110101e-003 2.47234455e-003 3.78374639e-003 3.54378461e-003
    0. 2.10291706e-003 3.60088795e-003 0. 0. 0. 0. 0. 4.17846860e-003 0.
    0. 0. 0. 2.59424793e-003 5.61261084e-004 2.14232656e-004 0. 0. 0. 0.
    0. 0. 0. 4.70471056e-003 6.40173256e-003 1.56048276e-002
    -2.50974949e-003 0. 4.23495891e-004 1.30863220e-003 0. 0. 0. 0. 0.
    0. 4.50532371e-003 0. 0. 0. 3.80577054e-003 0. 0. 0.
    -1.41964352e-003 0. 7.94047676e-003 0. 0. 2.08594860e-003
    1.28623215e-003 0. 1.01827439e-002 0. 0. 0. 0. 0. 0. 0. 0.
    1.48022501e-003 0. 1.27323037e-002 0. 2.19869777e-003 0. 0.
    3.01729864e-003 3.21341632e-003 0. 0. 0. 0. 0. 0. 1.95234746e-003 0.
    8.40338471e-004 0. 9.92117450e-004 0. 0. 0. 0. 0. 0. 4.16855415e-004
    0. 0. 0. 0. 0. 0. 0. 1.65470073e-003 0. 0. 0. 0. 0. 0. 0. 0. 0. 0.
    -2.20720147e-004 0. 0. 0. 0. 0. 4.37944848e-003 6.04962479e-005
    2.63309246e-003 2.83708447e-003 2.18942738e-003 6.12414256e-003 0.
    0. 0. 6.75250718e-004 0. 0. 4.44720965e-003 0. 0. 0. 0.
    4.84826695e-003 0. 0. 2.35090405e-003 0. 0. 0. 0. 0. 6.29747927e-004
    -1.47288083e-005 4.80832113e-003 0. 0. 0. 0. 0. 3.00671044e-003 0.
    0. 0. 0. 0. 0. 0. 0. 0. 0. 4.39371634e-003 2.40376848e-003 0.
    8.37368250e-004 1.68683720e-004 6.36531855e-004 4.51039523e-003 0.
    0. 0. 2.69277627e-003 0. 0. 0. 4.12873924e-003 0. 0. 6.78434619e-004
    0. 0. -1.18147233e-003 0. 1.01570168e-003 0. 1.67480821e-003 0.
    7.40238326e-003 0. 1.17555792e-002 5.57849929e-003 -2.32932065e-003
    0. -4.18500014e-004 3.30637587e-004 0. 4.15151677e-004
    -8.70252028e-004 7.28924759e-004 6.87499810e-003 0. 1.89315050e-003
    3.87025438e-003 0. 0. 2.16234080e-003 1.06675783e-003
    -3.89538705e-004 0. 5.28320065e-003 1.51263957e-004 3.45986499e-003
    0. 2.26193923e-003 0. 0. 0. 1.34423876e-003 0. -7.12351990e-004
    1.05341850e-003 0. 1.34251767e-003 2.76123662e-003 0.
    1.19147851e-004 0. 0. 4.22952417e-003 0. 4.40243341e-004 0.
    1.46313570e-003 8.73226381e-004 1.65098859e-003 0. 0. 0. 0. 0. 0. 0.
    0. 1.92057306e-003 -1.02260150e-004 0. -7.99432746e-005 0. 0. 0.
