<?xml version="1.0"?>
<opencv_storage>
<imageDescriptor type_id="opencv-matrix">
  <rows>1</rows>
  <cols>1000</cols>
  <dt>f</dt>
  <data>
    0. 1.89506228e-003 4.07980103e-003 0. 0. -8.72018456e-004 0.
    1.61236082e-003 0. 0. 0. 0. 0. 0. -5.91842167e-004 0.
    1.29957939e-003 0. 0. 0. 0. 0. 0. 0. 1.41321518e-003 0. 0.
    4.09891712e-004 0. -1.46240555e-003 0. 6.65587047e-003
    3.12199292e-004 0. 0. 1.06930011e-003 0. 0. 1.15099654e-003 0. 0.
    2.78894859e-003 6.77251769e-003 0. 0. 0. 0. 0. 4.65355301e-003
    4.26231790e-003 0. 0. 1.44409982e-003 0. 9.14031116e-004
    9.98189673e-003 0. 0. 0. 5.27953822e-003 0. 0. -3.42219020e-004
    -1.43160706e-003 0. 7.69469561e-003 0. 0. 8.94666091e-003 0.
    1.66101265e-004 1.59258973e-002 0. 8.02481256e-004 0. 0.
    3.21380561e-003 0. 0. -4.22528153e-003 0. 6.78331067e-004 0.
    6.57149300e-004 1.16206834e-003 2.26560864e-003 0. 0. 0. 0.
    3.26925609e-003 8.48527625e-003 2.27016909e-003 2.11632159e-003 0.
    2.26734183e-003 0. 0. 7.14138383e-004 0. 0. 0. 0. 1.49761687e-003 0.
    0. 2.75173364e-003 0. 1.16593891e-003 0. 0. 2.28485768e-003
    1.26781306e-004 0. 0. 1.63894228e-003 0. 1.47387460e-002 0. 0. 0. 0.
    1.27901149e-003 0. 5.46642160e-003 1.94963999e-003 0. 0. 0. 0.
    1.09540939e-003 9.35119286e-004 0. 2.19193613e-003 0.
    3.77604668e-003 0. 5.23056556e-003 0. 0. 0. 3.48235550e-003
    -1.07947167e-003 1.64812745e-003 7.38792820e-004 0. 0.
    1.10162538e-003 2.91377795e-003 0. 0. 0. 0. 0. -1.85924509e-004 0.
    0. 0. 0. 1.35098514e-003 0. 0. 0. 0. 0. 0. 8.99529457e-003 0.
    1.61581971e-002 0. 0. 0. 2.90303212e-003 1.46037363e-003
    -4.57405869e-004 0. 0. 0. 0. 2.17681658e-003 0. 0. 0. 0. 0.
    2.88470206e-003 0. 0. 1.37626706e-003 0. 1.60235330e-003
    2.21949932e-003 7.24347169e-003 0. 2.29273317e-003 8.68140603e-004
    0. 4.38819639e-003 -5.78408537e-004 0. 7.69046927e-003 0. 0.
    1.46442826e-003 0. 0. 1.17158447e-003 -1.60988304e-003 0. 0. 0.
    3.19770188e-003 6.04418758e-003 0. 0. 0. 0. 0. 3.94091988e-003 0. 0.
    0. 8.82807188e-003 0. 0. 0. 1.10055681e-003 0. 0. 2.02193833e-003 0.
    0. 0. 0. 0. 0. 0. 0. 1.08104048e-003 0. 3.11558577e-003
    -6.02157670e-004 2.76639499e-003 0. 2.48951884e-003 0. 0. 0. 0.
    3.03013320e-003 -2.38929802e-004 1.99501147e-003 3.18751088e-003 0.
    0. 4.88524442e-004 2.76415469e-003 0. 2.06584134e-003 0.
    6.14184281e-003 3.06964415e-004 0. 0. 0. 0. 0. 0. 1.67982839e-003
    -1.65249652e-003 -1.49532978e-003 -1.47043192e-003 0.
    1.70734562e-002 5.30416332e-003 9.39228851e-003 0. 0.
    -1.85771045e-004 0. 0. 0. 1.53433927e-003 0. -2.48115137e-003
    4.48259525e-003 0. 6.29964704e-003 7.00114155e-003 1.95936929e-003
    3.46122235e-002 1.06178958e-003 -9.24330379e-005 0. 1.04663067e-003
    0. 0. -5.27752051e-003 7.71994353e-004 0. 7.70922052e-004
    5.07118879e-004 0. 0. 0. 0. 1.59698899e-003 0. 0. 7.23616872e-003
    5.11020748e-003 0. 0. 0. 0. 0. 1.44681125e-003 0. 0.
    -7.91710481e-005 2.02079630e-003 3.47109954e-003 0. 2.58119102e-003
    0. 0. 0. 0. -1.80618791e-003 0. 0. 0. 2.94206990e-003 0. 0. 0. 0.
    9.52373957e-004 5.10495622e-003 7.36557739e-003 6.52661081e-003 0.
    2.63000466e-003 0. 0. 1.28374947e-003 1.57578045e-003
    -6.49595924e-004 1.51201501e-003 0. 0. 0. 0. 0. 0. 0. 0. 0.
    6.51088660e-004 0. 0. 0. 0. 0. 0. 0. 0. 9.61873028e-003
    9.36714467e-003 0. 2.93400092e-003 0. 0. 1.68716803e-003 0. 0. 0.
    3.70043889e-003 7.16835447e-003 2.75636744e-003 0. 0. 0. 0. 0.
    8.48475192e-003 0. 5.48990793e-004 6.62771706e-003 3.06872255e-003
    0. 0. 0. -1.51582644e-004 0. 0. 7.37288501e-004 1.40304416e-002 0.
    0. 0. 0. 5.48139261e-003 0. 0. 0. 0. 0. 0. 0. 0. 0. 0. 0. 0. 0. 0.
    0. 0. 8.60842224e-003 4.64338023e-004 0. -7.92899460e-004 0. 0.
    -1.29444583e-003 8.86647787e-004 0. 0. 0. 0. 1.03291171e-003
    1.19830552e-003 0. 0. 0. 0. 0. 0. 0. 0. 0. 0. 0. 0. 0. 0. 0. 0. 0.
    -1.15228933e-003 0. 0. 0. 0. 1.17650675e-002 0. 8.31808953e-004 0.
    0. 0. 2.97598634e-003 0. 0. 0. 1.78194838e-003 0. 0. 0. 0. 0. 0.
    -1.59024697e-004 0. -1.42437324e-003 0. 9.27426910e-004 0. 0. 0. 0.
    -1.16325202e-004 0. 0. 0. 1.94897840e-003 0. 0. 8.16409942e-003 0.
    0. 0. 0. 4.70633735e-004 1.67084881e-003 0. 7.81271979e-003
    3.42125148e-002 2.84420326e-004 0. 0. -1.14171102e-003 0. 0.
    6.53787050e-003 0. 0. 0. 0. 1.40993036e-002 -1.21103215e-003
    2.53474829e-003 3.33699747e-003 0. 3.08343722e-003 0. 0.
    -5.67723706e-004 0. 0. 0. 0. 1.47082086e-003 0. 4.19050967e-003 0.
    0. 1.33521436e-002 0. 0. 0. 0. 0. 3.28765274e-003 0. 5.94393956e-003
    0. 3.08924494e-003 -4.90874576e-004 1.18967488e-004 0.
    -1.66357655e-004 0. 3.84938088e-003 0. 4.38551418e-003 0. 0. 0. 0.
    0. 4.63675102e-003 0. 0. 4.74858237e-003 0. 3.50270513e-003 0. 0. 0.
    0. 0. 0. 2.40054936e-003 0. 2.94046919e-003 0. 0. 0. 0.
    1.33860689e-002 0. -1.08251523e-003 0. 0. 0. 0. 0. 0.
    7.52252247e-003 0. 0. 0. -2.39660940e-003 0. 1.12786854e-003 0. 0.
    0. -1.22271513e-003 0. 0. 0. 2.34871847e-003 -2.10844260e-003 0. 0.
    0. 0. 0. 0. 0. 1.85621285e-003 0. -3.17971018e-004 2.58885976e-003
    -1.74426392e-003 0. 1.43038121e-003 -1.61103904e-003 0.
    1.81052648e-003 0. 5.21417847e-003 0. 0. 0. 0. 8.07745266e-004
    5.48882084e-003 3.76846292e-004 0. 0. 0. 0. 0. 0. 0. 0.
    3.26713966e-003 0. 0. 0. 0. 0. -8.10587197e-004 0. 0.
    -8.23695620e-004 0. 0. 0. 8.22486728e-003 1.04466279e-003 0.
    2.47870851e-003 1.72542536e-003 0. 0. 0. 0. 0. 3.61419516e-004
    -1.39162038e-003 5.32497605e-003 0. 0. 5.42029878e-003 0. 0. 0. 0.
    0. 0. 1.14754285e-003 0. 0. 3.84851213e-004 0. 0. 0. 5.22228656e-003
    2.69434671e-003 0. 0. 7.49785220e-003 0. 2.84042815e-003 0.
    3.63038635e-005 0. 5.16858045e-003 2.85557262e-003 -2.23308452e-003
    0. 0. -7.83992291e-004 0. 3.86562920e-003 -1.62868039e-003 0. 0. 0.
    3.88358650e-003 0. 2.18430487e-003 0. 0. 0. 0. 0. 4.45454149e-003
    1.55741826e-003 1.86304434e-003 0. 0. 0. 0. -2.69515469e-004
    7.55942310e-004 0. 0. 0. 0. 0. 0. 0. 0. 0. 9.04235116e-004
    5.92252333e-003 0. 1.88306917e-003 0. 3.46340612e-003 0. 0.
    3.96762975e-003 0. 0. 0. 0. 0. 0. 0. 1.61982363e-003 4.63700993e-003
    0. 9.11776908e-003 0. 0. 0. 0. 0. -1.19942822e-003 0. 0. 0. 0. 0.
    5.55301551e-004 0. 0. 0. 2.02867179e-003 0. 0. 0. 0. 0. 0. 0.
    -2.49929586e-003 4.88598086e-003 0. 0. 1.26943819e-003
    1.44745056e-002 2.50844378e-003 0. -1.47742184e-003 3.51282069e-003
    0. 2.32692412e-003 0. 0. 2.29534367e-003 0. 1.66862807e-003 0. 0.
    1.35353524e-002 0. 4.10849834e-003 0. 0. 0. 0. 0. 5.87901333e-003 0.
    0. 0. 4.35807684e-004 0. 6.84004975e-003 0. 0. 0. 3.01095634e-003 0.
    0. 0. 4.38862853e-003 0. 0. 1.60023116e-003 5.29614976e-004 0.
    3.11267329e-003 -5.03258139e-004 0. 2.01815114e-004 0. 0.
    2.30028667e-003 0. 0. 0. 1.15765294e-003 0. 0. 0. 0. 0. 0.
    5.20381902e-004 0. 0. 0. 0. 0. 6.83667092e-003 4.95894579e-003
    -1.25362305e-003 1.99725549e-003 0. 0. 0. 0. 8.69602337e-003 0.
    8.20141658e-003 4.72999550e-003 2.75040674e-003 0. -1.51352200e-003
    0. 0. 0. 2.87983497e-003 6.81922026e-003 0. 2.45290715e-003 0. 0.
    2.22985167e-003 0. 0. 0. 0. 8.79672007e-004 1.04028604e-003 0. 0. 0.
    0. 0. 0. 0. -2.53595819e-004 0. 0. 1.12055743e-003 0. 0.
    1.48361537e-003 0. 0. 0. 0. 2.63109826e-003 0. -6.35850127e-004 0.
    0. -2.10453494e-004 0. 0. 1.97858922e-003 4.84087924e-003 0. 0. 0.
    0. 0. 0. -4.45997156e-003 6.61287282e-004 2.66201270e-004
    2.69306405e-003 1.07078981e-002 0. 4.17902926e-003 0. 0.
    -1.40107571e-004 0. 5.45077538e-003 0. 0. -1.13763544e-003 0.
    2.12497450e-003 0. 0. 4.82183602e-003 0. 0. 0. 0. 0. 0.
    -1.75265281e-003 0. 0. 0. 0. 2.66032713e-003 0. 0. 0.
    1.71537267e-003 0. -1.74652995e-003 0. 0. 1.31163653e-003 0.
    -1.91476836e-003 0. 0. 9.45928565e-004 3.85943381e-003 0. 0.
    -1.17372058e-003 0. 0. 0. 0. 2.20819842e-003 -1.21270388e-003 0. 0.
    0. 0. 0. 2.98852404e-003 0. 2.88328133e-003 0. 0. 1.49130309e-003
