<?xml version="1.0"?>
<opencv_storage>
<imageDescriptor type_id="opencv-matrix">
  <rows>1</rows>
  <cols>1000</cols>
  <dt>f</dt>
  <data>
    1.26728602e-003 0. 0. 0. 0. -2.51375581e-003 2.10904307e-003 0. 0.
    0. 0. 0. 0. 0. 2.96982215e-003 8.53569433e-003 0. 0. 0. 0. 0. 0. 0.
    0. 3.61305587e-002 0. 5.11841208e-004 0. 0. 0. 0. 7.28956982e-003 0.
    0. 0. 0. 0. 0. -7.52422726e-004 0. 3.70654068e-003 0.
    -2.27822689e-004 0. 0. 0. 0. 0. 0. 0. 3.36508965e-003 0. 0. 0. 0.
    3.50456056e-003 2.00838968e-003 0. 0. 0. 0. -3.77563969e-003 0. 0.
    0. 0. 0. 1.01049012e-002 -9.36261495e-004 -5.16836881e-004 0. 0. 0.
    2.37097684e-003 0. 0. 1.35544746e-003 2.50476366e-003 0. 0. 0. 0. 0.
    0. 0. 1.90839765e-003 0. 0. 3.33615369e-003 0. 0. 6.68903580e-004 0.
    2.33820919e-003 -2.15770327e-003 0. 1.08878035e-002 0. 0.
    1.66557636e-003 0. 0. 0. 0. 0. 6.84918417e-003 0. 6.21977844e-004 0.
    0. 5.54933399e-003 0. 1.59400105e-002 0. 0. 2.23384541e-003
    2.91497703e-003 3.34166805e-003 0. 0. -3.21908956e-005 0.
    8.15812312e-003 5.79526473e-004 1.34205009e-004 -1.46734994e-003 0.
    -1.68257568e-003 0. 0. 0. 0. 0. 0. 0. 3.80784128e-004
    6.16157940e-003 0. 1.75110283e-004 3.88343376e-003 0. 0. 0. 0.
    -1.88460923e-004 0. 0. -1.48992497e-003 2.35975464e-003 0.
    3.78615316e-003 0. 6.00335281e-003 0. 0. 2.82956427e-003 0. 0. 0. 0.
    -6.52485155e-003 0. 0. 0. 0. 0. 0. 0. 0. 0. 0. 2.85126758e-003 0.
    4.19237232e-003 2.93249893e-003 9.29236505e-003 0. 0.
    4.06981586e-003 1.55481661e-003 0. 8.63904320e-003 6.34551467e-003
    0. 0. 0. 0. 1.12874212e-003 0. 6.00848859e-003 -8.08205165e-004 0.
    3.76697537e-003 0. -8.20920523e-003 3.05448356e-003 0.
    -1.39972882e-003 0. 0. 0. 3.30203352e-003 0. 0. 0. 0.
    1.82102562e-003 0. 0. 0. 8.54224619e-003 0. 0. 0. 0. 2.59221764e-003
    0. 0. 1.76090735e-003 0. 0. 3.94962262e-004 -8.09698133e-004 0.
    2.17360421e-003 0. 1.56050180e-006 0. 0. 0. 0. 0. 0. 0.
    1.59233867e-003 0. 0. 0. 0. 0. 0. 1.61405082e-003 0. 0.
    1.07266125e-003 7.31608551e-003 0. 0. 0. -5.99433668e-004 0.
    -6.04697503e-004 5.42474398e-003 0. 0. 0. 1.97485395e-004
    1.10955490e-003 -1.64049841e-003 0. 0. 0. 0. 0. 0. 0.
    3.51620815e-003 0. 0. 2.71208165e-003 0. 0. 0. 0. 0. 1.06283136e-004
    1.28963590e-003 0. 0. 0. 1.09164119e-002 0. 6.52602548e-003
    3.25228274e-003 0. 0. 0. 0. 2.37853313e-003 0. 0. 7.57790310e-003 0.
    0. 0. 0. 0. 0. 0. 0. 1.60541182e-004 7.46127171e-003 0. 0. 0.
    3.06371413e-003 0. 0. 1.33664533e-002 0. 0. -9.80232508e-005 0.
    -2.36831693e-004 0. 0. 0. 0. 0. 0. 0. 0. 0. 0. 0. 3.31495237e-003
    6.40746718e-003 0. 0. 0. 0. 0. 0. 1.42644078e-003 0. 0. 0. 0. 0.
    -1.31807139e-003 0. 0. -7.40780320e-004 0. 1.62053586e-003 0. 0. 0.
    4.44453862e-003 0. 0. 0. 0. 3.75265838e-003 0. 5.46756154e-003 0. 0.
    9.73464281e-004 0. 0. 0. 0. 3.03383428e-003 6.22646138e-003 0. 0. 0.
    8.53262097e-003 0. -1.71750248e-003 0. 0. 2.51591275e-003 0. 0. 0.
    0. 3.70324380e-003 1.46374258e-003 1.62633587e-004 1.70306885e-005
    0. 0. 1.68152514e-003 1.99853117e-003 9.27846471e-004 0.
    2.68851267e-003 3.85284470e-003 3.01125576e-003 -8.04812531e-004 0.
    -2.75239698e-003 0. 0. 0. 0. 0. 0. 0. 2.69449479e-003
    7.22137373e-003 9.94634815e-004 0. 0. 1.06667364e-002 0. 0.
    1.50333124e-003 0. -7.90913706e-004 0. 0. 0. 0. 0. 0. 0. 0.
    -3.47419712e-003 0. 4.36916715e-003 0. 0. 0. 1.62056684e-002
    3.55573790e-003 0. 0. 0. 0. 0. 1.70784537e-004 2.47653108e-004 0. 0.
    0. 5.92439901e-003 0. 0. 0. 6.51578093e-003 0. 0. 0. 0. 0. 0. 0.
    4.96757124e-003 0. 1.33914815e-003 0. 0. 0. -3.72486800e-004 0.
    1.44027383e-003 0. 3.58867343e-003 0. 0. 1.95195887e-003
    2.04915600e-003 1.07108997e-002 5.46936781e-006 0. 0.
    4.73513315e-003 0. 0. 5.86551055e-003 0. 0. 0. 0. 2.13635108e-003
    4.24106076e-007 0. 0. 0. 0. 0. 1.29879580e-003 0. 0. 0. 0. 0.
    5.49884466e-003 1.70561392e-003 0. 2.77155382e-003 0. 0. 0. 0. 0. 0.
    0. 0. -6.45740889e-004 0. 0. 0. 2.17985339e-003 0. 0. 0.
    2.37882393e-003 0. 0. 0. 0. 0. 0. 1.69015361e-003 8.36773193e-004
    1.58712361e-003 0. 0. 0. 8.20489600e-003 0. 1.74464460e-003
    2.22746772e-003 0. 0. 0. 0. 0. 0. 1.34048890e-003 0. 1.40770571e-002
    0. 2.12502899e-003 -2.76499847e-003 7.64811761e-004 1.61538292e-002
    0. 0. 6.61882432e-003 0. 0. 0. 0. 0. 0. 0. 0. 0. 1.07057043e-003
    2.09178939e-003 0. 1.43042114e-003 5.92003157e-003 0. 0. 0.
    1.00764912e-003 0. 0. 0. 0. 0. 0. 0. 0. -3.68641317e-003 0. 0. 0. 0.
    0. 0. 4.95876709e-004 0. 3.87123646e-003 1.01101883e-002
    -2.57022306e-003 0. 8.42280779e-003 0. 0. 2.15432933e-003 0. 0. 0.
    0. 0. 0. -8.12545884e-004 1.37576647e-003 0. 0. 9.05842462e-004
    9.99839860e-004 1.97410816e-003 1.16823399e-002 1.13623254e-002 0.
    0. 0. 0. 0. 3.54327960e-003 0. 0. 0. 1.24494347e-003 0. 0. 0. 0. 0.
    2.18639569e-003 0. 2.70270859e-003 2.00525671e-003 0. 0.
    6.33167010e-003 0. 0. 0. 2.27009645e-003 0. 0. 3.00343824e-003 0. 0.
    0. 0. 8.83830804e-003 0. 0. 0. 4.78761643e-003 0. 2.51310924e-003 0.
    3.93914199e-003 0. 0. 0. 0. 0. -1.71302096e-003 0. 0.
    1.81803247e-003 0. 8.90478119e-003 0. 2.92875501e-003
    1.88108347e-002 0. 3.15335020e-003 1.45842759e-002 2.29807501e-003
    0. 0. 0. 0. 2.67646350e-002 0. 5.37946308e-003 0. 1.95680885e-003 0.
    0. 0. 0. 0. 0. 4.47501708e-003 0. 0. 2.55671213e-003
    -1.57056595e-004 0. -2.87540536e-003 0. 0. 0. 0. 0. 0.
    2.07143393e-003 0. 0. 0. 7.10689416e-003 0. 0. 0. 0. 4.37959377e-003
    0. 0. 6.77198463e-004 3.84146319e-004 0. 0. 0. 0. 3.45929665e-003
    1.32053485e-003 3.64031270e-003 5.18153794e-003 2.80534825e-003 0.
    0. 0. 0. 0. 2.14922242e-003 0. 5.75800987e-005 1.64738053e-003 0. 0.
    2.08120681e-002 0. 0. 0. 0. 0. 0. 0. 1.25540493e-004 0. 0. 0. 0. 0.
    0. 0. 0. 3.31626786e-003 0. 0. 0. 0. 0. 0. 0. 0. 0. 0.
    1.11786742e-003 0. 0. 5.29639982e-003 0. 0. 0. 0. -5.00781834e-003
    0. 0. 0. 0. 0. 0. 6.61233300e-003 0. 0. 0. 0. 1.26335025e-002
    3.90041596e-003 0. 1.47188327e-003 0. 6.43048901e-004 0. 0. 0.
    2.85247341e-003 0. 0. 0. 4.68954444e-003 0. 0. 0. 0. 1.94806862e-003
    0. 0. 0. 0. 0. 1.52383337e-003 0. 0. 1.44013495e-003 0. 0. 0.
    -1.29994343e-003 0. 0. 0. 0. 0. 3.27236112e-003 4.25159902e-004 0.
    -4.02049907e-003 0. 4.78336914e-003 1.43436552e-003 0. 0.
    1.84779859e-003 0. 7.02439749e-004 0. 0. 0. 1.58569461e-003 0.
    1.90415024e-003 9.68832057e-004 -5.20434987e-004 -4.60975192e-004 0.
    0. 0. 0. 0. 0. 2.31204391e-003 0. 4.66528407e-004 0. 0. 0. 0. 0. 0.
    0. 8.75749346e-003 1.81217364e-003 1.69300602e-003 7.33581139e-003
    3.11771990e-003 8.70819017e-003 2.33703409e-003 0. 0. 0. 0. 0.
    2.10342947e-002 0. 0. 0. 1.53107860e-003 0. 0. 0. 0. 0. 0. 0. 0. 0.
    -1.33735724e-004 2.07167794e-003 0. 0. 0. 0. 0. 0. 0. 0. 0.
    9.79059041e-005 0. 0. 0. -1.60834705e-003 0. 2.86854361e-003
    1.79432482e-002 0. 0. 0. 0. 0. 0. 0. 0. 0. 0. 0. 0. 0. 0. 0. 0.
    9.23952647e-003 0. 0. -2.33709859e-003 5.31698344e-003 0. 0.
    1.67034706e-003 0. 0. 0. 0. 0. 1.20960386e-003 0. 0. 1.35672409e-002
    0. 0. 0. 0. 0. 2.51700822e-003 0. 0. 1.18190702e-003 5.65486589e-005
    -5.26635908e-003 0. 0. -1.38376921e-003 0. 0. 1.86449313e-003 0. 0.
    6.08926080e-003 1.15375710e-003 0. 0. 0. 0. 0. -1.66751619e-003 0.
    0. 0. 0. 0. -1.34037354e-003 0. 4.50716773e-003 0. 0. 0. 0.
    2.83622481e-002 0. -9.23381187e-004 0. 0. 0. 0. 0. 7.43508013e-003
    0. 4.23464598e-003 0. 5.21501817e-004 0. 0. 4.22558933e-003
    3.03444895e-003 0. 0. 5.09575987e-003 0. 0. 0. 0. 0. 0.
    2.91400589e-003 0. 0. 8.97901040e-003 0. 0. -1.18428655e-003 0.
    -1.10935501e-003 0. 0.</data></imageDescriptor>
</opencv_storage>
