<?xml version="1.0"?>
<opencv_storage>
<imageDescriptor type_id="opencv-matrix">
  <rows>1</rows>
  <cols>1000</cols>
  <dt>f</dt>
  <data>
    0. 0. 0. 0. 0. 0. 0. 0. 0. 0. 0. 0. 0. 0. 3.78131313e-004
    9.73578135e-004 0. 0. 0. 0. 2.06760387e-003 0. 0. 8.65450036e-003
    -6.07835362e-004 0. 2.38566194e-003 0. 0. 0. 0. 1.47509971e-003
    4.27547982e-003 0. 0. 3.48154292e-003 0. 0. 2.09595705e-003
    -1.13254832e-003 3.24628025e-004 3.56421410e-003 0. 3.07939597e-004
    0. 0. 1.75662048e-003 1.46109029e-003 0. 9.23987757e-003
    5.52292168e-003 4.31995466e-003 4.48136358e-003 0. 6.37372397e-003
    0. 0. 0. 0. 2.48215930e-003 0. 2.94623268e-003 5.41171571e-003 0. 0.
    0. 2.82178307e-003 7.81408511e-004 1.40581308e-002 -6.90011424e-004
    0. -7.16883951e-005 0. 0. 0. 1.52285281e-003 0. 0. 0. 0.
    7.70201441e-004 0. 1.23158784e-003 2.16668086e-005 5.63223427e-003
    0. 0. 8.58206023e-003 5.02262823e-003 1.18642289e-003 0.
    1.75149448e-003 0. 3.04657524e-003 0. 0. 0. 0. -2.19805166e-003 0.
    0. 0. 0. 4.71534999e-003 0. 0. 0. -4.00975026e-004 0. 0.
    -1.42508186e-003 1.01912096e-002 0. 0. 0. 0. 0. 2.45667179e-003 0.
    0. -1.26630859e-003 0. 6.45716814e-003 0. 2.76866229e-003 0. 0. 0.
    0. 0. -9.64256469e-004 0. 0. 0. 0. 9.47462860e-003 0.
    1.29991421e-003 2.77282251e-003 6.77276775e-003 0. 4.59910429e-004
    -3.53479089e-004 0. 4.30545723e-003 1.77034491e-003 -1.12540659e-003
    -2.08978148e-004 6.55875914e-003 0. 5.39711630e-003 0. 0. 0. 0.
    8.21982417e-003 0. 0. 2.61113863e-003 2.65856343e-003 0. 0. 0. 0.
    1.09814527e-003 0. 0. 0. 4.74455720e-003 0. 0. -2.88355623e-005 0.
    0. 6.13779202e-003 0. 0. 0. 0. 0. 0. 0. 0. 7.59161683e-003
    3.30492691e-003 1.35893363e-003 0. 2.09997804e-003 0.
    1.37354189e-003 -3.93111579e-004 3.53887631e-003 -2.49644136e-003 0.
    -7.17006100e-004 -1.14590512e-004 0. 0. 0. 0. -7.17062096e-004
    8.75884295e-003 0. 0. 0. 9.93249123e-004 5.65408729e-003
    -3.00767180e-003 3.65069229e-003 0. 4.04898589e-003 1.34024490e-003
    0. 0. 0. -8.41780799e-004 -6.71850343e-004 0. 2.18433770e-003 0. 0.
    0. 1.12847215e-003 0. 4.91055707e-003 0. 0. 0. 0. 0.
    -7.15300615e-004 0. 8.41432810e-003 0. 0. 0. 0. 0. 0. 0. 0. 0.
    2.30190950e-003 0. 0. 4.40065254e-004 0. -2.69140676e-003 0. 0.
    5.68759488e-003 0. 9.59133380e-004 0. 0. 6.75972493e-004 0. 0.
    3.51429102e-003 0. 0. 0. 0. 0. 3.50581273e-003 5.72668295e-003
    -1.34616764e-003 0. 0. 1.94958982e-003 0. 2.69678654e-003 0.
    4.90400102e-003 0. 0. 0. 0. 8.15658364e-003 0. 7.65402685e-004 0.
    2.22496013e-003 0. 1.40134641e-003 0. 0. 2.69480259e-003
    2.55565904e-003 0. 0. 4.74611821e-004 0. 0. 0. 0. 0. 1.55638973e-003
    7.08711147e-003 2.63902172e-003 0. 2.25842930e-003 0. 0.
    1.55547271e-002 1.96461828e-004 0. 0. 0. 0. 0. 0. 0. 0.
    5.52531285e-003 5.03551867e-003 -2.62938999e-003 0. 0.
    5.37078176e-003 4.51678596e-003 5.07127028e-003 2.47062533e-004 0.
    0. 7.47190695e-003 0. 0. 3.01942020e-003 1.01840002e-002
    1.18298805e-003 2.09331815e-003 0. 0. 0. 0. -3.03012115e-004 0. 0.
    0. 0. 0. -1.02222217e-002 7.00304564e-003 0. 1.00685824e-002 0. 0.
    4.20456100e-003 0. 2.72536161e-003 0. 0. 0. 0. 0. 0. 0. 0. 0.
    1.46596367e-003 0. 0. 9.50866472e-003 0. 0. 0. 1.37320848e-003 0. 0.
    0. 0. 0. 0. 0. 0. 0. 0. 1.02354842e-003 6.49703573e-003 0. 0. 0. 0.
    0. 1.60055072e-003 0. -1.47043273e-003 3.28560569e-003
    -1.41085315e-004 4.08536522e-004 0. 0. 0. 2.22189981e-003 0. 0.
    6.30575698e-003 0. 0. 0. 1.51884125e-003 1.89925355e-004
    1.26862631e-003 0. 0. 2.62029143e-003 1.12316676e-003 0.
    9.44074988e-003 3.50292400e-003 1.15699798e-003 1.22729363e-003 0.
    0. 3.49363050e-004 0. 0. 1.21922290e-003 0. 4.46061278e-003 0. 0.
    3.12331412e-003 0. 0. 0. 0. 8.59353517e-004 0. 0. 1.22913178e-002
    7.37089152e-003 -1.20254408e-003 6.73561881e-004 0. 0.
    3.66262812e-003 0. 5.85967582e-003 0. 6.59203914e-004
    2.60558096e-003 0. 0. 0. 0. 0. 2.29617469e-002 0. 0. 0.
    1.02784683e-003 0. 0. 0. 0. 0. 0. 3.42181913e-004 3.13704507e-003 0.
    3.11780395e-003 0. 1.10194637e-002 3.20347887e-003 0. 0.
    2.95373402e-003 0. 0. 0. 1.36760285e-003 0. 0. 5.14645981e-005
    3.09831668e-002 0. 4.55763051e-003 0. 0. 0. 0. 0. 0. 0. 0. 0. 0.
    -2.40056869e-003 0. 0. 0. 0. 0. 0. 3.91348358e-003 0.
    5.91090706e-004 0. 0. 0. 9.96890361e-004 0. 0. 0. 7.98971299e-003 0.
    0. 3.62869259e-003 6.47013448e-003 0. 1.61468377e-003 0.
    -1.34115911e-003 4.35604015e-003 2.10103416e-003 6.25879224e-003 0.
    0. 0. 8.88640992e-003 1.79412193e-003 0. 0. 0. 8.89658369e-003
    4.16725455e-003 0. 0. 9.68902896e-004 0. 3.99273075e-003 0.
    1.04376546e-003 0. 0. 2.91013857e-004 0. 6.83596544e-003
    2.36351322e-003 0. 0. 6.27235335e-004 0. -2.96296226e-003 0. 0. 0.
    0. 0. 0. 0. 0. 1.48101035e-003 0. 3.01363482e-003 -2.52752361e-004
    9.21194151e-004 0. 2.15299282e-004 5.66048780e-004 0.
    2.58015608e-003 0. 0. 0. 1.38676586e-003 0. 0. 0. 0. 0. 0. 0.
    5.88852097e-004 0. 0. 0. 0. 5.27488883e-004 0. 0. 0. 0. 0.
    -1.01006834e-003 0. 0. 0. 7.19353231e-003 0. 0. 3.97133967e-003 0.
    0. 0. 1.09488610e-003 0. 0. 6.62724627e-003 2.95210490e-003 0. 0. 0.
    0. 7.49485509e-004 0. 0. -1.43090298e-003 0. -1.26780791e-003
    7.00183539e-003 0. 0. 7.25022005e-003 0. 0. 0. -2.85465358e-004
    -6.31437078e-003 5.38209407e-003 0. 3.92322056e-003 0. 0.
    3.15402751e-004 0. 0. 0. 0. 0. 0. 4.04058956e-003 5.46293566e-003 0.
    1.09756161e-002 1.95032998e-003 0. 0. 0. 0. 0. 4.01671464e-003 0. 0.
    1.72595956e-005 0. 0. -2.70783855e-003 0. 0. 0. 2.37030932e-003 0.
    6.46381115e-004 1.58787749e-004 6.70312764e-003 -3.53681709e-004 0.
    0. 1.84393569e-003 0. 0. 0. 0. 1.86191034e-003 0. 4.17509349e-004 0.
    -1.28559803e-003 5.06694755e-003 0. 0. 0. 0. 0. 0. 0. 0. 0. 0. 0. 0.
    0. 0. -1.32031737e-005 1.25541643e-003 0. 0. 0. 0. 0. 0.
    -1.56829064e-003 2.65560695e-003 1.08436625e-002 -3.14128422e-003 0.
    3.90292029e-003 0. 1.91246043e-003 0. 0. 0. 0. 3.39186820e-003 0. 0.
    1.33792497e-002 2.70214048e-003 0. 0. 0. 0. 0. 0. 0. 5.48826531e-004
    0. 2.88865552e-003 -3.19839659e-004 0. 0. 5.08283172e-003 0. 0. 0.
    0. 0. 0. 0. 0. 0. 0. 0. 5.53167565e-003 0. 0. 0. 6.64676307e-003
    2.63300538e-003 -6.12403150e-004 0. 2.53953878e-003 0. 0. 0.
    1.89488265e-003 0. 5.38496650e-004 0. -3.24086333e-003 0. 0.
    -4.68233600e-004 0. 1.82980765e-002 0. 0. -1.21868588e-003 0. 0. 0.
    0. 0. 2.82536540e-003 1.45030918e-003 0. 2.71803257e-003 0. 0. 0. 0.
    0. -1.23793224e-003 3.76640796e-003 4.36972681e-004 0. 0. 0. 0. 0.
    0. 0. 0. 0. 0. 0. 4.65213088e-003 6.10925723e-003 0. 1.84934202e-003
    0. 0. 8.34586099e-004 1.21215230e-003 1.27243716e-003
    3.49914166e-003 0. 0. 0. 0. 0. 0. 0. 0. 0. 0. 0. 0. 0.
    2.63337325e-003 0. 0. 0. 0. 0. 0. 5.20858681e-003 0. 0.
    5.23644872e-003 0. 8.10872938e-004 0. 0. 0. 3.65241058e-003 0. 0. 0.
    0. 8.20956833e-004 0. 1.78236037e-003 0. 0. 2.51495658e-004 0. 0. 0.
    0. 2.04778113e-003 0. 0. -1.01343368e-003 0. 0. 0. 0. 0. 0. 0. 0.
    5.29586477e-003 0. 0. 6.32251939e-003 1.27202086e-003 0.
    -6.77732460e-004 6.06340310e-003 2.96361954e-003 0. -5.48836833e-004
    0. 0. 1.00274747e-002 7.04179285e-004 0. 0. 0. 0. 0. 0.
    8.67312890e-004 0. -5.06551587e-004 -1.16196496e-003 3.48679314e-004
    2.06191512e-003 1.19507604e-003 0. 0. 1.01847574e-003 0. 0. 0. 0. 0.
    0. 0. 0. 0. 0. 1.80333864e-003 2.73430371e-003 0. 1.64625351e-004 0.
    3.21433204e-003 2.52165040e-003 0. 0. 9.15736600e-004 0. 0. 0. 0.
    -4.27177059e-004 -1.71424676e-004 0. 1.43590267e-003 0. 0. 0. 0. 0.
    0. 0. 0. 0. 3.31063499e-003 0. 0. 1.44139223e-003 0. 0. 0. 0. 0.
    9.93515924e-003 0. 5.78507176e-003 0. 1.04425917e-003
    1.10938126e-004 0. 4.19543241e-004 0. 0. 0. 0. 2.32126302e-004 0. 0.
    1.18818029e-003 0. 0. 0. 0. -4.02725884e-004 2.68958305e-004 0. 0.
    0. 0. 9.51924920e-003 5.16716251e-003 0. 0. 0. 0. 0. 1.00304745e-002
