<?xml version="1.0"?>
<opencv_storage>
<imageDescriptor type_id="opencv-matrix">
  <rows>1</rows>
  <cols>1000</cols>
  <dt>f</dt>
  <data>
    0. 0. 3.22638080e-003 0. -1.84256409e-004 0. 4.82807448e-003 0. 0.
    0. 4.78749542e-004 0. 0. 0. 0. 5.29735489e-003 0. 0. 0. 0.
    6.37210626e-003 0. 0. 0. 0. 0. 4.17810818e-003 1.01329712e-003 0. 0.
    6.57553086e-004 -1.07905755e-004 0. 0. 0. 0. 0. 0. -4.43139550e-004
    9.33286618e-004 2.22185190e-004 1.37692802e-002 0. 7.19901547e-003
    0. 0. 0. 0. 0. 4.91805049e-003 1.16311130e-003 0. 0. 0. 0. 0.
    -5.95325488e-004 0. 0. -1.79916027e-003 0. 4.77888994e-003 0. 0. 0.
    2.32310221e-003 0. 4.13575117e-003 2.88088154e-003 2.76174210e-003
    0. -3.70373810e-003 1.67445827e-003 2.04239390e-003 0. 0.
    1.01812987e-003 3.20761534e-003 0. 0. 5.55883674e-003 0. 0. 0. 0. 0.
    0. -2.08852673e-003 -1.45549432e-003 1.82373609e-004 1.36243608e-002
    1.35876890e-003 4.96017141e-003 1.32352682e-002 0. 0.
    3.34400940e-003 0. 0. 0. 4.95095085e-003 -3.36215589e-006 0. 0. 0.
    0. 4.07467876e-003 0. 0. 0. 0. 1.11512537e-003 0. 0. 0. 0. 0. 0. 0.
    0. 0. 1.58906833e-003 3.29032773e-003 0. 3.24379723e-003
    -1.93532999e-003 1.43243163e-003 2.58013909e-003 0. 2.53001763e-003
    7.29172432e-004 0. 0. 4.55309032e-003 0. -1.42284296e-003 0.
    6.11911388e-003 0. 0. 0. 3.79489688e-003 4.83037997e-003
    1.14498264e-003 1.10641087e-003 1.18011911e-003 0. 6.75537798e-004
    4.85507725e-003 1.49200007e-003 1.71397789e-003 0. 0. 0. 0.
    2.90437439e-003 7.52203399e-004 7.73026654e-003 0. 0. 0. 0. 0. 0. 0.
    0. 6.81822421e-003 0. 0. 0. 0. 3.30425985e-003 2.20012548e-003
    2.37138965e-003 3.25793633e-003 -1.02713285e-003 3.00717331e-003 0.
    0. 0. 0. 0. 0. 0. 0. 1.22465251e-003 0. 3.83591838e-003
    4.62566502e-004 0. 0. 0. 0. 0. 0. 0. 0. 0. 0. 0. 0. 0. 0. 0.
    7.89774116e-003 0. 0. 8.54982715e-003 0. 0. 0. 4.83057182e-003
    9.40066483e-003 0. -2.07002391e-003 0. 2.15799036e-003 0.
    8.70275544e-004 0. 0. 0. -1.02379010e-003 0. 4.79598953e-007 0. 0.
    3.11181019e-003 0. 9.19080712e-003 0. 5.14264777e-003 0.
    -9.33882874e-003 -5.78239327e-004 -2.05308446e-004 1.74408907e-003
    0. 0. 2.86604953e-003 0. 0. 3.39141348e-003 2.34165671e-003 0. 0. 0.
    0. 0. 9.44258086e-003 0. 0. 5.23968553e-003 0. 0. 0.
    -4.26539127e-003 0. 0. 0. 0. 9.32941679e-003 0. -3.62982345e-003 0.
    1.53207663e-003 4.07632021e-003 0. 0. 1.48519187e-003 0. 0.
    2.39194790e-003 -5.22414939e-006 7.50652456e-004 0. 0. 0. 0.
    7.12971529e-003 8.12912732e-003 0. 2.43642228e-003 -9.93069028e-004
    0. 0. 3.70644522e-003 0. 9.55860596e-004 0. 0. 1.04648678e-003
    9.06898989e-004 0. 0. 0. 0. 1.55008528e-002 0. 0. 0. 4.73274151e-003
    0. 0. 5.60994567e-006 6.26806461e-004 0. 3.09669622e-003 0. 0. 0.
    -4.54515044e-004 0. 0. 4.49200021e-003 1.06652151e-003 0.
    2.23518629e-003 0. 0. 0. 0. 4.64760838e-003 0. 3.77395656e-003 0.
    2.19688006e-003 2.77949753e-003 0. 1.69921375e-003 2.04188772e-003
    0. 0. 0. 0. 0. 0. 0. 0. 2.60210270e-003 -1.44979521e-003 0.
    6.88649656e-004 -1.18619006e-003 0. 0. 0. 2.36351159e-003
    1.08500049e-002 0. 0. 0. 0. 0. 0. 7.95073900e-003 0. 4.51284088e-003
    0. 0. 0. 0. 0. 3.08567006e-003 0. 2.02301587e-003 0. 0. 0. 0.
    -8.57851817e-004 1.43993716e-003 6.05695241e-004 2.53280858e-003 0.
    6.90656388e-003 2.81219487e-003 4.72554675e-004 3.06427595e-003
    5.70680620e-003 2.37989239e-003 -3.15730204e-003 0. 0. 0.
    1.12652099e-002 5.27328765e-003 0. 0. -1.62164867e-003 0. 0. 0.
    8.64056172e-004 0. 0. 0. 0. 0. 0. 0. 0. 0. 0. 4.88426350e-003 0.
    7.43336510e-004 0. 0. 0. 0. 0. 0. 0. 0. 0. 0. 1.14881592e-002 0. 0.
    0. 1.39187544e-003 4.93343570e-004 0. 0. 0. 0. 0. 5.22181042e-004 0.
    0. 0. 0. 0. 0. 6.27510948e-003 0. 0. 0. 0. 2.13630986e-003 0.
    2.57643815e-002 8.03974830e-003 5.15979156e-003 0. 0. 0. 0.
    8.52180365e-003 0. 0. 2.34533334e-003 0. 3.55145941e-003
    2.72842078e-003 0. 0. 0. 0. 0. 0. 0. 0. 0. 0. 0. 0. 1.43185351e-003
    0. 8.28829288e-005 0. 0. 0. 0. 0. 1.95322582e-003 0. 0. 0. 0. 0. 0.
    2.14981847e-003 0. 0. 0. 0. 1.99069199e-003 7.51467608e-003 0. 0. 0.
    1.17202324e-003 0. 0. 3.59706278e-003 0. 0. 0. 1.62642356e-002 0. 0.
    3.42409097e-004 0. 0. 0. 0. 0. 0. 5.59034757e-004 0. 0. 0. 0.
    7.09796092e-003 0. 2.40031793e-003 2.41305516e-003 1.96167585e-002
    0. 3.64540331e-003 3.50465067e-003 1.74031558e-003 0. 0. 0. 0. 0.
    -2.02970594e-004 0. 0. 0. 0. 0. 0. 2.74587888e-003 0.
    7.97590427e-003 1.23450102e-003 0. 1.66695128e-004 0.
    3.30097787e-003 0. -8.62534565e-004 7.37778377e-004 0.
    3.15447338e-003 0. 0. 6.89753005e-003 0. 0. 0. 0. 0. 0. 0. 0. 0. 0.
    0. 1.36131945e-003 5.15166717e-003 0. 0. 0. 0. 0. -6.70212833e-003
    0. 0. 5.79286832e-003 0. 0. 0. 0. 0. 0. 0. 1.30058499e-003 0. 0. 0.
    0. 0. 0. 0. 1.10110571e-003 0. 0. 0. 0. 0. 0. 6.62015984e-004 0.
    2.48598307e-003 0. 1.21726678e-003 0. 7.91772793e-004 0. 0.
    1.80200499e-003 0. -9.35158518e-004 1.68626849e-003 1.28761007e-004
    0. 2.10146420e-003 0. -2.38570780e-003 0. 8.50305369e-004 0. 0. 0.
    5.54104755e-003 1.01550007e-002 0. 0. 0. 0. 2.06238194e-003
    6.50118431e-003 0. 0. 0. -1.06760103e-003 0. 0. 0. 0.
    7.09483959e-003 0. 0. 0. 0. 0. 1.47750473e-003 9.21095721e-004
    5.82061650e-004 8.53456149e-004 0. 0. 0. 2.84675811e-003 0. 0.
    -1.26886647e-004 0. 9.20121651e-003 0. 0. -1.15202239e-003 0.
    1.34817907e-003 0. 0. 0. 0. 0. 0. -3.99066834e-004 0. 0. 0.
    4.88045393e-003 0. 0. 0. 2.21669558e-003 2.58289324e-003
    2.32609524e-003 0. 0. 0. 0. 0. 0. 0. 1.14413444e-003 0. 0. 0. 0. 0.
    6.07912487e-004 0. 0. 0. 0. 2.32068196e-004 4.88680974e-003 0. 0. 0.
    2.06560362e-002 0. -2.04423862e-003 0. 0. -2.01995732e-004
    1.92103209e-003 0. 2.53396970e-003 0. 0. 8.91372748e-003 0.
    -1.20609673e-003 0. 0. 6.95587415e-003 0. 0. 1.51881017e-003 0.
    1.33878849e-002 0. 0. 0. 3.58849578e-003 0. 0. 4.52120835e-003
    2.85896403e-003 0. 0. 0. 0. 1.41738690e-002 0. 0. 2.45478540e-003 0.
    0. 0. 0. 0. 0. 6.20927662e-003 1.26396352e-003 0. 0. 0.
    4.67702700e-003 0. 0. 0. 5.09796781e-004 0. 0. 0. 0. 0.
    4.18003509e-003 0. 2.55442550e-003 0. 1.78864808e-004
    6.99709170e-003 0. 3.61630437e-003 0. 3.14925215e-003 0. 0. 0. 0. 0.
    0. 0. 1.23819301e-003 6.53419318e-003 0. 0. 0. 0. 0. 2.72585917e-003
    1.60276564e-003 0. -7.12348323e-004 0. 0. 0. 0. 4.84881178e-003 0.
    0. 0. 0. 0. 0. 5.01135038e-003 0. 0. 0. 0. -3.06461100e-003
    -3.66077689e-003 0. 1.00563653e-002 3.34287481e-003 4.44898102e-003
    3.14209028e-003 1.40127167e-003 0. -2.11422725e-004 4.07971628e-003
    7.71833758e-004 1.37220079e-003 3.83805530e-003 0. 0. 0. 0.
    1.50426372e-003 0. -1.95499416e-003 0. 0. 4.39828815e-004 0. 0. 0.
    0. 0. 0. 0. 0. 0. 0. 0. 0. 0. 0. 3.13569373e-003 0. 0.
    4.56975354e-003 0. 0. 0. 0. -1.64766540e-003 2.31668330e-003
    2.16288446e-003 0. 0. 0. 0. 4.19763243e-003 0. 0. 2.13915436e-003 0.
    1.10730727e-003 0. 0. 1.93279528e-003 5.80215314e-003
    1.40808476e-003 0. 0. 0. 0. 0. 0. 0. 0. 0. 0. 0. 0. 0.
    1.24035706e-003 0. 4.24613990e-003 0. 2.02495418e-003 0. 0. 0. 0. 0.
    -6.45376043e-004 0. 0. 0. 0. 0. 0. 0. -2.24560476e-003 0. 0. 0. 0.
    2.63395370e-003 0. 0. 4.57875617e-003 9.07078665e-003
    3.68936430e-003 1.72545132e-003 0. 0. 8.34007841e-003 0. 0.
    4.17148601e-003 0. 1.59185997e-003 0. 0. 0. 0. 0. 0. 0. 0. 0. 0. 0.
    0. 0. 0. 0. 4.83430224e-003 0. 3.32229793e-005 0. 0. 0. 0.
    6.63719513e-003 5.76344086e-003 0. 0. 0. 0. 0. 0. 0. 0. 0. 0. 0.
    7.46739889e-003 0. 0. 2.62099900e-003 0. 0. 4.56399575e-004 0. 0.
    1.04236268e-002 0. 0. 0. 0. 4.72658640e-003 0. 0. 0. 0.
    8.55341379e-004 2.12734239e-003 3.42862634e-003 0. 2.63342867e-003
    0. 0. 1.49824866e-003 0. 0. 5.06211026e-003 0. 1.52587635e-003
    5.03377523e-003 0. 0. 0. 0. 0. 1.09718321e-003 0. 0. 0. 0. 0.
    7.07435654e-003 2.26718257e-003 0. 1.20064672e-002</data></imageDescriptor>
</opencv_storage>
