<?xml version="1.0"?>
<opencv_storage>
<imageDescriptor type_id="opencv-matrix">
  <rows>1</rows>
  <cols>1000</cols>
  <dt>f</dt>
  <data>
    0. 1.93176616e-003 2.54474627e-003 0. 0. 3.77413956e-003
    2.11126194e-003 0. 1.18078291e-003 0. 0. 0. 0. 0. 2.72275112e-003 0.
    0. 5.10353222e-003 0. 0. -1.41148470e-004 4.19475092e-003 0. 0. 0.
    1.55964715e-003 0. 0. 0. 2.79794121e-003 0. 0. 3.48212710e-003
    1.77815754e-003 2.35263328e-003 3.95525713e-003 0. 0. 0. 0. 0.
    8.20107758e-003 6.54294295e-003 3.09455814e-003 0. 0. 0. 0.
    2.92465324e-003 0. 3.56002199e-003 3.11973155e-003 0. 0.
    5.78854699e-004 7.92152307e-004 0. 0. 0. -2.20043422e-003 0.
    1.87104871e-003 8.64207093e-003 -4.47163657e-005 0. 2.66307988e-003
    1.57000520e-003 0. 0. 0. 0. -3.04807490e-003 0. 0. 0. 0.
    3.39743623e-004 0. 0. 0. 5.62734576e-003 9.96148447e-004 0.
    2.23822845e-003 0. 0. 0. -1.62743323e-003 1.49490219e-002 0.
    -1.51974222e-004 -4.00571327e-004 0. 0. 0. 0. 0. -7.02324905e-004 0.
    0. 0. 1.20975589e-002 0. 0. 2.16720905e-003 -1.43621268e-003 0. 0.
    0. 0. -2.95574637e-003 5.82312699e-004 0. 0. 0. 5.19523676e-003
    3.15312762e-003 0. 0. 0. 1.10922579e-003 0. 0. 1.51412433e-003 0.
    6.01312472e-003 0. 4.49713273e-003 0. 0. 7.49241235e-003
    3.06804059e-003 0. 0. 0. 0. 1.32100540e-003 0. 1.13990181e-003
    5.92056662e-004 -1.08364939e-005 1.34670374e-003 0. -4.74402332e-004
    0. 0. 0. -1.08968560e-003 0. 0. 0. 0. 0. 0. 0. 0. 0. 0. 0.
    1.55605190e-003 7.09395763e-003 3.76319443e-003 0. 0.
    7.33873923e-004 0. 5.49525069e-003 0. 0. -2.23780307e-003 0. 0. 0.
    1.08256536e-002 0. 1.04806887e-003 0. 0. 0. 2.51874980e-003 0. 0.
    2.70714099e-003 -3.03989835e-003 0. 2.21806648e-003 -7.83763062e-006
    -2.55926163e-004 3.06218606e-003 0. -7.38758303e-004 0. 0. 0. 0. 0.
    0. 0. 1.33832975e-003 0. 1.70095998e-003 1.98572478e-003 0.
    1.56771915e-003 0. 3.51320603e-003 1.79703347e-003 0. 0. 0.
    5.01615182e-003 0. 0. 0. 0. 6.80662179e-003 0. -6.84398692e-004
    2.46098801e-003 -5.18399465e-004 0. 0. 0. 2.22327863e-003 0. 0. 0.
    0. 0. 0. 3.45380371e-003 0. 0. 0. 0. 0. 2.57404870e-003 0. 0. 0. 0.
    0. -1.34782470e-003 0. 0. 3.05716507e-003 0. -4.13354160e-003 0.
    9.76425316e-003 0. 0. 1.12712635e-002 0. 0. 0. 0. 0. 9.84766148e-003
    0. 0. 0. 0. 0. 4.32220986e-003 0. 1.51727305e-004 0. 0.
    1.77819433e-003 0. -2.52849350e-005 0. 1.71657628e-003
    -1.77552924e-003 0. 2.89196894e-003 0. 0. 0. 0. 0. 6.42613275e-003
    0. 0. 1.83315098e-003 0. 0. 0. 0. 0. 2.14925897e-003 0.
    4.74485010e-003 0. 0. 0. 0. 0. 0. 0. 7.21075665e-003 0.
    1.80670654e-003 1.01975002e-003 3.60636477e-004 0. 0. 0.
    3.33217671e-003 0. 0. 0. 0. 0. 1.46044942e-003 4.67259530e-003 0.
    2.53424770e-003 0. 9.97934549e-005 0. 0. 0. 0. 3.27830995e-003
    -1.12613139e-003 1.24474545e-003 0. 5.44944964e-003 2.21889769e-003
    0. 0. 3.85936373e-003 1.55306072e-003 0. 0. 0. 2.93302373e-003 0. 0.
    0. 0. 0. 0. 0. 2.35525914e-003 0. 1.27714977e-003 0. 0. 0. 0. 0.
    8.04340176e-004 0. 1.15981442e-003 0. 3.17335059e-003 0. 0.
    9.11739375e-003 -5.23155381e-004 2.36736378e-003 6.54968899e-003
    5.12828119e-003 0. 1.38207581e-002 1.56929111e-003 9.19613463e-004
    8.56886338e-003 0. 0. 1.03501314e-002 0. 0. 1.63347181e-003 0. 0.
    2.85883638e-004 2.75745802e-003 -8.93308606e-004 1.22319092e-003 0.
    7.59797869e-004 1.89354439e-004 2.57646833e-002 0. 0. 0.
    7.02523114e-003 0. 0. 8.15639738e-003 0. 2.46403646e-003 0.
    -7.08349049e-004 0. 2.59377901e-003 1.36115495e-003 2.82971421e-003
    0. 0. 0. 2.35009915e-003 4.50236676e-003 1.17005815e-003 0.
    -3.27029673e-004 0. 0. 0. 0. 0. 0. 0. 0. 0. 1.44500798e-003
    6.29007304e-003 0. 1.09744736e-003 1.52251380e-003 0. 0.
    -1.06233882e-003 5.04635507e-003 8.03240633e-004 -2.79478234e-004 0.
    0. 0. 0. 0. 0. 0. 5.49888331e-003 0. 0. 1.00699691e-002 0. 0. 0. 0.
    0. 0. 0. 1.22117773e-002 0. 4.10293229e-003 0. 7.27744657e-004
    3.00139864e-003 0. 6.73345337e-003 0. 0. 0. 0. 2.04747613e-003 0. 0.
    0. 0. 5.07214386e-003 0. 0. -1.52825122e-003 -2.95980927e-003 0. 0.
    0. 0. 0. 0. 1.00646801e-002 3.35120619e-003 5.47337951e-003 0. 0.
    4.03601862e-003 5.78387966e-003 0. 0. 1.16042942e-002 0. 0. 0. 0. 0.
    0. 0. 0. 0. 0. 0. 1.24458945e-003 0. 0. 0. 0. -2.99444189e-004 0.
    2.41378392e-003 0. 2.20649820e-002 9.25867236e-004 0.
    1.24495570e-003 6.99301017e-004 0. 4.84681269e-003 0.
    2.36749602e-003 0. 1.67156721e-003 4.46512317e-003 0. 0. 0. 0. 0. 0.
    9.13904631e-004 2.97699240e-003 1.33126462e-003 2.70963111e-003
    7.07323803e-003 2.76617031e-003 0. 0. 0. 6.47005683e-004 0.
    -4.31291963e-004 0. 0. 8.47474206e-003 -4.92483960e-004 0. 0. 0.
    1.40608510e-003 0. 7.52302632e-003 0. 0. 0. 0. 0. 0. 0. 0. 0. 0.
    4.27180319e-004 0. 0. 1.21714156e-002 2.50758557e-003 0. 0. 0. 0. 0.
    0. 4.63789096e-003 0. 0. -5.80435619e-003 0. 0. 3.04100628e-004 0.
    2.33579674e-004 0. 0. 0. 4.36278846e-004 0. 3.88651504e-004
    -2.63481688e-005 0. 0. -8.95868056e-004 0. 0. 0. -1.13918842e-003
    -8.02565264e-005 0. 0. 0. 0. 0. 0. 1.58105530e-002 0. 0.
    6.63231267e-003 0. -2.04412430e-003 0. 5.70110977e-003 0. 0. 0.
    1.46223698e-003 8.00031237e-004 2.92316126e-003 0. 0. 0. 0. 0. 0. 0.
    1.50610798e-003 0. 1.24047359e-003 0. 0. 0. 0. 0. 0. 0.
    3.56446113e-003 1.17438962e-003 0. 0. 0. 0. 0. -3.93434835e-004 0.
    0. 0. 5.62579837e-003 0. 1.93506340e-003 0. 5.70566161e-003 0. 0.
    2.86557392e-004 9.53072333e-004 0. -5.14614396e-003 0. 0. 0.
    7.20122783e-003 1.26840221e-002 0. 0. 0. -2.87838653e-003 0. 0.
    2.70577497e-003 6.17529219e-003 0. 0. 0. 1.96371475e-004 0.
    7.42675096e-004 0. 0. 0. 0. 2.62573315e-003 0. 0. 0. 2.40955804e-003
    6.43252255e-003 0. -2.07261051e-004 0. 0. 1.58654657e-004 0.
    2.57059070e-003 0. 0. 0. 0. 9.34377458e-005 0. 0. 0. 1.99621805e-004
    2.35338020e-003 0. 3.77923180e-003 0. 0. 0. 0. 7.20513565e-003
    3.87880276e-003 0. 0. 4.87024151e-003 0. 7.81337265e-004 0. 0. 0.
    3.05363722e-003 0. 0. 0. 0. 0. 5.58674335e-003 0. 1.49963971e-003
    5.00470307e-003 1.08067738e-002 0. 0. 0. 3.60809034e-003
    1.98798603e-003 0. 0. 8.22644681e-003 3.47806979e-003 0. 0.
    5.95860137e-003 5.51737496e-004 0. 0. 0. 0. 0. 7.93005514e-004
    3.94756161e-003 0. 2.73880386e-003 0. 0. 0. 0. 0. 0. 0.
    -2.17860402e-003 0. 0. 0. 0. 0. 0. 0. 0. 0. 0. 5.01456810e-003
    1.59166520e-003 0. 0. -7.14770576e-004 0. 0. 0. 0. 3.68597149e-003
    0. 0. 0. 0. 4.06035548e-003 0. 0. 0. 0. 0. 0. 2.25547282e-003
    1.05841656e-003 0. 0. 0. 1.19918876e-003 0. 0. 0. 7.15716695e-003
    5.15698735e-003 0. 0. 0. 0. 6.85772300e-003 2.61567929e-003 0.
    -7.96752342e-004 -8.03326548e-004 0. 0. 6.12186361e-003 0. 0. 0.
    1.81410497e-003 0. 0. 0. 0. 0. 0. 0. 0. 0. 6.19798014e-003 0. 0. 0.
    3.45777650e-003 5.99138625e-003 0. 0. 0. 0. 0. 0. 0. 0.
    1.15055009e-005 0. 2.51892535e-003 0. 0. 2.39167665e-003 0. 0. 0. 0.
    -1.65273075e-003 0. -2.91352929e-003 0. -1.17391080e-003
    -8.64602451e-004 2.94343056e-003 2.68668262e-003 0. 0.
    3.64279980e-003 1.90974807e-003 0. 3.58643662e-003 0.
    1.22813368e-002 0. 0. 0. 0. 2.38579916e-004 0. 0. 0. 0. 0. 0.
    2.17699818e-003 0. 0. -3.05540307e-004 0. 4.92689619e-003 0. 0.
    4.71222866e-003 0. 0. 0. 5.60567854e-003 0. 0. 0. 0. 2.75605940e-003
    0. -5.07657591e-004 0. 0. 0. 0. 0. 0. 0. 1.07525866e-002
    8.69981013e-004 0. 0. 0. 3.14918463e-003 4.10812302e-003
    -5.78330224e-003 0. 0. 0. 0. 0. 1.57942846e-002 3.91320698e-003
    5.62830782e-003 0. 0. 3.69407819e-003 0. 0. 7.37316394e-003
    4.70743841e-003 0. 0. 0. 0. 0. 0. 0. 0. 0. 0. 0. 0. 0.
    2.35811947e-003 0. 1.64814119e-003 0. 0. 1.94306730e-003 0. 0.
    8.52348865e-004 0. 1.98827195e-003 0. -2.14338099e-004 0. 0. 0. 0.
    0. 0. 0. 0. 0. 0. 0. 0. 0. 0. 0. 0. 0. 0. 0. 0. 0. 0. 0. 0.
    1.70898938e-003 -9.95560666e-004 0. 0. 2.20657443e-003 0. 0.
    1.81113544e-003 1.93884522e-002 3.02031683e-003 0. 0. 0.
