<?xml version="1.0"?>
<opencv_storage>
<imageDescriptor type_id="opencv-matrix">
  <rows>1</rows>
  <cols>1000</cols>
  <dt>f</dt>
  <data>
    1.26072951e-003 -1.36153511e-004 0. 0. 3.23242787e-003
    2.00016890e-003 0. 0. 9.74988390e-004 4.44341451e-003
    -3.27039743e-004 0. 0. 0. 6.69579860e-003 0. 0. 0. 0. 0. 0.
    6.11030788e-004 0. 8.34626553e-004 6.47430914e-003 0. 0. 0. 0.
    2.92772675e-005 0. 0. 0. 1.68341829e-003 -2.08549458e-003 0. 0.
    9.57077194e-004 0. 2.63182097e-003 4.34999238e-004 1.29066478e-003
    0. 0. 0. 0. 0. 3.02919606e-003 0. 2.57128831e-002 0. 4.22585610e-004
    0. 0. 0. 0. 0. 0. 7.84671679e-003 -7.58849492e-005 0. 0.
    2.67514051e-003 0. 0. 0. 0. 0. 6.61272695e-003 4.08573914e-003 0. 0.
    2.30646692e-004 1.72433839e-003 0. 0. 2.81617278e-003 0. 0.
    2.45083566e-003 8.88863672e-003 3.51935695e-003 7.54690543e-003
    1.31956695e-004 0. 0. 0. 0. 4.61391313e-003 2.09489302e-003
    2.63692206e-003 4.97264627e-005 7.49520841e-004 6.45784312e-004
    4.16247232e-004 3.40220542e-003 -6.24310924e-004 -7.41589756e-005
    3.02770245e-003 1.94384938e-003 0. 5.78556582e-003 0. 0. 0.
    2.29161908e-003 0. 0. 0. 0. 3.38175730e-003 0. 5.43375791e-004 0. 0.
    0. 0. 1.92129239e-003 0. 0. 9.69047658e-004 0. 0. 0. 0.
    2.49794079e-003 -7.15426810e-004 -5.97808219e-004 0. 0.
    2.44288123e-003 0. 0. 0. 0. 3.59136914e-003 0. 1.24411355e-003
    2.65209860e-006 0. -1.56548945e-003 2.61156866e-003 0. 0.
    2.73817731e-003 6.02074084e-004 -5.84735535e-004 -3.33954231e-005 0.
    0. 2.15559639e-003 -9.21526575e-004 2.58604623e-003 7.14946352e-003
    2.39673900e-004 0. 9.39462276e-004 0. -2.13130796e-003 0.
    3.46546341e-003 0. 0. 2.45300960e-003 0. 0. 0. 0. 0. 0.
    2.93434202e-003 0. 0. 0. 6.20162999e-003 0. -5.99610037e-004 0. 0.
    2.61087995e-003 0. 0. 2.61391653e-003 0. 0. 0. -4.54736437e-004 0.
    1.45452423e-002 0. 0. 0. 0. 0. -2.50833761e-003 0. 2.22475990e-003
    0. -1.13585824e-003 0. 8.65726266e-003 6.82793139e-003 0. 0. 0. 0.
    5.10512199e-003 4.71290812e-004 0. 2.25972896e-003 0.
    8.90682358e-003 0. 0. 0. -1.99918024e-004 0. 2.10308190e-003 0.
    5.07877348e-003 2.58632912e-003 0. 0. 0. 0. 0. 0. 0. 3.25236283e-003
    0. 0. 8.75156838e-003 0. -1.05113618e-003 3.29495961e-004 0.
    7.19729532e-003 0. 0. 2.79020471e-003 0. 0. -1.35235407e-003
    1.98967895e-003 0. 0. 0. 0. 4.08364506e-003 -2.44127377e-003 0.
    -7.12828478e-004 -7.27215200e-004 5.54737402e-003 0. 8.25697440e-004
    2.15574773e-003 0. 2.72915838e-003 0. 0. -1.78483990e-003
    4.43981308e-003 0. 7.93032348e-004 0. 1.36532995e-004 0.
    3.11901048e-003 2.02540285e-003 0. 2.13021273e-003 0.
    9.84385144e-003 1.06503442e-002 0. -1.01017591e-003 1.59677584e-003
    0. 0. 1.08654425e-002 1.73954864e-003 2.64166761e-003 0.
    -4.41926270e-004 1.12252347e-002 0. 0. 1.17205456e-002 0. 0. 0.
    1.87319331e-003 0. 0. 0. 2.25309585e-003 7.21752550e-003
    4.13889531e-003 0. 0. 0. 0. 0. 2.91670766e-003 1.22378254e-002
    2.02294602e-003 0. 3.09629156e-003 0. 0. 0. 0. 5.44693379e-004 0.
    1.54969492e-003 0. 9.15887067e-004 0. 0. 0. 0. 9.35583375e-003
    4.17673611e-004 0. 1.73441705e-003 0. 8.56463797e-003 0. 0.
    4.17605462e-003 0. 3.51337180e-003 -1.20026257e-003 4.56131389e-003
    3.21285380e-003 0. -4.53868473e-004 0. 0. 4.11839737e-003 0. 0. 0.
    0. 0. 2.70008878e-003 0. -7.40517455e-004 0. 0. 0. 0.
    1.10700156e-003 0. 1.32116198e-003 0. 0. 3.32933594e-003
    3.10705090e-003 0. 0. 0. 0. 0. 0. 0. 0. -1.36991555e-004 0. 0. 0.
    1.60526426e-003 0. 0. 0. 0. 6.59170467e-003 2.28303089e-003
    2.39227829e-003 0. -1.88996119e-003 0. 2.61907000e-003 0.
    3.05638113e-003 0. 0. 5.93176670e-003 7.49260839e-003
    1.06235151e-003 0. 0. 0. 0. 0. 1.59569981e-003 0. 0. 0. 0.
    3.13797430e-003 2.37643486e-003 7.85155047e-004 0. 0. 0. 0. 0. 0.
    1.73829612e-003 7.13211368e-004 7.40625663e-004 0. 0. 0. 0. 0. 0.
    1.52197760e-003 3.36336158e-003 9.99692827e-004 -1.35165360e-003
    7.31176510e-003 0. 4.53933841e-003 0. 0. 3.43752233e-003
    1.79421622e-003 0. 0. 0. 0. 0. 3.46762128e-003 0. 0. 0. 0. 0.
    1.49242929e-003 0. 0. 0. 0. 0. 1.41964445e-003 0. 0. 8.07664264e-003
    0. 0. 0. 0. 0. 0. 2.15191697e-003 0. -2.65719811e-003
    5.90325566e-003 0. 0. 0. 6.19949354e-003 1.51841657e-003 0.
    2.16324767e-003 5.47946314e-004 2.18800758e-003 4.76491731e-003 0.
    0. 0. 0. 0. -1.33571750e-003 0. -5.02284849e-003 0. 0.
    1.92991495e-002 3.23678879e-003 3.70472949e-003 0. 0. 0. 0.
    7.78160989e-004 0. 0. 1.45489199e-003 2.30073719e-003
    9.03253153e-004 -4.79871902e-004 0. 0. 0. -2.33178586e-003 0. 0.
    3.47171421e-003 0. 1.59250561e-003 1.47474371e-003 0.
    9.74133203e-004 0. 0. 0. 0. 0. 0. 7.04450719e-003 0. 4.63511609e-003
    4.05962113e-003 0. 0. 5.36631932e-003 0. 0. 4.07462660e-003 0.
    -2.06357404e-003 1.08338241e-002 -1.71110104e-003 2.96469801e-003 0.
    7.16361357e-003 1.60673715e-003 0. 2.51034740e-004 0. 0. 0.
    5.79629450e-005 4.90012113e-003 9.71182622e-003 0. 0. 0.
    4.12391312e-003 -1.95769081e-003 0. 0. 0. 0. 0. 0. 0. 0. 0. 0.
    3.06907343e-003 7.25797797e-003 0. 0. 0. 0. 7.43759237e-003 0. 0. 0.
    0. 0. 0. 0. 0. 7.32221582e-004 5.05828438e-003 0. 1.83224550e-003 0.
    0. 0. 0. 2.07135966e-003 0. 0. 0. 1.57046469e-003 0. 2.17355177e-004
    4.97195171e-004 0. 0. -1.63758159e-004 1.26142399e-002 0.
    5.13609778e-003 0. 0. 0. 0. 0. 0. 6.77910913e-003 0. 0.
    1.65424100e-003 0. 8.29139317e-004 1.60133024e-003 0.
    1.74139522e-003 0. -2.41731293e-004 4.32445155e-003 1.29367020e-002
    -2.07201210e-005 1.01217953e-002 0. 0. 0. 0. 5.49669657e-003
    -1.15273579e-003 0. -1.36852940e-003 0. 0. 0. 0. 9.50754434e-003 0.
    0. 1.40727754e-003 1.26942212e-003 6.53937925e-003 2.26638047e-003
    0. 0. 0. 0. 0. 0. 0. 0. 0. 2.95261038e-003 0. 0. 0. 0.
    5.74063975e-004 -6.85752835e-004 0. 1.88485265e-003 7.23350560e-004
    0. 0. 6.16225228e-003 -2.97158520e-004 0. 0. 8.15924141e-004 0.
    -4.13667818e-004 0. 1.43208355e-003 0. 1.93657761e-003 0. 0.
    2.33882107e-003 8.34583130e-004 0. 0. 0. 3.62507533e-003
    1.78382488e-003 -5.84182795e-004 0. 0. 0. 0. 0. 0. 2.07625236e-003
    1.20537204e-003 0. 0. 1.23833667e-003 0. 5.13624051e-004 0. 0. 0.
    2.06178799e-003 0. 0. -1.26548239e-003 0. 9.05958191e-003
    4.85038757e-003 0. 0. 1.98545493e-003 0. 1.62578165e-003 0. 0. 0. 0.
    6.01220317e-003 0. 0. 0. 0. -1.66987535e-003 0. 1.51073141e-003 0.
    0. 0. 1.12327095e-003 1.33958890e-003 0. 0. 0. 3.25755542e-003
    4.72326018e-003 0. 1.17785821e-003 0. 7.77740148e-004 0.
    8.92677519e-004 0. 0. 1.69259601e-003 0. 1.86856941e-003 0. 0. 0. 0.
    4.69739735e-003 0. 2.07206910e-003 1.30122283e-003 -1.81318482e-003
    0. 5.67600457e-003 0. 0. 0. 0. 2.88256025e-003 0. 0. 4.49101813e-003
    0. 0. 0. 0. 1.00411207e-003 0. 0. 0. 1.10664160e-003 0.
    1.26386876e-003 0. 8.90228339e-003 0. -1.53731869e-003 0.
    -1.48277541e-004 1.26943446e-003 -9.95993381e-004 0. 0. 0. 0.
    6.65925350e-003 0. 0. 0. 3.86201136e-004 0. 0. 0. 0. 0.
    -4.09727538e-004 0. 2.48606387e-003 1.63193117e-003 3.82013037e-003
    0. 1.73776527e-004 1.17789721e-003 3.16244503e-003 0.
    9.14069638e-003 2.09332770e-003 3.75314616e-003 4.77936445e-003 0.
    -1.25937047e-003 0. 0. 0. 0. 1.02991820e-003 0. 0. 9.78382188e-004
    0. 0. -5.41989109e-004 0. 0. -1.32696028e-003 5.31663944e-004 0. 0.
    -3.48208850e-004 0. 0. 0. 0. 0. 2.88945809e-003 1.94939575e-003 0.
    -8.00567796e-004 1.50449981e-003 7.09718734e-004 1.87092999e-004 0.
    1.83243689e-003 0. 8.24335904e-004 4.14356496e-003 0. 0.
    3.66567099e-003 0. 1.98675715e-003 0. 0. -5.48663142e-004 0. 0. 0.
    6.41630555e-004 0. 1.27661764e-003 0. 0. 4.18993039e-003 0.
    2.59157410e-003 0. 6.60775346e-004 0. 1.76001282e-003
    9.41199018e-004 5.04182698e-003 0. 0. 0. -9.74648574e-004 0. 0. 0.
    0. 0. 0. 1.96867064e-003 7.36632152e-004 0. 0. 0. 0. 0.
    1.03870581e-003 0. 0. 0. 0. 0. 0. 0. 0. 0. 2.07701931e-003
