<?xml version="1.0"?>
<opencv_storage>
<imageDescriptor type_id="opencv-matrix">
  <rows>1</rows>
  <cols>1000</cols>
  <dt>f</dt>
  <data>
    1.70801429e-003 1.98391732e-003 2.79245712e-003 1.94535300e-003 0.
    7.86277279e-003 0. 0. 0. 0. 1.19716732e-003 3.17710172e-003 0.
    3.17454105e-003 0. 0. 0. 0. 0. 0. 2.13514199e-003 4.21049073e-003 0.
    0. 1.73059246e-003 5.16712433e-003 1.54979737e-003 1.80926768e-003
    0. 0. 0. 0. 0. 0. 2.43526447e-004 0. 0. 0. 0. 4.42983408e-004
    1.07379374e-003 0. 0. 0. 0. 0. 0. 4.97366302e-003 1.80678884e-003
    6.61019608e-003 0. 4.00538696e-003 0. 1.72571128e-003 0.
    4.84682200e-003 8.05162825e-003 0. 5.56309847e-003 0.
    -4.32530476e-004 0. 0. 0. 0. 0. 4.79614595e-004 0. 0.
    6.60729641e-003 0. 8.29466502e-004 0. 1.21541061e-002 0. 0. 0.
    -6.74324401e-004 0. 7.32764835e-004 2.55069672e-003 8.50897108e-004
    0. 4.11760947e-003 0. 1.05682053e-002 0. 0. 4.12336830e-003
    6.71164226e-003 0. 3.26787843e-003 2.84039089e-003 1.59953744e-003
    1.72881968e-003 -2.33230836e-004 -2.73352931e-003 0. 0.
    -3.42915463e-003 0. 0. 0. 0. 0. -9.74537397e-004 0. 0. 0. 0.
    1.77444238e-003 0. 7.11428700e-004 0. 0. 0. 0. 3.12826992e-003 0. 0.
    6.63543120e-004 0. 0. 3.25001800e-003 -1.21447316e-003 0. 0. 0. 0.
    0. 5.32917073e-003 2.72693089e-003 0. 0. 0. 3.35815130e-003
    1.93796889e-003 1.23353105e-003 0. 0. 0. 0. 0. 0. 5.43349364e-004
    1.38490042e-003 0. 1.50473963e-003 3.21758678e-003 7.57375616e-004
    0. 0. 5.43798487e-005 0. 2.18271650e-003 0. 0. 0. -1.33296766e-003
    0. 1.77932661e-002 0. 0. 0. 5.46056894e-004 0. 0. 0. 4.54580458e-003
    0. 1.43339031e-003 0. 0. 0. 1.51043467e-003 0. 0. 0. 0.
    3.47613543e-003 0. 4.18057851e-003 0. 0. 0. 0. 0. 0. 4.18757461e-003
    0. 0. 0. 1.25753088e-003 1.87286048e-003 9.84748174e-003 0.
    7.40928575e-003 0. 0. 0. 1.06914751e-002 6.56800577e-003 0. 0. 0. 0.
    0. 0. 0. 0. 0. 0. 0. 0. 0. 0. 0. 6.33990299e-003 0. -1.31723552e-003
    0. -1.52066801e-004 2.72143108e-004 2.78451201e-003 0. 0. 0.
    -7.36034010e-004 0. 1.07068372e-004 0. 0. 0. -2.65179807e-003
    1.82091643e-003 1.36835594e-003 2.63942685e-003 0. 3.07443738e-003
    0. 0. 0. 0. 0. 8.38595070e-003 3.94651055e-004 0. 0. 0. 0. 0. 0.
    6.69115130e-003 2.07797950e-003 0. 0. 4.91504092e-003 0.
    2.65557494e-004 0. 0. 0. 0. 0. 0. 0. 0. 0. 0. 3.80822131e-003
    5.41321584e-004 4.81764367e-003 0. 1.81786920e-004 -1.95885519e-003
    0. 0. 0. 6.80735800e-004 0. 0. 4.48664650e-003 0. 0.
    -2.97488389e-003 0. 0. 0. 0. 0. 0. 1.68533698e-002 0.
    2.31397036e-003 4.72936295e-002 0. 0. 4.42829216e-003 0.
    1.31902331e-002 0. 0. -1.31230417e-003 0. 0. 0. 5.33670071e-004 0.
    4.62136418e-003 0. 3.15511809e-003 0. 0. 0. 0. 0. 0. 1.06818997e-003
    0. 0. 0. 0. 0. 5.35969995e-003 0. 0. 0. 5.25324605e-003
    -8.30413366e-004 3.85009637e-003 0. 8.06723037e-005 0. 0. 0.
    1.60915428e-004 0. 0. 0. 5.99913707e-004 1.67441589e-003
    2.25341436e-003 0. 0. 0. 0. -2.80836481e-004 0. 8.12745374e-003 0.
    0. 0. 0. 0. 0. 0. -5.86311682e-004 0. 6.11886149e-004
    2.55952909e-004 0. 0. -1.02976395e-003 1.44006844e-004 0. 0.
    1.87737367e-003 0. 1.33003555e-002 0. 0. 5.42043336e-003 0. 0. 0.
    2.47704418e-004 3.31815612e-003 0. 0. 5.47557196e-004 0. 0. 0. 0. 0.
    -7.33923225e-004 0. 0. 1.12269912e-003 -1.73928565e-003 0. 0. 0.
    -4.38941643e-004 0. 0. 0. 0. 0. 0. 0. 1.09320417e-005 0.
    2.40744976e-003 0. 0. 0. 0. 0. 0. 0. 6.48182025e-003 0. 0. 0. 0. 0.
    0. -9.02782951e-004 0. 1.41805960e-002 0. 0. 6.54373434e-004 0.
    1.03474986e-002 2.00611725e-003 0. 0. 0. 1.46238122e-003
    4.88601439e-003 2.59504974e-004 2.41039414e-003 0. 2.45126290e-003
    0. -1.65064773e-003 0. 0. 0. 0. 0. 0. 0. 6.02093898e-003 0. 0. 0. 0.
    0. 0. 4.29559295e-004 1.52251462e-003 0. 0. 0. 1.74399139e-003 0.
    7.55018136e-003 0. 0. 0. 0. 0. 0. 0. 7.01534387e-004
    -6.95111288e-004 0. 0. 0. 0. 0. 0. 0. 4.08484135e-004 0.
    -3.33613745e-004 0. 0. 0. 0. -1.03665935e-003 2.58959597e-003 0. 0.
    0. 2.71630357e-004 0. 0. 1.43974356e-003 1.90921500e-003
    -3.77735036e-004 0. 2.30422663e-003 0. 1.46781048e-003
    3.41635838e-004 0. 7.03011081e-003 7.02602032e-004 2.73255259e-003
    -3.14772618e-003 1.34140381e-003 0. 1.44771987e-003 0.
    3.07214423e-003 0. 0. 0. 1.69823959e-003 4.45925910e-003
    3.67264263e-004 0. 5.22641465e-004 0. 0. 0. 0. 3.53758293e-003 0. 0.
    -1.44637993e-003 0. 1.83482270e-003 3.18424962e-003 0. 0. 0. 0.
    2.43503740e-003 0. 1.84584002e-003 1.64589135e-003 0.
    1.20746857e-002 9.85924993e-003 0. -5.95744059e-004 0.
    -6.12424570e-004 0. 2.89048837e-003 0. 0. 0. 0. 0. 7.60215335e-004
    0. 0. 0. 3.79710738e-003 0. 5.95539669e-003 0. 0. 0. 2.49039941e-003
    0. 0. 0. 0. 2.97848950e-003 0. 0. 1.15552789e-003 0.
    -5.43561298e-003 0. 0. 0. 0. 0. 0. 0. 0. 6.09449251e-003 0.
    5.09193400e-003 0. 0. 0. 3.16202850e-003 3.59539292e-003
    4.31436300e-003 4.23338870e-003 0. 0. 0. 0. 0. 0. 0. 0.
    4.14058380e-003 0. 0. 0. -1.09092798e-003 0. 0. 0. 1.55610614e-005
    0. -4.70138824e-004 0. 1.30393018e-003 0. 2.56581930e-003 0. 0. 0.
    0. 6.03036431e-004 8.36078264e-003 0. 0. 0. 0. 0. 0. 0. 0.
    -5.20035683e-004 1.15131855e-003 0. 0. 1.44165838e-002 0. 0. 0.
    -1.00038764e-004 0. 8.34460370e-003 0. 0. 0. -3.18907289e-004 0. 0.
    0. 0. 0. 2.85563618e-003 0. 8.66839662e-004 8.60933738e-004 0.
    8.50599143e-004 0. 0. 0. 0. 5.14346117e-004 1.27091189e-003
    7.73542037e-004 0. 1.60984811e-003 0. 0. 8.08058947e-004 0. 0.
    1.54707581e-003 0. 0. 0. 4.33638645e-003 0. 1.81395956e-003 0. 0. 0.
    -1.32598577e-003 -2.51035410e-004 0. 0. 0. 0. 0. -1.63838384e-003
    1.25348987e-003 0. 0. 0. 0. 0. 0. 0. 1.82234595e-004 4.10183053e-003
    8.31251591e-003 0. 1.00438250e-003 6.41415652e-004 0. 0. 0.
    1.41834025e-003 1.90454617e-003 5.72707644e-003 0. 5.93169546e-003
    0. 0. 0. 9.45270993e-004 1.16243248e-003 0. 0. 0. 0. 5.67225274e-003
    0. 0. 0. 0. 0. 0. 2.05206685e-003 0. 3.47150001e-003 1.83880515e-003
    5.31685213e-003 0. 2.20364146e-003 0. 3.28485062e-003 0. 0.
    2.21268390e-003 0. 0. 0. 0. 2.94540916e-003 0. 4.57591470e-003 0.
    3.45051964e-003 0. 3.76578607e-003 0. 0. 0. 0. 0. -6.98812422e-004
    0. 6.95396331e-004 0. 7.81793569e-005 0. 0. 0. 0. 0. 0.
    7.70043395e-003 0. 0. 2.15350650e-003 0. 3.29881348e-003
    -2.12569226e-004 2.42853491e-003 -4.56684822e-004 0. 0. 0. 0. 0. 0.
    5.18669887e-003 0. 1.60239520e-003 0. 0. 2.30485946e-003 0.
    5.92191750e-003 0. 0. 0. 0. 0. 0. 1.06554432e-002 0. 0. 0. 0.
    3.21400096e-003 0. 0. 3.03446967e-003 1.64008851e-003 0.
    4.84724333e-005 0. 1.24438864e-003 0. 2.18001939e-003 0. 0. 0. 0. 0.
    7.00867269e-003 -8.68527102e-004 4.26998595e-003 0. -1.06726517e-003
    -2.49809586e-004 0. 4.24190075e-004 0. 0. 0. 0. 0. 1.58088431e-002
    7.46726466e-004 0. 0. 0. 0. 2.04988336e-003 0. 0. 1.00113302e-002 0.
    0. 2.69803358e-003 0. 3.16529977e-003 0. 3.55775701e-003 0.
    3.64550142e-005 1.15892459e-002 0. 0. 1.32491402e-002 0. 0.
    -1.45701831e-003 -6.24295441e-004 -1.74062292e-003 0.
    9.58050136e-004 9.18516424e-003 3.66720342e-004 3.56809329e-003
    3.29464179e-004 1.85395945e-002 4.82748123e-003 1.42859323e-002 0.
    0. 0. 0. 0. 0. 0. 0. -6.61324186e-004 0. 0. 0. 7.42248842e-004 0. 0.
    0. 0. 0. 4.15146211e-003 2.31714104e-003 2.63387803e-003
    8.24769668e-004 0. 0. 0. 0. 0. 1.73647574e-003 5.41826419e-004
    -1.14022160e-003 0. 0. 1.14236202e-003 0. 0. 0. -1.84313161e-003 0.
    0. 1.43245293e-003 0. 5.31627191e-003 0. 0. 0. 2.28550838e-004 0. 0.
    4.73972596e-003 0. 4.01772140e-003 0. 0. 1.63382431e-003 0. 0.
    1.90752966e-003 0. 0. 0. 0. 3.93226091e-003 5.12569584e-003 0. 0.
    2.03190232e-003 0. 0. 0. 0. -1.38698728e-003 6.11959025e-003
    -1.32436166e-003 -6.57069148e-004 0. 0. 0. 0. 0. 0. 0. 0.
    1.35530566e-003 0. 4.07712825e-004 8.52343976e-004 0. 0.
    8.94953497e-003 0. 1.24645431e-003 0. 6.46083383e-004 0.
