<?xml version="1.0"?>
<opencv_storage>
<imageDescriptor type_id="opencv-matrix">
  <rows>1</rows>
  <cols>1000</cols>
  <dt>f</dt>
  <data>
    5.92960138e-003 0. 6.86129695e-003 0. 2.53735599e-003 0.
    3.06101143e-003 9.64577589e-003 1.49755296e-003 1.51051464e-003
    5.58366859e-003 3.69879446e-004 0. 0. 6.21291948e-003 0. 0.
    3.65484296e-003 0. 0. -1.94206368e-003 0. 0. 0. 0. 0. 0. 0. 0.
    -1.74673635e-003 0. 0. 4.21279995e-003 0. -5.23854326e-003
    1.03481987e-004 0. 0. 0. -1.18519866e-003 0. 0. 0. 0.
    3.86688951e-003 0. 0. 0. -1.15959083e-004 -9.00406973e-004
    2.65555410e-003 2.48852826e-004 1.15379260e-003 0. 0.
    1.00357912e-003 0. 0. 0. -1.56862152e-004 -8.45945207e-004
    7.75168824e-004 3.41184833e-003 0. 0. 0. 0. 0. 6.48057973e-003 0. 0.
    4.21575643e-003 0. 7.27909571e-003 0. -1.56520435e-003
    -3.26713984e-004 0. 0. 0. 2.21667998e-003 -1.95717486e-003 0. 0. 0.
    0. 0. 0. 3.65839293e-003 3.22097377e-003 3.48308822e-003 0.
    2.35031731e-003 -1.24361378e-003 0. 0. 0. 0. 5.97011531e-003
    2.97483231e-004 0. 0. 2.07895855e-003 0. 8.21732637e-003 0. 0.
    8.88405310e-004 1.46817032e-003 4.19534370e-003 0. 5.37838321e-003
    6.75190892e-003 0. 0. 0. 0. 0. 0. 5.53354761e-003 0. 0. 0.
    5.57441777e-003 0. 2.11242354e-003 0. 4.45409067e-004 0.
    9.33676958e-004 5.62991062e-003 0. 0. 8.89278366e-004
    1.94520056e-002 0. 0. 0. 0. 0. 0. -1.85501622e-003 0. 0.
    -6.97539421e-003 0. 0. 0. 0. 0. 0. 1.80434063e-003 2.82432302e-003
    0. 0. 0. 1.48201466e-003 -2.13972002e-004 -4.02298465e-005 0. 0. 0.
    0. 0. 0. 0. 0. 0. 0. 0. 1.77295459e-003 0. 0. 2.51939520e-003
    -2.29009747e-004 4.23151255e-003 1.18684815e-002 1.29574168e-004
    3.90029978e-003 1.75900233e-003 0. 0. 5.71330823e-003 0. 0.
    5.22907218e-003 1.34008020e-004 9.01946891e-003 1.18265743e-003
    2.21259147e-003 0. 0. 1.92332116e-003 0. 0. -7.31138512e-004
    1.29737228e-003 0. 0. 0. 0. 1.56317391e-002 9.90038738e-003 0. 0. 0.
    0. -7.21336284e-004 0. 0. 0. 0. 0. 0. 0. 0. 0. -2.65301391e-003 0.
    0. 0. 0. 6.00003950e-005 2.71386141e-003 0. 0. 0. 0. 8.68313201e-003
    8.80499254e-004 1.56226871e-003 -4.83186101e-004 9.17299651e-003
    1.86637917e-003 4.46186983e-004 0. 0. 0. 0. 9.79377182e-006 0. 0. 0.
    1.41989021e-003 0. -1.75950443e-003 0. 4.84324992e-004 0.
    7.36408634e-003 0. 1.39531109e-003 -3.97284469e-003 0. 0.
    7.47086573e-003 4.17109253e-003 0. 9.98430979e-003 0. 0. 0.
    3.03881969e-002 3.04575369e-004 0. 0. 4.07803105e-003
    -1.81832584e-003 0. 4.32098750e-003 0. 3.20997019e-003 0.
    7.22167897e-004 1.00628044e-002 0. 1.35067757e-002 4.96588321e-003
    0. 0. 5.40512940e-003 0. 2.51049153e-003 2.00865953e-003
    -7.79278809e-004 0. 0. 0. -1.28631725e-003 9.87654319e-004 0. 0. 0.
    2.50855461e-003 0. -9.77370888e-004 0. 0. 0. 0. 2.48189690e-003
    7.37299165e-003 4.90842853e-003 0. 3.68422596e-003 4.73086810e-004
    0. 0. 0. 0. 0. 0. 0. 8.53548385e-003 0. 2.58034375e-003
    1.06149819e-003 0. 4.98030474e-003 0. 0. 0. 0. -5.82673412e-004 0.
    0. 0. 2.28968984e-003 -1.53154309e-003 0. 0. 0. 0. 1.69474096e-003
    1.85162132e-003 0. 0. 0. 0. 0. -1.94352889e-003 0. 5.39511559e-004
    0. 0. 8.19093268e-003 0. 0. 1.31119806e-002 0. 0. 0. 0. 0.
    -2.20566988e-003 -3.19816063e-005 0. 0. 0. 0. 0. 0. 0. 0. 0.
    1.56914268e-003 0. 2.56227888e-003 0. 0. -3.33123794e-003 0. 0. 0.
    0. 0. 0. 0. 3.51156574e-003 1.06618833e-002 0. 1.03304874e-005 0. 0.
    2.92407186e-003 0. 0. 9.81463352e-004 0. 3.73219285e-004 0. 0. 0. 0.
    0. 6.74519129e-003 0. 0. 2.63550086e-004 6.31314749e-003
    5.96215203e-003 3.13433097e-003 3.85750155e-003 0. 1.36126745e-002
    0. 0. 0. 0. 2.01078295e-003 0. 0. 0. 0. 0. 3.75160738e-003 0. 0. 0.
    0. 8.66596121e-004 2.01193127e-003 9.79921198e-004 1.25554577e-002
    3.58799682e-003 2.53013964e-003 4.48131323e-004 0. 0.
    1.14673702e-003 1.73912896e-003 0. 8.73240933e-004 0. 0. 0. 0.
    4.57162459e-005 0. 0. -9.65946645e-004 0. 2.89561134e-003
    3.95239005e-003 2.00086646e-003 0. 0. 0. 0. 0. 4.33436641e-003 0. 0.
    0. 0. -5.55186998e-004 9.70501732e-003 1.34172675e-003
    1.68343808e-003 1.44328573e-003 3.77675387e-005 0. 0. 0.
    1.93575360e-002 0. 0. 0. 8.92372918e-004 0. 3.07745463e-003
    -7.92867446e-004 0. 0. -2.60108267e-003 0. 3.15687992e-003
    -2.26677977e-004 0. 0. 0. 2.76261638e-003 0. 0. 0. 0. 0. 0. 0. 0. 0.
    4.38241707e-003 0. 3.31002031e-003 0. 0. 3.05245025e-003 0.
    3.22779035e-003 -5.49197197e-003 0. 0. 8.34490266e-003
    7.36086440e-005 1.42725941e-003 1.49065703e-002 0. 0. 0. 0. 0. 0. 0.
    0. 3.13143188e-004 0. -1.33228418e-003 2.74813944e-003 0.
    2.70323223e-003 0. 0. 0. 0. 5.95951919e-003 0. 6.55266503e-003 0. 0.
    1.20357797e-003 0. 0. 1.57817383e-003 0. 0. 0. 0. -7.00773497e-004
    3.24665266e-003 0. 0. 0. 0. -3.04927956e-003 0. -8.84352485e-004 0.
    0. 0. 0. 3.76077835e-003 0. 0. 0. 0. 0. 0. 7.47898035e-003 0. 0.
    2.53922516e-003 0. 2.74937297e-003 0. 0. 0. 0. 0. 0. 0.
    -1.84646097e-003 0. 0. 0. 0. 3.14601022e-003 0. 0. 0. 0.
    3.31862341e-003 0. 0. 0. 0. 2.27089822e-002 0. 0. 0. 0. 0. 0. 0. 0.
    0. 0. 0. 1.86534121e-003 0. 0. 1.04765641e-002 0. -1.62230909e-003
    -2.40129608e-004 0. 2.21124454e-003 0. 0. -1.11689931e-003 0. 0. 0.
    5.66647330e-004 0. 0. 0. 0. 1.95338693e-003 0. -3.54147283e-003
    1.12070097e-003 0. 3.58705479e-003 0. 0. 0. 0. -3.64686748e-005 0.
    0. 9.84205282e-004 0. 0. 5.60600369e-004 0. 0. 0. 2.54513719e-003
    -2.21825412e-005 0. 3.61370482e-003 0. 0. 6.99831930e-004 0.
    6.71894662e-003 -9.29738977e-004 0. 0. 0. 0. 5.53061318e-006
    1.78615004e-002 0. 0. 1.77537382e-003 0. 0. -5.05226897e-004 0. 0.
    0. 0. 0. 3.42964754e-003 1.94451096e-003 -1.83317432e-004 0. 0. 0.
    0. 5.27063897e-003 0. 0. 0. 0. 0. 0. 0. 1.11177517e-003 0. 0. 0. 0.
    0. 0. 0. 0. 0. 0. 0. 0. 0. 6.02250593e-003 3.16808728e-004
    8.53954069e-003 0. 0. 0. 0. 0. 7.46356207e-004 0. 1.70409807e-003
    1.90024948e-005 0. 1.38561428e-003 5.31415280e-004 0.
    9.21124220e-003 0. 2.47000204e-003 3.55805387e-005 0. 0. 0. 0. 0. 0.
    0. -1.51915918e-003 0. 8.84510949e-003 5.05354488e-003
    9.84795392e-003 0. 0. 0. 0. 0. 8.37659184e-003 0. 0. 8.15324456e-005
    2.33291509e-003 1.32396177e-003 0. 0. 3.52541800e-003 0. 0. 0. 0.
    1.30779645e-003 0. 0. 0. 0. 0. 0. 0. 1.35870790e-003 0. 0. 0.
    1.42422854e-003 0. 3.30670783e-003 0. 0. 0. 0. 0. 6.79063564e-003
    2.19707284e-003 0. 0. 1.69937988e-003 0. 1.05536683e-002 0.
    3.79756559e-003 0. 4.68425965e-003 0. -2.64175446e-003
    4.89238650e-003 0. 0. 0. 0. -6.87121938e-004 0. 2.93119432e-004 0.
    9.62336373e-004 0. 5.38226357e-003 1.50368351e-003 0. 0. 0. 0.
    1.06067746e-003 0. 2.04459997e-003 6.85632171e-004 6.88732322e-003
    4.33730334e-003 0. 0. 1.98161937e-002 -6.40751235e-003
    -1.54247927e-003 0. 2.59157293e-003 1.36360284e-002 0. 0.
    1.04163052e-003 1.98686466e-004 0. 1.52500311e-003 0. 0.
    3.75935948e-003 0. 1.46719522e-003 0. 0. 0. 0. 1.82748702e-003 0.
    -8.61469016e-004 3.82579374e-003 9.64472827e-004 0. -1.52561907e-003
    0. 0. 2.30416795e-003 0. 0. 0. 0. 0. 0. 0. 0. 0. 0. 1.45005470e-003
    0. 0. 2.17779912e-003 0. 0. 0. 0. -3.40613979e-003 0. 0. 0.
    6.26069680e-003 6.07926166e-003 0. 9.48636048e-003 3.28184315e-003
    0. 1.91728061e-003 0. 0. 0. 8.62397021e-004 7.59648718e-003 0. 0. 0.
    2.89747631e-003 0. 0. 2.45499983e-003 -1.63809731e-004 0. 0. 0. 0.
    2.56574061e-003 0. 0. 0. 0. 0. -1.96724944e-003 0. -4.36560600e-004
    1.07836444e-003 0. 0. 0. 0. 0. 0. 0. 0. 0. 2.30818777e-003 0.
    6.43867417e-004 0. 6.57390570e-004 0. 0. 0. -1.45816139e-003 0. 0.
    0. 0. 0. -1.17680139e-003 0. 0. 0. 0. 0. 9.89075983e-004 0. 0. 0. 0.
    -1.20891200e-003 4.83084423e-003 9.44154570e-004 0. 0. 0. 0. 0. 0.
    1.09172147e-003 0. 0. 5.05988998e-003 0. 0. 7.32284214e-004
    3.14357155e-003 0. 0. 7.78857013e-003 0. 0. 1.38876156e-003 0. 0.
    4.36182180e-003 0. 0. 8.42206459e-003 0. 0. 3.91356228e-003 0. 0. 0.
