<?xml version="1.0"?>
<opencv_storage>
<imageDescriptor type_id="opencv-matrix">
  <rows>1</rows>
  <cols>1000</cols>
  <dt>f</dt>
  <data>
    0. 0. 0. 7.88406003e-004 0. 0. 0. 0. 4.71461006e-003 0. 0.
    1.62632531e-003 0. 0. 0. 0. 1.78265339e-003 0. 0. 0. 0. 0.
    1.03232649e-003 -1.09385035e-003 3.85173102e-004 0. 0. 0. 0.
    -1.65961668e-004 0. 1.56688271e-003 5.21253154e-004 0.
    1.98988919e-003 0. 2.94713001e-003 0. 0. 0. 0. 0. 9.88220097e-004
    6.44794060e-003 0. 0. 8.97716149e-004 0. 4.39508446e-003 0.
    3.57702421e-003 0. 5.92681346e-004 0. 0. 0. 1.20792759e-003
    3.57572990e-003 0. 2.26285192e-003 1.42327033e-003 9.06496716e-004
    0. -1.67635141e-003 0. 1.57883245e-004 1.17973599e-003 0.
    1.48649712e-003 2.47568986e-003 0. -2.08883594e-005 0.
    8.16687848e-003 1.03756436e-003 0. 3.20732500e-003 0. 0. 0.
    4.50562267e-003 0. 2.04754280e-004 0. 3.86073254e-003
    -2.30570580e-003 0. 0. -2.35944544e-003 9.24779195e-003
    1.75758923e-005 8.73089128e-004 1.51056228e-002 1.10047695e-004
    -7.20290991e-004 -6.30105205e-005 -3.43383988e-004 0.
    1.38872303e-003 -1.24481478e-004 0. 0. 0. 0. 0. 5.04185958e-003
    -1.15618680e-003 0. 0. 1.15775911e-003 1.95809887e-004 0. 0.
    1.24414195e-003 0. 0. 0. 5.08450810e-003 0. 0. 0. 2.00258894e-003
    -2.21584123e-004 0. 0. 0. 0. 2.25944305e-003 2.13185512e-003 0.
    -4.07900836e-004 0. 0. 0. 0. 1.56788446e-003 0. 0. 4.15887916e-003
    -7.36747112e-004 0. 3.42600350e-003 0. 0. 6.08368078e-004 0. 0.
    1.86003384e-003 -3.37526784e-004 4.08200035e-003 1.53659517e-003
    9.57659446e-004 1.48603081e-004 2.79357028e-003 2.36296118e-003
    2.39494140e-003 0. 1.74879259e-003 -4.47648205e-003 -1.46673585e-004
    -4.33396461e-004 0. 1.16437988e-003 1.64723396e-003 -2.95276113e-004
    0. 1.20916474e-003 0. 2.73165759e-003 0. 0. 0. 7.87500059e-004 0.
    6.54532900e-003 0. 1.94823963e-003 0. 0. 3.97292105e-003 0. 0.
    2.26816488e-003 0. 0. 0. -5.04234049e-004 1.43829163e-003 0.
    2.08175741e-004 1.42982672e-003 0. 4.44447901e-003 0.
    5.21090301e-003 -7.98215391e-004 1.01539670e-002 0. 0. 0.
    1.82988399e-004 1.62037276e-002 7.44105899e-004 0. 0. 0. 0.
    5.54485538e-004 0. 6.24884898e-003 0. 0. 4.69872309e-003 0.
    5.64395590e-003 0. 7.68126780e-003 5.40305395e-004 -2.84723879e-004
    0. 0. 1.02721539e-003 0. -6.29297225e-004 0. 0. 0. 2.44651688e-003
    1.61648088e-003 4.97851800e-003 4.85532545e-003 1.11540593e-003
    3.85642448e-003 4.20087529e-003 0. 1.26775680e-003 0.
    1.19977386e-003 0. 0. 0. 0. 3.37124988e-003 0. 3.18323087e-004
    3.63462372e-003 0. 0. 0. -3.27841891e-003 0. 0. 3.41469515e-003
    2.34126789e-003 0. 0. -5.80146443e-004 4.11182130e-003
    9.37783625e-003 2.48920382e-003 0. 0. 4.15911991e-003 0. 0. 0.
    -9.67107306e-004 5.36475563e-004 5.91217680e-003 0. 0.
    3.64717538e-003 0. 3.28879128e-003 0. 0. 3.20346816e-003
    6.51240640e-004 0. 0. 6.78214105e-003 0. -3.57243256e-003 0. 0.
    7.51637781e-005 1.37450628e-003 4.63467935e-004 7.82602234e-004 0.
    0. 2.24482827e-003 0. 0. 2.42345012e-003 0. 6.20411534e-004
    4.43060053e-005 8.25593900e-003 1.30428234e-003 0. 1.90872885e-003
    0. 0. 4.50215861e-003 8.94891680e-004 0. 0. 6.57365331e-003
    -1.68438570e-003 1.46431639e-003 -5.70312768e-005 0. 0. 0. 0.
    3.52883735e-003 1.01103280e-002 0. 0. 0. 0. 3.72032356e-003
    2.88417470e-003 0. 3.40891909e-003 0. 3.03374184e-003
    -1.33510784e-003 5.46253426e-003 0. 4.15326841e-003 -3.82769213e-004
    0. 8.12015589e-003 0. 1.38229504e-003 4.06538928e-003 0. 0.
    5.56116342e-004 0. 1.28704146e-003 6.93533628e-004 0. 0.
    2.94990186e-003 0. 0. 0. 0. 0. 0. 0. 1.57474645e-003 3.47836595e-003
    0. 0. 0. 0. 0. 0. 3.16488463e-003 0. 0. 0. 0. 1.27868005e-003 0.
    1.92207051e-003 -5.86742710e-004 0. 2.95775267e-003 0. 0. 0. 0.
    6.94576884e-004 0. 0. 4.49109077e-003 -1.90910953e-003 0. 0. 0.
    2.58970074e-003 0. 0. 4.75336472e-003 1.23790884e-003 0. 0. 0.
    -1.48007576e-003 4.57242038e-003 0. 1.84671977e-003 2.24510627e-003
    2.20937887e-003 0. 0. 2.27804622e-003 2.91349064e-003 0.
    8.56043887e-004 0. 0. 0. 0. 2.83177779e-003 0. 0. 5.71722747e-004 0.
    2.31305463e-003 0. 0. 0. 5.47173433e-003 0. 1.16296392e-003
    6.00872142e-003 -7.70248182e-004 9.20347462e-004 0. 3.51964938e-003
    6.12973308e-005 0. 0. 2.53659976e-003 -1.31094188e-003
    1.54966081e-003 0. 3.24965781e-003 9.92189278e-004 0. 0.
    7.05729763e-004 0. 0. 0. 5.45801315e-003 0. 0. 0. 0. 0. 0.
    1.01922394e-003 0. 1.86078809e-003 0. 1.10179756e-003
    2.15270999e-003 0. 0. 1.46480149e-003 3.37485201e-003 0.
    1.45107671e-003 0. 1.53079571e-003 0. 6.30795315e-004
    3.22703924e-003 0. 0. 0. 4.11842763e-003 8.19736067e-003
    5.19420253e-004 0. 0. 6.46672631e-003 0. 0. 0. 3.75312963e-003
    1.03909173e-003 0. 0. 2.53415038e-003 6.04044530e-004
    2.06587929e-003 0. 5.40719926e-003 0. 0. -3.67081055e-004
    4.92525147e-003 1.73334684e-003 2.39726491e-002 0. 8.34575796e-004
    0. 1.91705651e-003 0. 0. 0. 0. 0. 3.53749841e-004 3.78191331e-003
    -2.97656143e-003 8.58777901e-004 4.37763985e-003 -8.22311617e-004 0.
    0. 0. 1.61263987e-003 0. 0. 0. 0. 5.55221504e-003 3.98549484e-003
    9.94750415e-004 -3.05122725e-004 0. 0. 4.07539587e-003 0. 0. 0.
    1.89419254e-004 1.90658099e-003 1.48382317e-003 0. -2.48019351e-004
    -8.97750142e-004 5.01494901e-003 0. 1.58854551e-003 0. 0. 0.
    3.35150096e-003 6.87041460e-003 0. 1.78924168e-003 4.03278694e-003
    2.38913228e-003 0. 0. 1.12244384e-002 0. 0. -1.86044327e-003
    1.29432639e-003 0. 0. 0. 0. -1.33090885e-004 7.41581665e-004 0.
    8.29489436e-004 0. 0. 0. 1.25579059e-003 0. 0. 7.88371894e-004 0. 0.
    0. 3.67964269e-003 0. 4.15684097e-003 0. 6.85493404e-004 0. 0.
    2.38264282e-003 0. 0. 0. 0. 0. 0. 0. 2.29016485e-004 0. 0. 0. 0. 0.
    -2.09448073e-004 2.39678004e-004 2.22747168e-003 0. 0.
    2.40781857e-003 0. 0. 0. 0. -2.91770470e-004 0. 4.36290167e-003
    4.22171899e-004 4.75522922e-003 0. 5.09473775e-003 1.17337459e-003
    5.44998562e-003 3.24989110e-003 1.76748057e-004 0. 0.
    2.22891700e-004 2.39831372e-003 0. 0. 7.11482950e-004 0. 0. 0.
    1.53581623e-003 0. 0. 0. 0. 0. 0. 1.53745199e-002 0. 3.28835961e-003
    8.53971485e-003 0. 0. 0. 1.15012655e-004 0. 0. 0. 0. 0. 0.
    -8.00706330e-004 1.04158767e-003 0. 0. 0. 0. 9.37015051e-004 0.
    4.76407469e-004 0. -5.62884030e-004 0. 0. 0. 0. 2.98217055e-003 0.
    -8.17867927e-004 0. 5.55170141e-003 0. 0. 0. 0. 3.87278065e-004
    1.59569329e-003 0. 0. 0. 3.65120731e-003 1.04072469e-003
    7.42963003e-003 4.80024610e-003 1.47862022e-003 0. 1.85233180e-003
    0. -4.98809095e-004 0. 6.29585143e-003 0. 4.55047935e-003
    2.09957478e-003 0. 1.05693948e-003 2.51761894e-003 0. 0. 0. 0. 0. 0.
    2.76847370e-003 -1.19747550e-004 0. 1.23927800e-003 2.46950123e-003
    0. 0. 0. 1.09451858e-003 1.98055524e-003 0. 1.40164571e-003 0.
    -1.89705916e-005 1.09287072e-003 0. 0. 0. 0. 0. 2.25047790e-003 0.
    0. 0. 0. -1.01657759e-003 0. 1.07313832e-003 0. -2.29099090e-003 0.
    5.40839368e-003 0. 4.38535307e-003 0. 5.51916799e-003 0. 0. 0. 0.
    4.36643325e-003 1.09418994e-003 0. -4.53043060e-004 0.
    4.59066965e-003 0. 0. 0. -4.75003995e-004 3.52675491e-003 0. 0. 0.
    0. 8.05796497e-003 0. 0. 1.30274089e-003 4.42860229e-003
    1.82214499e-004 0. 0. 1.68692414e-003 0. 0. 0. 0. 1.81472092e-003
    2.61263177e-003 -5.88070725e-005 0. 0. 0. -4.47204756e-003 0. 0.
    3.88161116e-003 1.15770870e-003 3.91844707e-003 7.43971497e-004 0.
    0. 8.10267404e-003 0. 0. 0. 0. 0. 0. 1.83355529e-003 1.24350993e-003
    0. 2.03161180e-004 2.84477905e-003 0. 0. 1.31364178e-003
    5.04789781e-003 0. 0. 1.15119771e-003 9.98543017e-003 0. 0.
    1.22633216e-003 0. 0. 3.19174444e-003 0. 3.40723037e-003 0.
    3.21294717e-003 9.26155248e-004 3.17642349e-003 0. 0.
    3.94945918e-003 0. -4.85038327e-004 -6.11746742e-004 3.94696184e-003
    -3.57370067e-004 2.46610632e-003 0. 0. 2.89642881e-003
