<?xml version="1.0"?>
<opencv_storage>
<imageDescriptor type_id="opencv-matrix">
  <rows>1</rows>
  <cols>1000</cols>
  <dt>f</dt>
  <data>
    3.31785344e-003 0. 7.93801434e-003 1.34270813e-003 2.64188088e-003
    6.74543530e-003 0. 0. 0. 2.82555888e-003 1.36687362e-003 0.
    6.97877631e-003 0. 1.25358002e-002 0. 0. 0. 0. 0. 0. 1.82447932e-003
    0. 0. 5.89964725e-003 0. 0. 0. 0. 0. 4.62311087e-003 0. 0. 0.
    1.16407275e-002 0. 0. 0. 0. 0. 1.30202319e-003 0. 0. 0. 0. 0. 0.
    2.58800969e-003 -1.10538409e-003 8.98847764e-004 2.45212275e-003
    5.44529175e-004 0. 2.40361411e-003 0. 0. 3.97394178e-003 0.
    2.86466349e-002 -3.53196310e-003 -3.20908672e-004 5.58564020e-003 0.
    0. 0. 0. 0. 0. 0. 0. 3.18298489e-003 5.72189130e-003 0.
    1.35566632e-003 0. 0. 0. 0. 9.10709705e-003 0. 3.42741283e-003 0. 0.
    2.50427565e-003 0. 7.25144148e-003 0. 0. 0. 0. 5.84442355e-003 0. 0.
    -1.07126974e-003 0. 7.95589760e-004 1.30730895e-002 0.
    4.26116586e-003 0. 0. 2.36745514e-002 0. 0. 0. 0. 0. 0. 0. 0. 0. 0.
    0. 1.50457933e-003 0. 0. 0. 2.73120962e-003 0. 2.10099015e-003 0.
    3.30662238e-003 -9.56804724e-004 -1.45329209e-003 0. 1.55084743e-003
    0. 9.41139646e-003 0. 1.23970781e-003 0. 0. 4.73516237e-004 0. 0.
    1.91622460e-003 1.92335143e-003 0. 0. 0. 4.50056046e-003
    -1.33071595e-003 0. 0. 5.92566282e-003 0. 0. 0. -1.52832724e-003 0.
    6.63652318e-004 0. 0. 0. 0. 0. 0. 0. 0. 0. 7.20910821e-003 0.
    1.55799219e-003 3.07821948e-003 0. 0. 0. 0. 0. 2.88524807e-005 0. 0.
    0. 3.89429135e-003 0. 0. 0. 0. 0. -2.22421205e-003 0. 0. 0. 0. 0. 0.
    4.28393687e-004 1.65784138e-003 1.71457569e-003 0. 9.28016554e-004
    0. 0. 0. 7.05686864e-003 1.84905471e-003 0. 0. 0. 0. 0.
    3.19510605e-003 0. 0. 0. 1.81771268e-003 0. 3.07720294e-003 0. 0.
    1.29534374e-003 5.40343393e-003 4.22522600e-004 0. 0.
    4.95060580e-003 1.30620059e-002 0. 0. 0. 0. 0. -1.18391204e-003 0.
    0. 0. 0. 0. 0. 1.33396173e-002 0. 0. 0. 7.42297713e-003
    2.05619354e-003 0. 0. 0. 1.22037635e-003 0. 0. 0. -2.59119872e-004
    0. 0. 0. 0. 0. 2.60170526e-003 8.25472549e-003 0. -1.16530166e-003
    1.66039984e-003 -6.04245346e-004 1.03364268e-003 0. 0. 0.
    -2.05506990e-003 0. 0. 0. 0. 0. -5.97628474e-004 0. 7.54765351e-004
    5.80905844e-003 0. 4.54609282e-003 0. 4.03277855e-003 0.
    -5.63174137e-004 4.82860859e-003 0. 0. 0. 0. 0. 3.07282731e-002
    3.01284628e-004 1.01765199e-002 0. 0. 0. 0. 0. 0. 0. 0.
    5.07484772e-004 0. 0. 6.49762480e-003 0. 0. 9.18374211e-003 0. 0. 0.
    2.86102365e-003 2.16928264e-003 0. 0. 0. 0. 0. 2.68584699e-003 0. 0.
    0. 0. 0. 0. 9.52798058e-004 0. 1.26621192e-002 0. 0. 1.70849706e-003
    0. 0. 0. 0. 1.89885031e-004 0. -1.81616447e-003 0. 0. 0. 0. 0.
    1.47670668e-004 3.05012520e-003 4.60116332e-003 0. 0. 0.
    1.36593182e-003 9.50326270e-004 0. 0. 0. 0. 0. 0. 0. 2.64296331e-003
    0. 0. 0. 0. 0. 4.86206583e-004 8.08818545e-003 0. 1.52993982e-003
    5.28180785e-003 0. 0. 0. 0. 0. 2.28835735e-003 0. 0. 0.
    4.43529012e-003 1.53653824e-003 4.79716389e-003 0. 2.90108309e-003
    0. 0. 0. 0. 0. 3.67401354e-003 7.81664345e-003 0. -2.08524382e-003
    0. 0. 0. -8.09638761e-003 2.09161434e-002 0. -3.41613108e-004
    -5.30693622e-004 0. 0. 0. 0. 0. 3.52695910e-003 -1.37459021e-003 0.
    0. 0. 0. 0. 0. 2.66666384e-003 0. 0. 0. 0. 0. 1.17428787e-002 0.
    2.45665037e-003 0. 0. 0. 2.73771235e-003 0. 0. 0. -7.69526581e-004
    0. 0. 3.71960131e-003 8.63511767e-003 0. 0. 2.67787127e-005 0.
    -4.91582497e-004 0. 3.37641733e-003 0. 0. 8.54052417e-003 0. 0.
    -1.21099874e-003 0. 0. 0. 0. 0. 2.14788015e-003 0. 0. 0. 0.
    3.48562840e-004 0. 0. 0. 0. 0. 0. 5.62859525e-004 0. 0.
    2.69079501e-005 0. 1.47126743e-003 0. 0. 0. 0. 0. 2.98102037e-003 0.
    0. 0. 0. 0. 0. 0. 0. 0. 0. 0. -5.83988847e-004 -1.32430100e-003 0.
    0. 2.38882587e-003 6.06925576e-004 0. 0. 0. 0. 0. 7.45849218e-004
    5.81848482e-003 0. 0. -1.15358457e-003 0. 0. 0. -4.11922025e-004 0.
    0. 0. 0. 0. 0. 0. -5.39308239e-004 0. -1.04540544e-004 0. 0. 0. 0.
    -2.53510982e-004 8.10887478e-003 0. 0. 0. 0. 0. 0. 7.16427714e-003
    0. 0. 4.64328798e-003 0. 1.92099565e-003 -2.71116220e-003
    5.35169570e-003 0. 0. 0. 0. 1.74178369e-003 0. 0. 0. 0. 0. 0.
    8.17295280e-004 0. 0. 9.83767025e-003 0. 0. 0. -1.13459106e-003 0.
    0. 0. 0. 0. 0. 0. 0. 0. 0. 0. 0. 0. 0. 0. 0. 0. 0. -6.92792644e-004
    0. 0. 0. 0. 0. -2.66293902e-003 0. 9.17454090e-005 0.
    -1.62355835e-004 5.04108518e-003 0. 8.82099499e-004 0. 0.
    1.79474964e-003 -3.19554657e-003 0. 0. 0. 3.06500634e-003
    2.92900042e-003 4.08668164e-003 9.69774369e-003 0. 0. 0. 0. 0. 0. 0.
    2.33986462e-003 5.64469351e-003 1.47336291e-003 0. 0. 0.
    -8.01862101e-004 0. 0. 0. 0. 0. 0. 0. 6.46528928e-003
    8.60779837e-004 -2.42254231e-003 1.95830991e-003 0. 1.32689113e-003
    0. 1.96795492e-003 0. 0. -8.31617683e-004 0. 0. 0. -2.15075328e-004
    0. 2.56369793e-004 0. 0. 8.15352832e-005 0. 0. 0. 0. 0. 0. 0.
    -3.01614194e-003 0. 0. 1.88155996e-003 0. 0. -6.53297699e-004
    1.23971039e-002 0. 0. 0. 0. 0. 0. 0. 0. 7.87261350e-004 0. 0.
    8.70370399e-003 0. 3.54256458e-003 0. 0. 0. 0. 0. 0. 0.
    3.03962338e-003 0. 0. 0. 0. 0. 0. 0. 0. 0. 0. 4.50824900e-003 0.
    2.81063770e-003 2.65196827e-003 0. 0. 9.51373111e-003 0. 0. 0. 0. 0.
    0. 0. 0. 6.99593592e-003 0. 1.44011097e-003 0. 0. -5.13184641e-004
    0. 9.79375211e-004 0. 3.68110463e-002 0. 0. 7.31351203e-004 0. 0. 0.
    0. 0. 0. 0. 0. 0. 0. 0. 0. 0. 0. 0. -1.05093280e-003 1.24064088e-003
    0. 0. 0. 0. 8.66966555e-004 0. 0. 0. 0. 0. 0. 0. 7.14278081e-004 0.
    0. 7.76922191e-003 0. 0. 2.46043131e-003 3.31147551e-003 0. 0. 0. 0.
    0. 0. 7.99881003e-004 0. 0. 0. 4.43612505e-003 0. 7.76707800e-003 0.
    0. 0. 0. 0. 0. 0. 0. -1.62387581e-003 0. 2.55121780e-003
    5.63088979e-004 3.77709628e-003 7.30352185e-004 1.90713909e-004 0.
    9.03443142e-004 0. 0. 0. 0. 8.36602598e-003 3.32501787e-003
    6.11638883e-003 0. 0. 0. 0. 0. 2.87603401e-003 0. 5.33759419e-004 0.
    4.36073821e-003 0. 0. 0. 0. 0. 5.88967698e-003 1.10782427e-003 0. 0.
    0. 0. 9.41716600e-003 -2.07263231e-003 0. 0. 0. 0. 7.86804478e-004
    0. 0. 0. 0. 0. 2.74865469e-003 0. 0. 5.56167588e-003 0. 0. 0. 0. 0.
    0. 0. 0. -1.52566144e-003 1.09096523e-003 0. 0. 0. 0.
    3.20992596e-003 0. 0. 0. 0. 2.47090589e-003 0. 0. 0. 0.
    1.00683246e-003 0. 1.71943079e-003 6.00505713e-003 0. 0.
    1.75639510e-003 0. 4.88606887e-003 8.96466896e-004 1.13170510e-002
    2.08031110e-004 0. 6.15285302e-004 0. 3.78314476e-003 0. 0. 0. 0. 0.
    0. 0. 1.93612103e-003 0. 0. 0. 0. 0. 0. 0. -2.13360181e-004
    8.64222553e-003 0. 0. 0. 0. 7.39085441e-003 0. -2.50972138e-004 0.
    0. 0. 0. 1.29876149e-004 0. 0. 7.40199769e-003 0. 9.23151907e-004 0.
    -3.39015707e-004 0. 0. 0. 0. 0. 0. 8.46945588e-003 0. 0. 0. 0. 0. 0.
    1.71870459e-002 0. 0. 0. 0. 3.59344576e-003 2.09460333e-002 0. 0. 0.
    0. 0. 0. 0. 0. 0. 0. 4.06231079e-003 1.23106996e-002 0. 0.
    6.68868190e-003 0. 0. 0. 0. 0. 1.69443097e-002 0. 5.28460555e-003 0.
    0. 0. 0. 0. 0. 4.97223996e-003 0. 4.78518568e-003 0. 0. 0.
    7.18354620e-003 0. 0. -1.10695706e-004 0. 0. 0. 0. 0.
    -1.62174154e-004 0. 3.79001186e-003 2.55537708e-003 0. 0. 0. 0.
    3.02545656e-003 0. 2.06943019e-003 0. -2.11045402e-003
    -1.19130767e-003 0. -1.51317989e-004 -6.08787115e-004
    1.01598883e-002 0. 0. 0. 0. 0. 6.36496069e-003 0. 7.77213369e-003
    3.52761708e-003 0. 0. 0. 0. 0. 0. 0. 0. 9.83729609e-004 0. 0.
    5.03342971e-003 0. 0. -3.88008310e-004 0. -4.13686642e-003</data></imageDescriptor>
</opencv_storage>
