<?xml version="1.0"?>
<opencv_storage>
<imageDescriptor type_id="opencv-matrix">
  <rows>1</rows>
  <cols>1000</cols>
  <dt>f</dt>
  <data>
    6.31352840e-003 0. -9.03606240e-004 2.51406641e-003 3.73734452e-004
    5.68249146e-004 0. 2.31362577e-003 0. 0. 0. 0. 0. 0. 0.
    2.29679933e-003 0. 2.32261163e-003 0. 0. 0. 0. 4.29853983e-003
    8.77000042e-004 0. 0. 2.59409170e-003 3.98158358e-004 0.
    1.71479292e-003 0. 0. 0. 0. 4.30376967e-003 3.27984709e-003
    -1.71263516e-003 0. -7.13338377e-004 3.44311655e-003 0.
    2.99535436e-003 0. 1.53208745e-003 -1.04530109e-003 0.
    4.39872779e-003 4.84126707e-004 0. 4.84815985e-003 1.38508738e-003
    0. -3.11179738e-003 3.05828033e-003 0. 0. 0. -2.25010607e-003 0.
    1.41549599e-003 2.95056193e-003 0. 0. 0. 0. 0. 0. 0. 8.01205821e-003
    1.39312178e-004 0. -3.80780059e-003 3.62900901e-003 0. 0. 0. 0. 0.
    0. 0. 0. 0. 1.03564886e-003 3.05413548e-003 0. 0. 0. 0. 0.
    3.47337965e-003 0. 0. 4.55858558e-003 3.84360342e-003 0.
    3.53605393e-003 -3.96531774e-003 2.13115127e-003 4.66228143e-004
    -1.70807692e-003 0. 8.18523229e-004 0. 1.40202080e-003 0.
    1.12399133e-003 3.01089976e-003 4.26557986e-003 0. 0.
    -1.83012875e-004 0. 7.10051693e-003 1.31120335e-003 0. 0. 0. 0. 0.
    1.75440719e-003 0. 0. 0. 1.07959565e-003 1.70675875e-003
    6.23720465e-003 0. -2.54028663e-003 0. 0. 3.66372359e-003
    4.61210357e-003 0. 5.28154313e-004 0. 0. 0. 0. 1.66761188e-003 0.
    1.52070669e-003 2.28030910e-003 4.98678675e-003 -1.51495085e-004
    -1.53063552e-003 0. 0. 0. 0. -3.65718821e-004 0. -4.30619461e-004
    -5.31445374e-004 3.63517716e-003 5.64483972e-003 0. -2.41051312e-004
    0. -1.34667091e-004 0. 0. 1.30344101e-003 1.64731557e-003 0.
    3.64391628e-004 0. 0. 0. 0. 4.41730442e-003 0. 0. 6.11286960e-004
    6.57883123e-004 0. 0. 1.34891667e-003 0. -1.29174534e-003
    1.01973014e-002 0. 0. 0. 0. 0. 0. 4.72215208e-004 0. 4.27796738e-003
    0. 0. 5.76062826e-003 3.97445215e-003 0. 0. 2.24969210e-003 0.
    1.95768499e-003 7.28984713e-004 9.81931458e-004 0. 5.29030629e-004
    0. -1.20584143e-003 0. 0. 3.92811745e-003 0. 0. 1.85190968e-003
    1.23633759e-003 2.27106339e-003 7.40013435e-004 1.97047764e-003 0.
    5.19759815e-005 3.94927600e-004 0. 0. 0. 0. 0. 6.52498566e-003
    6.63565798e-003 2.01440812e-003 0. 0. 0. 0. 2.49330536e-003 0.
    4.65663557e-004 0. 4.03760147e-004 0. 0. 0. 7.52539933e-003 0.
    1.66967791e-003 1.56886270e-003 1.53089629e-003 0. 0.
    -2.29946570e-004 -1.66189086e-004 0. 0. 1.48852949e-003 0. 0.
    1.63771515e-003 0. 8.16101581e-003 1.95835065e-003 1.52079447e-003
    0. 3.80497659e-004 -2.69091659e-004 1.42189744e-003 0. 0. 0. 0.
    6.85510645e-003 0. 3.23158712e-003 0. 0. 0. 3.22530558e-003
    3.08960443e-003 4.09256201e-003 0. 0. 0. 0. 5.75483486e-004 0. 0. 0.
    0. 9.64500476e-004 0. 2.79566506e-003 0. 0. 1.75059121e-003 0. 0. 0.
    1.08218938e-003 -5.51315304e-003 1.19314808e-003 4.13559517e-003
    8.48111929e-004 0. -1.96671465e-007 1.95652829e-003 -1.01439087e-004
    1.72937464e-003 0. 0. 3.63188505e-004 0. 2.75707431e-003 0. 0. 0. 0.
    0. 0. 0. 5.52867865e-003 0. -6.74767478e-004 0. 3.87381995e-003 0.
    2.15096376e-003 0. 6.84052194e-003 0. -9.03076667e-004 0. 0. 0. 0.
    9.32914088e-004 6.62442902e-003 1.52942922e-003 0. 0. 0. 0. 0.
    4.11094632e-003 5.15248720e-003 7.77452078e-004 1.22899166e-003
    -1.62503181e-003 0. -9.37695557e-004 0. 1.43009028e-003
    7.92402949e-004 0. 7.03063910e-004 1.69459637e-003 0.
    3.85077401e-005 1.46061962e-003 0. 0. 3.78979766e-003
    9.24023916e-004 2.49883480e-004 2.74518551e-003 3.60361242e-004 0.
    4.20523313e-004 0. 0. 2.64393608e-003 0. 2.10632500e-003 0.
    2.85479566e-003 -1.68993813e-003 0. -2.62853783e-003 0. 0. 0.
    9.04168235e-004 0. 0. 5.73955849e-003 1.76997632e-002
    5.96098509e-003 7.19518075e-003 -4.70466155e-004 1.69318228e-003 0.
    0. 4.16974799e-004 0. 6.60101231e-003 -5.23319875e-004 0. 0.
    1.83783751e-003 2.59391760e-004 0. 0. 2.72463541e-003 0.
    5.19352127e-003 0. 0. 9.03787266e-004 1.23382008e-004 0. 0. 0. 0.
    2.11192179e-003 0. 2.38345098e-003 3.15717328e-003 0. 0. 0.
    7.78970658e-004 0. 0. 0. 0. 4.78691654e-003 6.76691765e-004
    1.75724365e-003 3.54634947e-003 2.62418296e-003 4.31091059e-003
    2.26076925e-003 6.12030504e-004 1.50801920e-004 0. 1.40110124e-003
    2.30785133e-003 0. 1.42745744e-003 4.13611764e-003 4.11294214e-003
    2.86579598e-004 0. 0. 9.49413609e-003 0. 0. 0. 0. 0. 0.
    1.75221525e-002 1.11546624e-003 3.40352324e-003 0. -1.69562979e-003
    0. 1.24297920e-003 0. 0. 6.72539324e-003 5.05353697e-003 0. 0. 0. 0.
    1.07364170e-003 1.95555715e-003 0. 0. 2.16856296e-003
    5.21139987e-003 0. 5.18458709e-003 0. -8.40975146e-004 0.
    6.30377617e-004 0. 0. 0. -7.88514037e-004 0. 0. 6.91884011e-003
    -1.75585784e-003 0. 0. 2.14949343e-003 1.77784823e-003 0. 0. 0. 0.
    -2.94885976e-004 1.47784560e-003 1.52211334e-003 0. 8.21213238e-003
    -2.87913345e-003 0. 0. 6.24448201e-003 8.45140312e-004 0. 0. 0.
    8.15171935e-003 2.16230145e-003 2.08872161e-003 0. 3.02555505e-003
    4.07804095e-004 5.13703562e-003 5.94008993e-003 0. 0. 0. 0. 0. 0.
    -2.14086962e-004 7.49455881e-004 0. 3.56434612e-003 0. 0. 0.
    6.19256729e-003 0. 0. 0. 0. 1.51234493e-003 0. 0. 8.36926687e-004
    1.14898162e-003 0. 6.37345575e-003 0. 0. 0. 0. 0. 7.07414816e-004
    6.67070225e-003 0. 0. 0. 0. 0. 2.20615254e-003 0. 0. 7.23293706e-005
    0. 0. 1.00981828e-003 0. 0. 0. 0. 0. 3.58726742e-004 1.24863349e-003
    0. 0. -1.38447993e-003 1.92149030e-003 8.00423790e-004 0.
    4.71138489e-003 1.46756880e-003 9.86596802e-004 1.77068333e-003 0.
    1.61689904e-003 0. 1.51182082e-003 0. 0. 0. 0. 4.43042285e-004 0.
    -1.55528949e-004 1.72375271e-003 0. -1.45431550e-004 0. 0. 0. 0. 0.
    8.11503734e-003 0. 0. 0. 0. 1.92485598e-003 0. 4.95108718e-004 0.
    1.49779127e-003 -9.69029788e-004 5.82578534e-004 0. 3.96520039e-003
    1.07727572e-003 1.90938776e-003 0. -5.34523046e-004 0. 0.
    2.48382753e-003 3.78573895e-003 3.60927731e-003 0. -4.83011827e-003
    1.66017155e-003 0. 0. 1.03961788e-002 -5.49038290e-004 0.
    2.22675037e-003 3.75919323e-003 0. 0. 0. 6.15764549e-003
    2.47839792e-003 3.81274062e-004 1.01899309e-003 0. 6.67848904e-003
    7.19471893e-004 0. 6.45700097e-003 0. -1.09460627e-004
    -3.82040627e-004 1.12577165e-002 2.34735268e-003 -1.91499566e-004 0.
    0. 3.56501038e-003 0. 0. 0. 1.54913589e-003 1.08723145e-003 0. 0.
    5.00957808e-003 0. 0. 3.83044686e-003 7.58054806e-003 0.
    9.32837138e-004 -2.43801787e-003 9.96414223e-004 0. 1.82776223e-003
    0. 0. 0. 1.94882124e-003 0. 3.86547088e-003 0. 0. 1.03290360e-004 0.
    0. 1.38902862e-004 0. 0. 0. 0. 7.70825485e-004 0. 0. 0. 0. 0.
    -9.89937689e-005 -1.00864982e-003 0. 1.22586940e-003 0. 0.
    1.33185764e-003 0. 0. 0. 0. 0. 4.54231718e-004 0. 0.
    -8.69734387e-004 0. 0. 3.17785918e-004 -1.84368808e-003 0.
    2.37202225e-003 0. 0. 0. 0. 0. 1.98845100e-003 2.51393975e-003 0.
    3.27536720e-004 0. 0. 0. 0. 0. 1.00577704e-003 0. 0. 0.
    1.13562157e-004 2.19388492e-003 0. 0. 7.12783594e-006 0. 0. 0.
    3.26716038e-003 0. 0. 3.71257006e-003 1.24894618e-003
    -1.10194909e-004 0. 0. 0. 0. 6.02498185e-003 0. 2.60315672e-003
    1.32045150e-003 0. 0. 0. 1.96648878e-003 0. 0. 2.75644893e-003
    1.15255872e-003 0. 0. 5.89383009e-004 0. 4.70227003e-003 0. 0.
    1.99924619e-003 0. 4.60303668e-003 6.77862158e-003 0. 0.
    2.86066532e-003 0. 0. 0. 4.31295251e-003 0. 4.89323749e-004 0.
    1.64541544e-003 4.48538270e-003 -5.46211559e-005 0. 7.97070679e-004
    0. 0. 6.37702225e-003 0. 0. 3.46917170e-003 0. 2.14447617e-003 0.
    3.70573346e-003 0. 0. 4.95498022e-003 0. 0. 0. 1.22082187e-003
    2.43125833e-003 0. -8.31274781e-004 7.21551990e-003 0. 0.
    1.65870122e-003 2.65087327e-003 -9.15640441e-004 0. 0.
    6.67165034e-003 0. 0. 0. 0. 0. 2.36813328e-003 1.09818671e-003 0.
    1.06894795e-003 0. 0. 8.89950490e-004 -2.84649286e-004 0. 0. 0. 0.
