<?xml version="1.0"?>
<opencv_storage>
<imageDescriptor type_id="opencv-matrix">
  <rows>1</rows>
  <cols>1000</cols>
  <dt>f</dt>
  <data>
    6.29915623e-003 0. 0. 0. 1.22090185e-003 1.22569525e-003 0. 0.
    6.57220779e-004 1.25351828e-003 2.26951251e-003 0. 0. 0.
    3.44807585e-003 -1.44432485e-003 0. 0. 3.40249948e-003 0. 0.
    -1.24758470e-003 1.93434989e-003 0. 3.17159062e-003 0.
    7.85707030e-003 0. 0. 0. 0. 8.94520024e-004 0. 4.60517185e-004
    -1.40597753e-004 4.07326082e-003 7.57525722e-003 6.65300386e-003 0.
    1.02904625e-002 0. 6.83833030e-004 0. 6.64807856e-003
    -8.37407482e-004 0. 1.07570495e-002 3.17902211e-003 0.
    2.06342922e-003 2.48229643e-003 0. 3.54775856e-003 0.
    2.48272810e-003 0. 6.65297033e-003 0. 0. 2.00563273e-003 0. 0. 0.
    -4.53978631e-004 0. 0. 0. 0. 4.00056504e-003 -1.91631971e-003 0. 0.
    0. 7.97088630e-003 0. 0. 7.42339413e-004 0. 0. 0. 0. 8.71179532e-003
    5.23933501e-004 0. 1.31568965e-003 -8.15269828e-004 0. 0. 0.
    -1.43556227e-003 4.82226396e-003 0. 1.56854151e-003 4.30944236e-003
    9.97363939e-004 0. 1.66730862e-003 0. 0. 7.64840422e-003 0.
    -1.41476677e-003 0. 1.30478758e-003 0. 0. 0. 6.19922532e-003 0.
    2.75014830e-003 2.79128691e-003 0. 0. 2.72317254e-003
    2.21157190e-003 1.09103019e-003 0. 0. 5.07941237e-003 0.
    -9.69973800e-004 0. -8.31341022e-004 1.68038520e-003 0. 0. 0.
    -2.85483722e-004 0. 0. 0. 0. 0. 3.00400821e-003 0. 4.95949201e-003
    0. 1.81588635e-003 2.29732879e-003 -8.34374659e-005 0.
    8.87364149e-003 3.18710081e-004 0. 1.60575635e-003 2.02299817e-003
    1.59248628e-003 0. 0. 0. 7.75128487e-004 0. 9.30270879e-004
    5.71839698e-003 -1.44742231e-003 8.37622210e-004 0. 0. 0. 0. 0. 0.
    0. 0. 0. 0. 1.71532237e-003 2.92303204e-003 0. 0. 0. 0.
    -7.80305709e-004 0. 2.17682379e-003 -3.95299029e-003 4.69910819e-003
    0. 0. 0. 0. 1.06612302e-003 0. 0. 0. 6.39434019e-003 0.
    1.80437963e-003 0. 0. 1.54314341e-003 3.08103836e-003 0. 0.
    -1.40127784e-004 0. 5.32598840e-003 0. 0. 1.43623131e-003
    1.58135954e-003 4.12663707e-004 0. 5.57935750e-003 0. 0. 0.
    6.27352390e-003 0. 4.63286508e-003 -2.55105755e-004 1.55724469e-003
    1.63021160e-003 0. 0. 0. 2.11005635e-003 6.12435490e-003
    2.39852723e-003 2.63744063e-004 2.61672004e-003 8.87254311e-004 0.
    7.84346461e-003 0. 0. 0. 0. 5.94103360e-004 1.85833429e-003 0. 0. 0.
    3.56311654e-003 0. 7.83790136e-004 0. -6.39746839e-004 0. 0. 0. 0.
    0. 0. 0. 2.40374613e-003 1.03179424e-003 9.20871738e-004 0.
    -2.03309837e-003 0. 2.53136805e-003 8.01305473e-003 3.86184989e-003
    7.23334379e-004 9.81306285e-003 6.95954077e-003 0. 2.04275348e-004
    2.86474614e-003 2.37918319e-003 6.86680293e-003 2.33313549e-004 0.
    4.20807023e-003 1.91683066e-004 6.93863840e-005 2.21927417e-003 0.
    -1.11494453e-004 0. -3.57475132e-004 0. 5.75730670e-003
    4.66825487e-003 0. 5.74679533e-003 3.83878872e-003 0. 0. 0. 0.
    -6.11975614e-004 0. 3.77985591e-004 5.31429565e-003 1.16399350e-003
    0. 0. 0. 0. 6.08981936e-004 1.59045239e-003 2.05342832e-004 0.
    1.69364724e-003 0. 6.48866268e-003 7.21588032e-004 0. 0.
    2.22310820e-003 0. 1.99888810e-003 1.77272491e-003 0.
    7.96521956e-004 0. 0. 0. 0. 2.78684078e-003 5.02146198e-004 0. 0. 0.
    0. 0. 1.96836516e-003 1.11504400e-003 2.00203690e-003
    4.87967813e-003 -5.47928154e-004 0. 9.29057074e-004 0.
    5.70426835e-003 0. 4.37156344e-003 0. 0. 2.52805097e-004
    2.79139541e-003 0. -1.56696094e-003 0. 4.69193049e-003
    1.26047235e-003 -7.50192150e-004 2.63085053e-003 5.98784303e-004 0.
    1.12163592e-002 0. 1.50459073e-003 0. 1.37624529e-003 0.
    7.90283736e-003 0. 6.86256681e-004 0. 0. 4.07033076e-004
    2.24964708e-004 0. 0. 4.08418896e-003 0. 0. 5.11628226e-004 0. 0. 0.
    -7.20631855e-004 0. 0. 4.40041162e-003 1.19031058e-003 0.
    1.37909520e-002 0. 0. 0. 0. 6.98841817e-004 1.02083003e-002
    1.82277279e-003 2.62565562e-003 -6.92352653e-004 0. 1.77096191e-003
    0. 0. 0. 0. 0. 0. 0. 0. 0. 0. 2.28716852e-003 -8.93174321e-004
    1.67783024e-003 0. 5.43994247e-004 9.43891646e-004 6.56414172e-003
    0. 0. 3.39621397e-006 0. 2.97860568e-003 -1.15639344e-003 0.
    3.07365484e-003 1.16833451e-003 4.01580427e-003 0. 6.51110371e-004
    0. 0. 0. 4.05544881e-003 -1.41475012e-003 0. 0. 2.53409357e-003 0.
    1.80686533e-003 1.30965223e-003 -8.86414316e-004 1.74902350e-004
    8.88409326e-004 0. 0. 0. 0. 3.62363155e-003 0. -1.29684550e-003 0.
    8.39065062e-004 1.20882392e-002 0. 0. 1.59059302e-003 0. 0. 0.
    -9.10171308e-004 0. 1.64263987e-003 0. 0. 0. 0. 0. 0. 0. 0. 0. 0. 0.
    1.31863484e-003 0. 9.58204910e-004 0. 0. 0. 0. 4.19910612e-005 0. 0.
    0. 6.68072898e-004 2.02899892e-003 0. 3.19650141e-003 0.
    1.29259867e-003 1.59192400e-003 4.92289755e-003 0. 4.90763551e-003
    7.09713029e-004 5.92094241e-003 2.95285205e-003 0. 0. 0.
    1.98539859e-003 2.55666045e-003 5.23094600e-003 0. 0. 0.
    3.64884036e-004 0. 0. 8.97894206e-005 0. 4.59318981e-003 0. 0. 0. 0.
    0. 0. 1.44986634e-003 0. 2.09946046e-003 0. 0. -6.87781023e-004 0.
    0. 0. 0. 2.73258868e-003 3.59573890e-003 0. 0. 1.48600340e-003 0.
    -4.31517779e-004 0. 0. 0. 0. 0. 1.43863447e-003 0. 0.
    1.52818009e-003 1.22987404e-002 1.36475172e-003 0. 6.81778765e-005
    0. 0. 0. -7.86589691e-004 1.86105084e-003 0. 0. -1.31295796e-003
    -5.02642989e-003 0. 4.83237440e-003 3.53022106e-003 0. 0. 0.
    3.87366326e-003 0. 0. 2.69956101e-004 0. 0. 0. 0. 0.
    -1.80298614e-003 0. 0. 6.73319097e-004 2.30703712e-003
    3.71836987e-003 0. 6.32662466e-003 1.29623630e-003 4.40708920e-003
    0. 0. 0. 0. 8.39026459e-003 0. 3.16667231e-003 0. 0. 0. 0. 0. 0.
    7.77540496e-004 0. 0. 0. 0. -2.89830205e-004 0. 0. 0. 0. 0. 0. 0.
    4.52625478e-004 0. 0. 3.03076871e-004 2.78796651e-003 0. 0.
    -1.00401766e-003 -1.49217946e-003 0. 0. 9.83844162e-004
    1.79534440e-003 0. 3.12231784e-003 0. 2.51946598e-003 0.
    4.67672851e-003 3.69473174e-003 0. 0. -9.14258824e-004
    1.48434134e-003 0. 0. 0. 0. 1.45629968e-003 -3.37975391e-004 0.
    1.80400163e-003 0. 0. 1.66389218e-003 9.17368627e-004
    -1.04770903e-003 5.48585225e-003 0. 1.10917015e-003 5.13951411e-004
    2.22496083e-003 0. 2.64983368e-003 5.73730038e-004 0. 0.
    -3.00021493e-003 6.67241693e-004 0. 0. 1.85242214e-003 0.
    1.42105541e-003 0. 3.21063027e-003 0. 0. 4.16390045e-004
    -1.03513093e-003 0. 0. 0. -5.39151188e-005 0. 2.77374056e-003
    7.49849714e-003 0. 0. 9.14358255e-003 0. 2.63465568e-003 0. 0. 0. 0.
    0. 0. 3.30947014e-003 0. 0. 0. 5.52329700e-003 0. 0. 0. 0. 0. 0.
    1.36020069e-004 0. 0. 2.40153167e-003 6.84142066e-003 0.
    -9.12960852e-004 1.66530034e-003 0. 0. 3.09059350e-003
    7.84736825e-004 0. 0. 0. 0. 0. 0. 1.91596500e-003 0. 0. 0. 0.
    8.10427649e-004 0. 1.01118768e-003 3.39497649e-003 5.41662145e-003
    4.90065152e-003 0. -1.23359627e-004 0. 0. 6.69090450e-003 0. 0. 0.
    0. 0. 0. 0. 0. -1.16825569e-004 -2.01354129e-003 0. 1.51285576e-003
    0. 0. 0. 0. 0. 0. 0. 0. 2.39545549e-003 2.74079293e-003 0. 0. 0.
    6.59006229e-003 0. 0. 0. 0. 0. 3.50256730e-003 0. 0. 0. 0. 0. 0. 0.
    -1.31694949e-003 0. 3.99447192e-004 0. 0. 0. 0. 0. 0. 0.
    -7.36045942e-004 4.61322255e-003 8.13203864e-003 1.33826965e-004 0.
    8.60319845e-003 0. 1.89845567e-003 0. 1.09774398e-003
    5.06466720e-003 0. 1.43421267e-003 0. 0. 3.87717853e-003
    1.50482974e-003 0. 5.31852338e-003 0. 0. 5.56053419e-004 0.
    6.66335225e-003 5.32134948e-003 5.63333218e-004 0. 0. 0. 0.
    7.32173072e-003 0. 0. 1.31637615e-003 1.99981412e-004
    1.15704688e-003 0. 2.07353546e-003 0. 0. 0. 0. 0. 0. 0. 0. 0. 0. 0.
    0. 0. 0. 0. 8.24327581e-003 0. 0. 1.79655512e-003 6.77550072e-003 0.
    0. 5.54111507e-003 -1.72734231e-004 8.54535494e-004 1.38154987e-003
    0. 3.43960547e-003 -1.46594748e-003 -8.68752366e-004 0. 0.
    5.23619587e-004 1.56054250e-003 4.20787634e-004 1.57417415e-003 0.
    0. 7.20385276e-003 0. 0. 2.45473487e-003 5.06759109e-003 0. 0.
