<?xml version="1.0"?>
<opencv_storage>
<imageDescriptor type_id="opencv-matrix">
  <rows>1</rows>
  <cols>1000</cols>
  <dt>f</dt>
  <data>
    1.29955204e-003 0. 0. 9.81823262e-003 0. -8.11946869e-004 0. 0.
    1.02392856e-004 0. 3.03594838e-003 0. 0. 0. -1.44377607e-003
    9.74987075e-003 0. 0. 0. 0. 9.89994965e-003 0. 0. 0. 0. 0. 0.
    1.78697205e-003 0. 0. 0. 3.32161109e-003 0. 0. 4.85861627e-003
    8.74628779e-003 0. 0. 0. -3.07161710e-003 0. 0. 0. 0.
    1.78531616e-003 0. 0. 1.86967419e-003 0. 0. -1.77692185e-004
    -2.60597910e-003 0. 0. 1.33062452e-002 0. 0. 0. 8.13464914e-003
    -7.45156256e-004 -9.35901888e-004 1.22560756e-002 0.
    -3.50966421e-003 1.36265263e-003 0. 0. 0. 4.52031335e-003
    -1.88322330e-003 0. 0. 1.14533575e-002 4.52229753e-003 0. 0. 0.
    -6.51056762e-005 0. 0. 8.92804164e-005 1.62732252e-003 0. 0.
    8.98380857e-003 4.16747620e-003 0. 0. 0. 0. 0. -6.55960897e-003 0.
    2.47656344e-003 0. 0. -1.26613323e-002 5.52646234e-004
    1.61137327e-003 0. 0. 1.30161671e-002 0. 4.49554995e-003 0. 0. 0. 0.
    0. 0. 4.84245783e-003 0. 2.48698890e-003 1.07379246e-003 0.
    -1.73392007e-004 0. 0. 0. -8.73540179e-004 -7.61398522e-004 0.
    1.44960014e-002 0. 0. 1.28286378e-002 0. -2.67438265e-003 0. 0.
    1.12699613e-003 0. 2.42005591e-003 0. 0. 0. 0. 0. 0. 0.
    7.49592378e-004 0. 0. 0. 0. 2.51471181e-003 1.33266840e-002
    2.40359176e-003 0. 1.39615580e-003 0. 0. 0. -4.38477192e-003 0.
    6.23799220e-004 0. 1.32490741e-003 0. 0. -8.03049305e-004 0. 0. 0.
    0. 0. 1.33055786e-003 0. 0. 6.27099478e-004 0. 0. 0. 0. 0. 0. 0. 0.
    0. 0. 0. 0. 0. 0. 5.84272994e-003 0. 0. 0. 0. 0. 0. 7.25890649e-003
    0. 0. 0. 0. 6.31222362e-003 2.99537391e-003 0. 2.97914306e-003 0. 0.
    0. 0. 0. 0. 3.26266442e-003 0. 0. 0. 0. 2.76430370e-003
    9.54463240e-003 0. 4.47044242e-003 2.97576259e-003 -4.89565718e-004
    7.77345733e-004 0. 1.06338586e-003 0. 0. 0. 3.22044338e-003 0. 0. 0.
    2.82530882e-003 3.58585129e-003 0. 0. 0. 2.96817650e-003
    4.21956414e-003 0. 0. 3.97799676e-003 0. 0. 0. 0. 0. 0. 0. 0. 0.
    -1.45201909e-003 0. -2.41744201e-005 0. 0. 0. 1.23531243e-003
    2.10152511e-002 0. 0. 2.56133056e-003 0. -8.83595645e-003 0. 0. 0.
    0. 0. 4.11237683e-003 0. 8.19141977e-004 -6.45228371e-004 0.
    3.90062830e-003 0. 0. 0. 0. 2.14566179e-002 0. 4.06980468e-003
    2.26691234e-004 0. 0. 0. -7.81857059e-004 0. 0. 0. 0. 0. 0. 0. 0. 0.
    0. 3.16028902e-003 0. 0. 0. 0. 0. 0. 7.42905540e-003 0. 0. 0.
    5.37137082e-003 0. 0. 0. 0. 0. 0. 0. -1.39146089e-003 0. 0. 0. 0.
    -2.40610098e-003 7.51060853e-003 6.51038066e-003 3.38568329e-003 0.
    3.50390119e-003 1.24502275e-003 3.14306351e-003 0. 0. 0.
    9.05574020e-003 5.31293824e-003 -2.96576298e-003 0. 0.
    1.13759795e-002 0. 1.37751119e-003 -4.00290097e-004 3.80835752e-003
    0. 0. 0. 0. 0. 5.31324046e-003 0. 0. 0. 0. 0. 2.27428204e-003 0.
    2.13850732e-003 0. 0. 0. 0. 0. 0. 4.41710046e-003 0. 0.
    1.72294397e-003 0. 0. 1.72730128e-003 0. 0. 0. 0. 0. 0. 0. 0. 0. 0.
    0. 0. 0. 0. 1.28116906e-002 7.35510280e-003 0. -2.01879791e-003 0.
    0. 0. -4.05737525e-003 0. 0. 3.27294110e-003 2.22587003e-003 0.
    3.18226893e-003 0. 0. 0. 0. 0. 0. 0. 4.04448621e-003 3.46149318e-003
    0. 2.44101466e-004 0. 0. 2.45570741e-003 0. 0. 0. 0. 1.65082223e-003
    0. 0. 0. 0. 0. 0. 0. 5.84971439e-003 -3.02379107e-004
    7.50556123e-004 0. 0. 8.98200832e-003 2.53980281e-003
    1.05936863e-002 0. 0. 0. 4.20530420e-003 2.52810947e-004
    6.16188673e-003 4.76980349e-003 0. 3.49787739e-003 1.64730998e-003
    0. 3.54746357e-003 0. 2.50384855e-005 0. 0. 0. 0. 0. 0. 0.
    2.88829353e-004 0. 0. 0. 0. 0. 4.56677377e-003 -2.82169878e-003
    -2.76666367e-004 -3.09052790e-004 0. 0. 0. 1.40808139e-003 0. 0.
    -8.33752973e-004 0. 3.12010496e-004 0. 2.98178778e-003
    8.63163825e-003 0. 0. 0. 0. 0. 0. 0. 0. 0. 5.30243618e-003 0. 0.
    -2.80043273e-003 0. 4.22900030e-003 0. 0. 0. 0. 0. 0. 0. 0.
    -2.62581161e-003 0. 3.83547950e-003 0. 0. 0. 4.68783604e-004 0. 0.
    0. 0. 0. 0. 2.54269177e-003 0. 0. 0. 0. 0. 0. 0. 0. 1.82002957e-003
    0. 7.00312667e-004 0. 0. 0. 0. -8.97114107e-004 9.52443015e-003 0.
    0. 0. 7.29692494e-003 0. 0. 0. 0. 0. 7.62540428e-003 0. 0. 0. 0. 0.
    1.63809024e-003 0. 3.74850188e-003 0. 0. 0. 0. 0. 0. 0.
    4.71724756e-003 0. 0. 0. 0. 0. 0. 4.07049526e-003 9.17515159e-003
    7.56665075e-004 0. 0. 0. 0. 0. 0. 0. 0. 0. 0. 0. 0. 1.20462328e-002
    0. 2.24711001e-003 0. 0. 0. 0. -3.97915719e-004 0. 1.89573781e-004
    0. 1.19942743e-002 0. 0. 0. 0. 0. 0. 1.20320218e-002 0. 0. 0. 0.
    6.33392856e-003 3.52518121e-003 0. 0. 0. 4.52743843e-004 0.
    -3.02538089e-003 0. -2.17491458e-003 0. 1.07399784e-002 0. 0.
    1.04192691e-003 0. 0. 1.34998439e-002 0. 2.66635399e-002
    5.97207458e-004 0. 0. 0. 0. 0. 6.08161092e-003 0. 0. 0.
    4.83637908e-004 6.37162849e-003 0. 0. 0. -3.27246780e-005
    2.94259842e-003 6.06642803e-003 0. 0. 1.00538675e-002 0.
    2.09843577e-003 6.74449746e-003 0. 0. 0. 0. 0. 0. 5.71444631e-003 0.
    1.50851405e-003 -7.08092412e-004 5.46589633e-003 0. 0. 0.
    -3.94331058e-004 0. 1.57981610e-003 0. 0. 2.31245602e-003 0. 0. 0.
    0. 0. 0. 0. 0. 0. 5.01898956e-003 0. 0. 2.30752374e-003
    3.35640623e-003 0. -9.34093725e-004 0. 0. 0. 4.03351104e-003 0. 0.
    0. 3.26635572e-003 1.14504516e-003 0. 0. 0. 1.17907599e-002 0. 0. 0.
    0. 0. 3.03599937e-003 8.93092342e-003 0. 4.78359824e-003 0. 0. 0. 0.
    0. 0. 3.04308278e-003 0. 0. 0. 0. 6.98312465e-003 3.80077888e-003 0.
    4.24315128e-003 1.19292212e-003 0. 2.63001560e-003 0. 0.
    8.42194539e-003 3.42896744e-003 0. 0. 0. 0. 6.51806826e-003 0. 0.
    1.56100262e-002 0. -2.34246982e-004 -1.46561442e-003 0. 0. 0. 0. 0.
    0. 0. 0. 0. 0. 0. 0. 6.17205491e-003 2.99297110e-003 0. 0. 0. 0. 0.
    0. 0. 0. 0. 0. 9.27857496e-003 0. 1.14252174e-003 0. 0. 0. 0. 0. 0.
    0. 0. 1.67628180e-003 0. 1.67473312e-003 0. -2.10877531e-003 0. 0.
    0. 0. 0. 0. 0. 0. 4.87204408e-003 0. 0. 0. 0. 0. 0. 0. 0. 0.
    3.69311008e-003 0. 0. 9.65723593e-004 1.15619041e-002 0.
    4.12510382e-003 0. 0. 2.39733700e-003 5.45338122e-003
    5.69064403e-003 0. 0. 0. -6.17080880e-003 0. 4.00071731e-003 0. 0.
    0. 0. 0. 0. 0. 0. 1.46451546e-003 1.87588332e-003 1.00008294e-003 0.
    9.71232634e-003 0. 0. 0. 0. 0. 0. 0. -1.08838722e-003 0. 0. 0.
    2.70013302e-003 5.10372827e-003 0. 2.89931544e-003 0. 0.
    3.57213360e-003 0. 0. 0. 1.00474572e-002 0. 0. 0. 0.
    -1.83165921e-005 0. 7.44119985e-003 1.02652796e-002 0. 0.
    6.65313983e-003 -3.37415404e-004 1.73146278e-003 1.97421876e-003
    4.40889649e-004 0. 0. 0. 1.83420198e-003 0. 0. 0. 0. 0. 0. 0. 0. 0.
    0. 0. 2.52665719e-003 0. 0. 0. 4.25300281e-003 0. 0. 0. 0. 0.
    4.85161971e-003 0. 0. 0. 0. 0. 0. 0. 0. 0. 0. -8.17732434e-005 0. 0.
    0. 0. 8.36510397e-003 0. -1.63679942e-004 0. 0. 0. 0. 0. 0. 0.
    1.40049933e-002 0. 0. 0. 0. 0. 8.84820428e-003 0. 2.04759557e-003
    1.03715097e-003 4.50932793e-003 -6.40500803e-003 -1.28958875e-003 0.
    2.40314312e-005 0. 0. 0. 0. 0. 0. 0. 0. 0. 0. 0. 0. 0. 0. 0. 0.
    2.78747780e-003 7.80126313e-003 1.77533610e-003 -3.35714943e-003 0.
    5.24206553e-004 0. 0. 5.14829764e-003 0. -1.67100341e-003
    2.32638745e-003 0. 0. 2.14244728e-003 0. -4.57468908e-004
    -9.47665598e-004 0. 1.69028831e-003 0. 0. 3.50330095e-003
    -1.55329867e-003 0. 0. 0. 1.16519735e-003 0. 0. 0. 0. 0. 0. 0. 0. 0.
    2.03441586e-002 0. 0. 0. 0. 0. 5.55921299e-003 0. 0. 0. 0. 0. 0. 0.
    0. 3.14465421e-003 0. 0. 0. 0. 0. 0. 4.85589774e-003 0.
    -5.64295985e-003 0. -6.55242999e-004</data></imageDescriptor>
</opencv_storage>
