<?xml version="1.0"?>
<opencv_storage>
<imageDescriptor type_id="opencv-matrix">
  <rows>1</rows>
  <cols>1000</cols>
  <dt>f</dt>
  <data>
    0. 0. 0. 0. 0. 2.69024516e-003 0. 0. 0. 0. -1.53393878e-004 0. 0. 0.
    0. 0. 0. 0. 0. 0. -2.00512726e-003 0. 0. 0. 0. 8.02319124e-003
    -1.95136631e-003 1.59596966e-003 0. 2.60571227e-003 0.
    1.61663201e-002 0. 0. 3.23629826e-002 4.52963263e-003
    2.23865313e-003 1.82782509e-003 0. -1.67541846e-003 0.
    4.01088828e-003 0. -9.61556914e-004 7.61370058e-004 0. 0. 0. 0.
    8.76909681e-003 6.38259901e-003 6.23824075e-003 -9.45111853e-004 0.
    1.84726552e-003 0. 0. 0. 0. 5.24761504e-004 0. 1.07344065e-003
    1.25137009e-002 0. 0. -3.11882293e-004 2.20428058e-003 0. 0. 0. 0.
    0. 0. 0. 0. 0. -2.37342523e-004 7.26067403e-004 0. 0.
    1.64317968e-003 3.74481519e-004 7.77146081e-004 0. 0. 0. 0.
    1.78294000e-003 2.37907050e-003 4.97862231e-004 3.83239985e-003 0.
    0. 0. 0. 0. 0. 0. 0. 2.02981774e-002 0. 7.27276783e-003 0. 0. 0. 0.
    0. 2.51537102e-004 0. 0. 0. 0. 0. 0. 7.33176421e-004 0. 0.
    1.25158846e-003 0. -3.43093765e-003 7.94961641e-004 0. 0.
    -1.18088792e-003 0. 0. 0. 0. 0. 0. 2.43884558e-003 0. 0. 0.
    4.44455212e-003 4.83431108e-003 0. 4.45947191e-003 -2.83823611e-004
    0. 0. 1.18555520e-002 0. 0. 3.77705228e-003 2.75862310e-003 0.
    1.83924963e-003 0. 0. -1.13462354e-003 0. 0. 0. 0. 0. 0. 0. 0. 0. 0.
    4.01435606e-003 0. 0. 0. 0. 0. 0. 0. 6.95093302e-004 2.55416194e-003
    0. 0. 3.70203721e-004 0. 2.44896999e-003 2.44892389e-003 0. 0.
    3.08591197e-003 0. 0. 0. 0. 0. 8.80522712e-004 0. -9.53871990e-004
    2.56783562e-003 2.30160751e-003 3.11347027e-003 3.33208032e-003
    -8.79605417e-004 0. -6.67555083e-004 1.29240227e-003 0.
    7.83920754e-003 0. 6.04088837e-003 5.43508853e-004 -1.79363211e-004
    0. 4.82651812e-005 0. 0. 0. 0. 0. 5.67263085e-003 6.86251326e-004 0.
    0. 0. 1.18173356e-003 2.64002942e-003 4.45816759e-003 0. 0. 0.
    4.18785121e-003 1.59465882e-003 0. 0. 0. 6.63922634e-003 0. 0. 0.
    5.10426878e-004 0. 1.51604041e-003 1.96069409e-003 1.58188329e-003
    4.02697921e-003 1.13729024e-002 0. 2.96182465e-003 0.
    3.89227323e-004 0. 0. 0. 0. 0. 0. 0. 0. 0. 7.50483479e-004 0. 0. 0.
    8.99931125e-004 1.24465360e-003 6.25611097e-003 2.50965310e-003 0.
    2.64967559e-003 0. 0. 0. 8.09487142e-003 0. 0. 4.17370349e-003
    3.58420564e-003 0. 0. 0. 0. 1.59897073e-003 0. 0. 0. 0. 0. 0. 0. 0.
    2.79908930e-003 0. 0. 0. 0. 0. 0. 0. 0. 0. 0. 7.93493818e-003
    4.17844392e-003 0. 0. 0. 0. 7.17210537e-003 0. 5.06361108e-003 0.
    4.59973747e-003 1.95275131e-003 0. -1.36461668e-003 3.33398610e-004
    0. 0. 0. 0. 0. 0. 1.36201503e-003 0. 0. 4.50071035e-004
    1.23177550e-003 0. 0. 0. 0. 0. 0. 0. 0. 0. 5.28423069e-003
    1.29403537e-002 0. 2.68101692e-003 1.07768467e-002 0. 0. 0.
    2.15153932e-003 0. 2.15461873e-003 0. 0. -1.31950597e-003
    -5.43273272e-005 0. 1.50701636e-003 2.50404025e-003 0.
    2.77767843e-003 0. 0. 5.93483972e-004 0. 0. 0. 0. 0. 2.02019932e-003
    -1.48198451e-003 -3.43837542e-004 1.15516898e-003 0. 0.
    2.34633437e-004 0. 0. 3.33435275e-003 0. 0. 0. 0. 3.09621990e-002 0.
    1.92417130e-002 0. 0. 1.34306657e-003 0. 0. 5.52972022e-004
    6.90044835e-003 5.52076986e-003 -1.69936509e-003 0. -9.71943140e-004
    0. 0. 0. 0. 3.16139101e-003 0. 0. 9.84279832e-005 0. 0. 0. 0.
    5.77295723e-004 2.26222491e-003 0. 0. 2.97298492e-003 0. 0.
    1.73039932e-003 1.63335050e-003 0. 1.02897361e-003 0.
    1.63271127e-003 1.87243358e-003 3.25511501e-004 0. 0. 0. 0.
    -1.47153717e-003 0. 0. 0. 0. 0. 0. 0. 9.71631147e-004 0.
    4.84072231e-003 0. 0. -2.74621678e-004 0. 0. -8.55210063e-004 0. 0.
    9.74501017e-003 0. 0. 0. 6.87435037e-003 0. 0. 0. 7.30854273e-003
    1.69887708e-003 0. 7.03672133e-003 8.59492831e-003 1.39098067e-003
    0. 0. 2.82721804e-003 0. 0. 0. 0. 0. 1.26589451e-003 1.44139538e-003
    0. 3.91538581e-003 0. 1.49268238e-003 0. 4.50273883e-003 0.
    -2.62971758e-003 4.52797487e-003 0. 0. 0. 0. 0. 2.38449732e-003
    1.53606641e-003 0. 4.25204867e-003 0. 0. 0. 1.62068420e-004
    1.97643181e-004 0. 0. 1.04383202e-004 5.16459299e-003 0. 0.
    3.83412768e-003 0. 0. 0. 0. 0. -3.22804524e-004 1.35842001e-003 0.
    0. 0. 0. 0. 8.80521664e-004 1.64864294e-003 0. 1.95477667e-004 0. 0.
    0. 9.00016911e-003 0. 0. 0. 0. 0. 0. 0. 0. 1.52634224e-002 0.
    -7.14573171e-003 3.72671126e-003 0. 0. 0. 1.69877394e-003
    6.94478105e-004 2.10371707e-003 0. 4.54281690e-003 0. 0. 0. 0. 0. 0.
    0. 1.94854604e-003 0. 0. 0. 0. 0. 0. 3.95958032e-003 1.39293296e-003
    2.10917322e-003 4.11069021e-003 0. 0. 0. 0. 6.78699347e-004 0. 0. 0.
    0. 0. 1.69178093e-004 0. 0. 1.93021516e-003 0. 4.11621621e-003 0. 0.
    5.47582749e-004 0. 0. 0. 0. 1.25812716e-003 1.87077152e-003 0.
    -3.25105828e-003 0. 0. 0. 0. 1.22679807e-002 0. 1.56259304e-003 0.
    5.03803953e-004 0. 0. -3.21644038e-004 -4.37810726e-004
    1.66733947e-003 0. 0. 3.43871157e-004 0. 0. 7.41949480e-004 0. 0.
    3.56920692e-003 0. 0. 0. 0. 2.61315098e-003 0. 0. 3.63621308e-004 0.
    1.13067601e-003 0. 1.83584471e-003 5.68694435e-004 0.
    3.16487090e-003 5.31242602e-003 4.02982812e-003 0. 1.28209894e-003
    0. 0. 0. 0. 2.12162011e-003 0. 0. 1.62638854e-002 0. 0.
    5.08375419e-003 2.64501548e-004 0. 0. 0. 0. 0. 1.88565836e-003
    3.78339179e-003 0. 0. 9.08633461e-004 5.56376902e-003 0.
    1.25980540e-003 0. 0. 0. 0. 0. 0. 0. 0. 0. 0. 4.50013555e-004 0. 0.
    0. 1.59765023e-003 -6.12756936e-004 5.37868007e-004 0. 0. 0. 0. 0.
    0. 0. 1.41593581e-003 0. 0. 6.43418217e-003 0. 4.92372643e-003 0.
    2.02945480e-003 0. 0. 5.16145607e-004 0. 0. 0. 7.01240788e-004 0. 0.
    0. 0. 0. 0. 1.24240257e-002 0. 0. 0. 2.64491700e-003 0. 0. 0. 0.
    2.66657257e-003 2.04721396e-003 0. 2.29333062e-003 0. 0. 0.
    1.30361121e-003 0. -1.42631150e-004 0. -2.21056849e-004
    4.04815283e-003 0. 0. 0. 0. 0. 0. 1.68184331e-003 0. 0. 0.
    2.83391308e-003 0. 0. 0. 0. 0. 0. 0. 0. 2.01265072e-003
    1.46842445e-003 8.83172173e-003 0. 0. 3.77834332e-003
    4.17658035e-003 0. 0. 0. 0. 0. 0. -2.52974802e-004 0. 0.
    3.48464772e-003 -5.03052608e-004 2.11990462e-003 0. 0. 0. 0. 0.
    8.42520315e-003 0. -2.45291245e-004 7.65132136e-004 0. 0. 0.
    4.69934894e-003 0. 0. 9.73006245e-003 -7.68072263e-004 0.
    7.79061927e-004 1.26341265e-003 0. 0. 6.91810483e-003 0.
    -1.05851155e-003 0. 0. 1.34283164e-005 0. 0. 7.00849434e-003 0. 0.
    2.02535908e-003 0. 0. 0. 0. 0. 0. 0. 4.10064310e-003 0. 0. 0.
    2.73065548e-003 0. 3.17946868e-003 0. 0. 0. 0. 3.32598505e-003
    -6.01236417e-004 7.91844539e-003 0. 2.38732155e-003 0.
    4.76975343e-004 3.75663571e-004 0. 0. 2.32110824e-003 0.
    2.86613661e-003 0. 5.18812286e-003 0. 8.43515387e-004 0. 0. 0. 0. 0.
    0. -7.83851312e-004 4.74905036e-003 -1.54564463e-004 0.
    1.97488116e-003 0. -7.56212790e-003 0. 0. 7.61534320e-004
    -5.67676208e-004 0. 0. 0. 0. -3.86602391e-004 0. -2.08155849e-004
    6.29202137e-003 0. 0. 0. 0. 0. 3.51829315e-003 0. 0. 1.89303805e-003
    9.47751012e-003 6.09813444e-003 3.20931897e-003 3.71937617e-003
    4.78805043e-003 4.91776555e-005 0. 0. 5.21105109e-003 0. 0.
    5.72788203e-003 1.34828582e-003 1.70437095e-003 1.82971382e-003
    3.37465596e-003 0. 0. 0. 3.32227745e-003 0. 0. 0. 0. 0. 0. 0. 0. 0.
    0. 1.62155763e-003 0. 0. -2.49961187e-004 -6.66552107e-004 0.
    1.59334077e-003 0. 0. 6.12789299e-003 0. 9.18352569e-004
    6.45553274e-003 0. 0. 0. 0. 1.69250206e-003 0. 0. 0. 0. 0.
    4.71476885e-003 0. 0. 0. 0. 2.98218057e-003 7.04211462e-003 0. 0. 0.
    0. 0. 6.86265668e-003 0. 0. 0. 5.45082334e-003 0. 0. 0. 0. 0. 0. 0.
    0. 0. 0. 0. 0. 0. 0. 0. 0. 0. 2.15313994e-004 1.63930003e-003 0. 0.
    -7.36063375e-005 0. 3.89297097e-003 0. 0. 0. -1.76429472e-004
    6.08572317e-003 2.25914689e-003 0. 0. 0. 3.95892933e-003
    3.67050199e-003 1.34439929e-003 0. 8.51429009e-004 0. 0.
    1.46300730e-003 0. 0. 8.86648335e-003 0. 0. 0. 0. 0. 2.27709243e-004
