<?xml version="1.0"?>
<opencv_storage>
<imageDescriptor type_id="opencv-matrix">
  <rows>1</rows>
  <cols>1000</cols>
  <dt>f</dt>
  <data>
    0. 0. 5.72360470e-004 9.79971793e-003 0. -4.61793279e-005 0.
    3.03872628e-003 0. 1.32251321e-003 0. 0. 0. 0. 0. 4.09646006e-003 0.
    2.57581443e-004 0. 0. 1.32125767e-003 0. 0. 0. 3.69345769e-003 0. 0.
    0. 0. -2.36853887e-003 0. 8.87840055e-003 0. 0. -4.86380933e-003 0.
    0. 0. 0. 9.20288032e-004 4.11471538e-003 0. 0. 2.36720475e-003
    3.50370607e-003 0. 0. 0. 0. 0. 2.89382227e-003 7.69743288e-004 0. 0.
    0. 0. 7.57954665e-004 0. 3.02628963e-003 0. 6.36311830e-004
    3.03621776e-003 0. 0. 0. 0. 0. 0. 0. 3.81976110e-003 0.
    1.25320144e-002 0. 0. 0. 0. 1.80514622e-003 0. 0. 1.61689401e-004
    3.61595908e-003 0. 0. 0. 2.86920625e-003 0. 0. 0. -3.26691521e-003
    0. 2.54605804e-002 0. 1.28660793e-003 6.06260821e-003 0. 0.
    1.30098336e-003 0. 0. 2.88445759e-003 0. 1.01446314e-002 0. 0. 0.
    2.00404858e-004 4.56813630e-003 0. 0. 0. 0. 0. 7.28353113e-003
    7.35738920e-003 0. 0. 0. 0. 3.66550591e-003 2.74834828e-003 0.
    1.48800889e-003 1.03110739e-003 9.04557202e-003 0. 4.25677327e-003
    0. -3.15696979e-003 0. 0. 0. 0. 0. 0. 0. 0. 0. 0. 7.42042612e-004 0.
    0. 7.42149632e-003 6.51761191e-003 0. 0. 1.02996128e-003 0.
    -4.29417472e-004 2.62369838e-004 0. 0. 4.35793627e-004 0. 0.
    1.24996167e-003 0. 0. 0. 0. -5.77274652e-004 0. 0. 0. 0. 0. 0. 0. 0.
    0. 1.39822951e-003 0. 0. 0. 0. 0. 0. 3.33587988e-003 0. 0.
    8.89915973e-003 0. 0. 0. 1.99807994e-003 3.28072347e-003 0. 0. 0.
    2.19617737e-003 6.82612765e-004 0. 0. 0. 0. 0. 4.23803553e-003
    9.08393064e-004 0. 0. 0. 0. 0. 0. 0. 0. 0. 0. 5.25614014e-004 0.
    1.73205580e-003 0. 0. -7.59730247e-005 0. 0. 1.19042012e-003 0.
    1.58158597e-003 0. 0. 0. 0. 7.06223585e-003 0. 0. 1.94224145e-003 0.
    0. 6.05966756e-003 0. 0. 0. 1.97636988e-003 3.59582575e-003 0.
    8.94887373e-003 -1.19215445e-004 3.95690650e-003 0. 0. 0. 0. 0.
    5.12576010e-003 0. 7.47570908e-003 1.31240173e-003 0. 0. 0.
    2.92390119e-003 2.70223292e-003 1.33400727e-002 4.24386875e-004 0.
    0. 0. 3.53173167e-003 2.09558709e-003 1.05143781e-003 0.
    2.12148950e-003 0. 0. 0. 0. 3.70058324e-003 0. 5.11855725e-003
    2.73625512e-004 0. 0. 0. 0. -6.58431556e-003 0. 0. 5.69754979e-003
    0. 0. 1.51812006e-003 6.42666407e-003 0. 3.07461456e-003
    3.57088284e-003 0. 0. 1.03008258e-003 1.72050036e-002 0. 0.
    1.16611952e-002 0. 0. 0. 1.38135767e-003 0. 4.87177807e-004
    1.48481061e-003 0. 1.81579997e-003 0. 0. 0. 0. 0. 1.97071955e-003
    9.20846884e-004 6.99141063e-003 4.24834900e-003 -1.02892634e-003
    6.85228920e-003 0. 0. 0. 0. 0. 0. 9.58110031e-005 0.
    -4.01697966e-004 0. 0. 2.83345790e-003 0. 0. 0. -1.23210694e-003 0.
    0. 0. 0. 1.75062683e-003 0. 0. 0. 0. 0. 0. 0. 2.04401417e-003 0.
    -1.79022347e-004 0. 0. 0. 0. 0. 0. 0. 0. 4.09952627e-005 0. 0. 0. 0.
    0. 0. 0. 0. 0. 1.04343612e-002 0. -9.72971844e-004 0. 0. 0. 0.
    -2.13106722e-003 0. 0. 0. 2.82618636e-003 0. 0. 0. 0. 0.
    2.08516535e-003 7.84253143e-003 0. 1.16742011e-002 1.55915739e-003
    -1.10807283e-004 1.99846504e-003 0. 1.94435625e-003 0.
    1.62662403e-003 0. 3.01187602e-003 -3.34086682e-004 0. 0. 0.
    -9.91637353e-004 5.38641075e-003 2.87257996e-003 0. 1.86552643e-004
    0. 7.01560685e-003 0. 0. 2.35384167e-003 0. 1.64591568e-003 0. 0.
    1.59425493e-002 0. 5.54991384e-005 0. 0. 0. 0. 0. 0. 2.47332588e-004
    0. 5.11355582e-004 -1.20534422e-003 0. 1.40216807e-003 0.
    5.13347099e-003 -9.41205129e-004 0. 0. 0. 0. 1.38253020e-003 0.
    7.86552206e-004 0. 5.42916963e-003 0. 1.16458337e-003 0. 0. 0.
    5.90120023e-003 0. 0. 1.28156471e-003 0. 0. 0. 0. 0. 0. 0.
    5.60330693e-003 2.56945007e-003 0. 0. 7.86052318e-004
    -8.54037426e-005 0. 6.22161140e-004 0. 2.42173998e-003 0. 0.
    2.39864783e-003 8.03637039e-003 0. 1.19350187e-003 0. 0. 0. 0.
    2.16288026e-003 0. 1.24747003e-003 0. 0. 0. 0. 0. 2.60724942e-003
    3.74419312e-003 1.32271147e-003 5.46860625e-004 0. 0. 0.
    -2.71396618e-003 0. 0. 0. 0. 0. 0. 1.99658656e-003 4.12765890e-003
    0. 7.77308771e-004 2.86632148e-003 -2.34282226e-004 5.04514202e-003
    0. 6.71590824e-005 0. 3.73855815e-003 4.33430914e-003
    6.10819692e-003 0. 5.72101260e-003 0. 0. 0. 0. 0. 3.49449413e-003 0.
    0. 0. 0. 5.73988399e-003 0. 7.31329760e-003 1.00318044e-002 0. 0.
    1.89096073e-003 0. 0. 0. 0. 0. 0. 0. 0. 5.21881459e-003 0. 0. 0. 0.
    0. 0. 0. 0. 0. 0. 0. 0. 0. 3.77485738e-003 0. 1.15625095e-002 0. 0.
    0. 1.39090256e-003 0. 0. 0. 0. 0. 8.02235026e-003 0. 0.
    2.57211714e-003 1.43594423e-003 0. 0. 2.56855111e-003 0.
    7.24799186e-003 0. 0. 2.07291660e-003 0. 0. 0. 0. 0. 0. 0. 0. 0. 0.
    2.11038603e-003 0. 0. 6.52488088e-003 0. 0. 0. 0. 0. 0. 0. 0. 0. 0.
    0. -5.88405819e-004 0. -1.69166503e-003 4.21705469e-003
    7.71672931e-003 2.12973217e-003 0. 1.73813943e-003 0.
    3.25968093e-003 -8.85777932e-004 0. 0. 1.99001795e-003
    4.01262008e-003 0. 0. 0. 3.05469590e-003 -1.59045550e-004 0. 0. 0.
    0. 0. 0. 6.22723624e-003 0. 8.89802165e-003 1.24460692e-003 0. 0. 0.
    0. 0. 2.14152155e-003 0. 2.55723251e-003 0. 0. 2.62841117e-004 0.
    3.20931291e-003 0. 0. 0. 5.35511458e-003 0. 0. 0. 2.49055680e-003
    -1.21496094e-003 0. 0. 0. 0. 0. 2.24130577e-003 1.74073863e-003 0.
    0. 0. 0. 0. 3.04003549e-003 9.89369117e-004 0. 0. 5.11056604e-003 0.
    0. 0. 0. 0. 1.99940614e-003 0. 0. 0. 3.19914613e-003 1.67563662e-003
    0. 0. 0. 3.95942619e-003 0. 1.66001562e-002 2.55319988e-003 0. 0. 0.
    0. 0. 1.46191777e-003 0. 5.24949422e-003 0. 0. 0. 0. 0. 0. 0. 0.
    -1.69154815e-003 0. 0. 0. 0. 0. 0. 0. 8.45975056e-003 0. 0.
    1.24966307e-002 -1.51151861e-003 0. 0. 0. 0. 0. 0. 3.32386070e-003
    0. 0. 0. 2.29409384e-003 0. 0. 0. 2.47345143e-003 0. 5.98864257e-003
    1.71265472e-003 0. 0. -8.83794099e-004 0. 2.26062280e-003 0. 0. 0.
    0. 0. 0. 1.21734594e-003 1.53683953e-003 0. 2.60261935e-003 0. 0. 0.
    0. 0. 0. 0. 0. 7.04917824e-003 0. 0. 0. 5.40537760e-004 0.
    6.03484642e-003 0. 1.12714933e-003 0. 0. 6.24821149e-003 0. 0. 0.
    -7.96928216e-005 0. 0. 3.29343113e-003 0. 1.08108856e-003
    1.21790161e-002 0. 0. 0. 0. 0. 0. 0. 0. 0. 0. 0. 0. 0. 0. 0.
    2.05671112e-003 0. 0. 0. 4.99763526e-004 1.62763381e-003
    -9.03112988e-004 0. 0. 1.13200408e-003 7.94355571e-003
    4.84076794e-003 0. 0. 2.73440639e-003 2.06131544e-002 0. 0.
    9.26596206e-003 0. 3.31932399e-003 0. 0. 0. 0. 0. 4.47587389e-003 0.
    0. 0. 5.08052297e-003 0. 5.27050393e-003 0. -1.61206321e-004
    1.20792713e-003 0. 0. 4.80827130e-003 1.61847926e-003
    5.81019616e-004 3.25709581e-003 0. 0. 1.45793147e-003
    -3.78940982e-004 0. 0. 0. -2.34128325e-003 6.49630418e-003
    -2.17015593e-004 0. 1.52537960e-003 3.22975102e-003 0.
    7.67983543e-003 0. 5.15285321e-003 -7.73274151e-005 3.08151660e-003
    -5.30091813e-004 0. 0. 0. 0. 0. 1.11481617e-003 0. 0. 0. 0. 0.
    2.82415375e-003 0. 0. 0. 0. 0. 1.41301556e-002 -1.54596707e-003 0.
    -3.36681167e-003 1.22745556e-003 0. 0. 4.13083890e-003
    -4.11983812e-003 0. 0. 0. 0. -3.01948097e-003 0. 0. 0. 0.
    1.01184088e-003 0. 0. 0. 0. 0. 0. 0. 0. 0. 0. 0. 0. 0. 0. 0.
    -1.99354090e-005 0. 1.42984269e-002 1.73930526e-002 0. 0.
    1.38048094e-003 4.98616183e-003 2.36937311e-003 0. 0.
    2.16985750e-003 2.62298924e-003 0. 0. 0. 0. 0. 0. 0. 0.
    4.40310361e-003 0. 0. 0. 0. 2.87166820e-003 0. -1.83408309e-004
    2.16360576e-003 0. -1.14857173e-003 0. 0. 0. 0. 0. 0.
    7.20778340e-003 0. 0. 0. 0. 0. 0. 4.98285657e-003 0. 0.
    2.59361905e-003 3.37009085e-003 0. 0. 0. 0. 1.14538590e-003 0. 0. 0.
    1.13247754e-003 0. 0. 1.65929541e-003 0. 0. 0. 0. 0. 0.
    1.05864732e-002 0. 0. 4.78319032e-003 0. 6.45234296e-003 0. 0.
    -2.88065639e-004 2.99944403e-003 0. 0. 0. 0. 0. 0. -3.44850647e-004
    4.58226452e-004 0. 0. -1.18681812e-003 0. 0. -6.35080389e-004
    -7.22790230e-003 0. 0.</data></imageDescriptor>
</opencv_storage>
