<?xml version="1.0"?>
<opencv_storage>
<imageDescriptor type_id="opencv-matrix">
  <rows>1</rows>
  <cols>1000</cols>
  <dt>f</dt>
  <data>
    0. -5.95512742e-004 -2.14519957e-003 0. 6.85570587e-004
    7.61252595e-003 0. 0. 0. 1.49451091e-003 4.46682842e-003 0. 0. 0. 0.
    0. 0. 0. 0. 0. 0. 0. 5.86390495e-003 0. 4.52341046e-003 0. 0. 0. 0.
    -1.53014995e-003 3.85145843e-003 0. 0. 2.49680923e-003
    -4.18680371e-004 1.10862090e-003 -7.98835652e-004 0.
    -7.71723047e-004 0. 2.57377746e-003 0. 0. 0. 0. 0. 0. 0. 0.
    1.30257779e-003 6.95401337e-004 4.59090713e-003 0. 0.
    8.12866259e-004 0. 5.29220793e-003 0. 5.02221799e-003
    -1.37196982e-003 0. 3.92442057e-003 4.48070839e-003 1.03643099e-004
    0. 0. 2.41624820e-003 0. 0. 0. 0. 2.21871841e-003 0. 7.49313924e-003
    0. 1.14496099e-003 0. 0. 1.48319721e-003 0. 0. 0. 0.
    -1.36987030e-004 0. 0. 0. 0. 2.62142438e-003 3.95447342e-003
    2.01216084e-003 4.05798201e-004 1.60265830e-003 -2.04367330e-004
    9.78461653e-003 1.83677918e-003 -2.80745164e-003 0. 0.
    2.34657787e-002 0. 4.50014137e-004 0. 0. 5.36520616e-004
    5.62800560e-004 0. 0. 0. 0. 2.24189879e-003 0. 3.05790845e-002 0. 0.
    0. 0. 1.15194521e-003 0. 0. 0. 0. 0. 2.53725308e-003 0.
    3.37975053e-003 0. 8.95092322e-004 0. 0. 0. 0. 0. 0. 0.
    1.23664811e-002 5.29259851e-004 0. 2.40914524e-003 3.09805619e-003
    0. 3.95923416e-004 4.20315610e-003 0. 1.30678643e-004
    9.35900118e-003 0. 6.71285437e-003 2.29042559e-003 1.17929676e-003
    0. 0. 0. 0. 0. 1.19485939e-003 0. 0. 0. 0. 3.39753716e-003 0. 0. 0.
    1.10103085e-003 0. 7.04254257e-003 0. -1.23672432e-003
    3.16925673e-003 0. 1.29692862e-003 0. 0. 1.77568221e-003 0. 0. 0. 0.
    -2.83688842e-003 0. 0. 0. 0. 0. 0. 0. 6.97346259e-005
    3.58316931e-003 5.05307317e-003 0. 5.70596836e-004 0. 0.
    5.57012483e-003 5.62792935e-004 0. 2.45316816e-003 0. 0.
    4.36505256e-003 4.28239582e-003 0. 0. 0. 5.01566986e-003 0.
    -3.06810113e-003 0. 0. 0. 8.46627168e-003 -1.85284123e-004 0.
    -7.82165269e-004 0. 0. 0. 1.41147722e-003 8.08349985e-004 0. 0. 0.
    0. 0. 0. 0. 3.08175990e-003 3.53720458e-003 0. 0. 3.04679666e-003 0.
    4.26511886e-003 0. -5.20801928e-004 0. 2.00353120e-003
    5.72669087e-003 0. 0. 8.02414492e-003 0. 0. 5.29555883e-003 0. 0. 0.
    0. -7.47643528e-004 0. 0. 0. 1.10612763e-002 0. 0. 0.
    6.77773263e-004 0. 0. 0. 0. 0. 0. 0. 0. 0. 0. 0. -1.00459880e-003 0.
    -1.78563897e-003 0. 0. 0. 0. 8.77669919e-003 2.71824026e-003 0. 0.
    0. 6.31903624e-003 -1.97840808e-003 0. 0. 0. 0. 0. -1.51869119e-003
    0. 0. 5.32239825e-002 0. -1.59421528e-004 2.09814240e-003
    3.05098179e-003 0. 2.31825994e-004 0. 0. 0. 0. 0. 0. 3.68828629e-003
    0. 0. 0. 8.77171056e-004 0. 0. 2.50097830e-003 0. 0. 0.
    1.23428192e-003 0. 2.66348314e-003 0. 0. 0. 2.08182121e-003
    1.61992095e-003 0. 0. 0. 9.21750255e-003 2.29887641e-003
    3.75223649e-003 4.12515830e-003 2.05670003e-004 0. 0. 0. 0.
    2.49216566e-003 0. 0. 0. 8.12636979e-004 4.19786759e-003 0.
    5.03199233e-004 0. 0. -5.74140927e-007 0. 0. 0. 0. -2.22149407e-004
    -3.35293543e-003 0. 0. 4.38294886e-003 1.19586219e-003
    2.35855533e-003 0. 2.68724537e-003 0. 0. 0. 0. 0. 2.27676029e-003 0.
    1.31985475e-003 0. 1.96676003e-003 0. 0. 0. 0. 0. 0. 0.
    1.60799478e-003 9.50544607e-004 0. 0. 0. 0. 0. 0. 0.
    -2.85030878e-003 0. 5.05662942e-003 5.47177065e-003 0. 0. 0. 0.
    2.32603797e-003 6.71352493e-004 5.05706994e-003 0. 2.13822280e-003
    0. 0. 0. 0. 3.50927934e-003 4.46307985e-003 0. 3.34239943e-004
    -3.00342072e-004 -7.99055502e-004 0. 6.75033126e-003 0. 0. 0. 0.
    1.87683105e-003 0. 0. 5.06990496e-003 0. 0. -3.55231646e-003
    4.16958984e-003 0. 2.63371854e-003 2.70101824e-003 -1.71732536e-004
    0. 0. 0. -2.04905076e-003 -4.46463790e-004 0. 0. 5.76583028e-004 0.
    0. 0. 0. 0. 0. 0. 0. 3.29172565e-003 0. 0. 0. 0. 2.33439892e-003 0.
    0. 0. 0. 0. 0. 0. 0. 0. 5.64421946e-003 4.88504709e-004
    3.77414236e-003 0. 0. 1.66484679e-003 2.37717200e-003 0. 0. 0. 0. 0.
    0. 4.73213755e-003 0. 0. 0. 0. 0. 3.00381728e-003 0. 0. 0. 0.
    7.34076230e-003 -1.97033770e-003 0. 0. 0. 0. 0. 0. 0. 0.
    2.27411464e-003 5.61017019e-004 0. 0. 3.65052512e-003
    9.52062104e-003 2.68948986e-003 0. 5.71775110e-003 2.96774437e-003
    0. -1.42775220e-003 0. 3.63314385e-003 0. 0. -3.93117632e-004 0. 0.
    0. 0. 0. -1.21672696e-004 0. 0. -1.78463978e-003 1.15272857e-003
    1.14521559e-003 1.37131137e-003 0. 4.25890554e-003 0.
    9.35219345e-004 0. 9.47650708e-003 -1.10268178e-004 0. 0. 0. 0. 0.
    0. 1.53424009e-003 0. 4.15048453e-005 0. 5.51961362e-003
    2.18827766e-003 0. 0. 0. 0. 0. 0. -1.80177940e-005 0. 0. 0. 0.
    2.58050836e-003 0. 0. 0. 0. 0. 0. 0. 0. 0. -8.90945492e-004 0. 0. 0.
    0. 0. 0. 0. 0. 0. 0. 0. 2.85424083e-003 0. 0. 0. 0. 0. 0. 0. 0.
    -7.67105434e-004 0. 0. 0. 7.82482699e-003 9.22315754e-004
    1.20732759e-003 0. 0. 0. 0. 0. 0. 4.18716716e-003 5.62580535e-003 0.
    0. 5.00740577e-003 0. 6.97109196e-003 0. 0. 0. 0. 0. 0. 0.
    -2.40077115e-005 4.62140655e-003 0. 0. 0. 0. 0. 0. 3.45986756e-003
    0. 0. 6.53206371e-003 0. 0. 0. 0. 6.01815013e-003 0. 0.
    -3.65508567e-005 0. 0. 0. 6.28831144e-003 0. 1.66030985e-003
    8.13884940e-003 6.69320056e-004 0. 0. 0. 0. 4.45632217e-003 0. 0.
    2.48058373e-003 0. 0. 5.17487479e-003 0. 7.22463476e-003 0. 0. 0. 0.
    4.62937448e-003 2.70063733e-003 3.34479520e-003 8.55030725e-004 0.
    0. 0. 0. 2.85655260e-003 6.15053670e-003 0. 0. 2.68386351e-003
    4.40167915e-003 0. 0. 0. 4.48876206e-004 0. 0. 0. 0. 0.
    -6.14536169e-004 5.20570297e-003 0. 0. 0. 0. 0. -5.35671716e-004 0.
    0. 0. 0. 0. 0. 3.81061924e-003 0. 4.19448456e-003 0. 0. 0. 0. 0. 0.
    8.78111576e-004 0. 9.08125751e-003 0. 1.01194950e-003 0. 0. 0.
    2.03031395e-003 0. 6.32497389e-003 0. 0. 0. 7.29584252e-004 0. 0. 0.
    0. 0. 0. 1.81594584e-003 0. -2.17006876e-004 0. 0. 0. 0. 0. 0. 0. 0.
    0. 1.69980677e-003 0. 7.39266165e-003 3.60827614e-003 0.
    2.44433177e-003 9.30034276e-003 0. -2.65043415e-003 2.24610907e-003
    3.14464467e-003 1.23440742e-003 9.00033338e-004 2.26158323e-003 0.
    0. 1.42985000e-003 0. 0. 0. 0. 0. 0. 0. 0. 0. 0. 0. 0. 0. 0. 0. 0.
    6.28093863e-003 0. 2.51878821e-003 1.22662350e-005 2.20879028e-003
    0. 3.01062479e-003 0. 0. 0. 1.05648767e-002 0. 0. 2.50167726e-003 0.
    0. 1.84177503e-003 0. 0. 0. 0. 9.95346811e-004 0. 0. 0.
    1.89721503e-003 0. 4.53305850e-003 0. 0. 2.53607659e-003 0. 0. 0. 0.
    0. 0. 0. -4.42054996e-004 0. 3.44306958e-004 0. 0. 1.56459573e-003
    3.00685316e-003 0. 0. 1.82313041e-003 5.15636464e-004 0.
    1.54834136e-003 0. 0. 4.62717470e-003 -1.32657285e-003 0. 0.
    2.23179231e-003 0. 4.75302413e-002 0. 0. 0. 0. 5.76181228e-005 0. 0.
    0. 2.41900422e-003 1.13287056e-003 6.69004803e-004 3.52230761e-003
    0. 0. 0. 0. -9.74041526e-004 8.11170042e-003 7.01686181e-003 0.
    1.44234416e-003 2.11382378e-003 0. 0. -5.99146239e-004
    -2.65318458e-003 -6.46492699e-004 0. 0. 0. 7.41265761e-003 0.
    9.95732611e-004 2.42971792e-003 0. -4.63965628e-003 0. 0. 0. 0. 0.
    0. 0. 0. 9.46819433e-004 0. 5.48653491e-003 1.28450838e-003 0. 0.
    2.49966281e-004 0. 0. 0. 0. 0. 0. 3.48331477e-003 0. 0. 0. 0. 0. 0.
    1.12963631e-003 5.53634344e-003 0. 0. 0. 0. 2.38147983e-003 0.
    1.03135353e-004 0. 0. 0. 0. 0. 1.90885889e-003 0. 6.56847609e-003 0.
    1.65589794e-003 0. 1.26085046e-003 0. 0. 0. 0. 0. 0. 0. 0. 0. 0. 0.
    0. 2.40987656e-003 6.71108020e-003 8.79162457e-003 0. 0. 0. 0. 0. 0.
    0. 1.95650337e-003 4.08359477e-003 2.95495847e-003 -2.69121781e-004
    -1.61668775e-003 3.07580549e-003 4.36691288e-003 8.98407307e-003 0.
    0. 0. 0. 0. 0. 0. 1.69401476e-003 0. 4.46143094e-003 0. 0. 0. 0. 0.
    0. 0. 0. 0. 0. 0. 1.94041553e-004 0. 0. -1.54818245e-003 0.
    3.48282442e-003 0. 0. 4.26920410e-003 0. 0. 0. 0. 1.44805678e-003
    1.59594649e-003 0. 1.63769023e-003 1.78100560e-002 1.14042130e-004
    4.27398132e-003 0. 0. 0. 0. 0. 0. 1.73220485e-002 0. 0. 0.
