<?xml version="1.0"?>
<opencv_storage>
<imageDescriptor type_id="opencv-matrix">
  <rows>1</rows>
  <cols>1000</cols>
  <dt>f</dt>
  <data>
    1.68809283e-003 0. 1.16458896e-003 0. 1.21089257e-003 0.
    9.05666908e-004 0. 3.22180963e-003 1.64301542e-003 0.
    -8.34233128e-004 0. 1.17523421e-003 1.94478501e-003 -9.39053134e-004
    0. 0. 0. 0. 0. 0. 0. 0. 0. 0. -1.92128617e-004 1.04198908e-003 0. 0.
    0. 0. 0. 2.35399231e-003 4.87250136e-003 0. -1.16267381e-003 0. 0.
    0. 0. 0. 3.04090697e-003 0. 0. 0. 0. 7.91594153e-004 0.
    2.14092638e-002 1.89451210e-003 1.32875133e-003 2.21149833e-003
    8.81270133e-003 0. 0. -8.04231211e-004 0. 0. 1.25630107e-003
    2.81832251e-003 6.99579669e-003 7.15425098e-003 -2.22578575e-003 0.
    0. 0. 0. 0. 0. 2.21298731e-004 -6.43706089e-003 0. 5.99146960e-003
    0. 0. 5.91692398e-004 0. 0. 0. 0. 2.22796132e-003 1.65881345e-003 0.
    2.89345230e-003 1.99620449e-003 0. 0. 0. -3.18004692e-004
    9.07895446e-004 2.72426475e-003 6.18924852e-003 1.75331743e-003
    1.78590009e-003 0. -3.26388661e-004 0. 7.41619078e-005
    -1.23920233e-003 0. 6.45165099e-003 0. 0. 1.25170755e-003 0. 0.
    8.68018530e-003 0. 1.94050686e-003 -1.59914827e-003 -2.50123465e-003
    0. 0. 0. 0. 0. 0. 0. -7.20976200e-003 6.49814960e-004 0.
    6.55056385e-004 2.52873055e-003 -1.97632500e-004 5.99663705e-003 0.
    0. 0. 0. 9.70266468e-004 0. 0. 0. 0. 5.87244611e-003 2.15665228e-003
    0. 2.01113289e-003 0. 0. 5.44357486e-003 -1.65368291e-003 0.
    4.17667412e-004 0. 0. 0. 0. 0. 0. 0. 0. 9.79367876e-004
    2.73573585e-003 0. 0. 0. 0. 1.01393005e-002 -2.45716213e-003 0. 0.
    3.30560375e-004 0. 0. 0. 0. 2.24712817e-003 0. 0. 0. 0. 0.
    -2.46285112e-004 8.15566443e-003 8.11341379e-005 0. -1.26899115e-003
    1.09645929e-002 0. 0. 0. 1.74890750e-003 0. 0. 0. 4.00217978e-004
    5.85094234e-003 2.80167209e-003 0. 3.24747828e-003 0. 0.
    -3.11893935e-004 3.73218977e-003 4.37605614e-003 4.78649075e-004 0.
    2.79497879e-004 0. -1.75461464e-003 7.06706289e-003 0. 0. 0. 0.
    2.11329618e-003 0. 0. 0. 2.54264823e-003 0. 0. -9.73430346e-004 0.
    0. 5.66517119e-004 3.96285858e-003 0. 0. 0. 1.44805266e-002
    7.42510939e-003 0. 1.01050595e-003 1.64114451e-003 0.
    3.18835326e-003 1.50516105e-003 0. 0. 1.32695120e-002
    -4.53802478e-003 0. 0. 0. 0. 6.73323870e-003 0. 0. 0. 0. 0. 0. 0. 0.
    1.23001793e-002 0. 1.95418426e-004 0. 0. 0. 2.72348826e-003
    6.42298488e-003 0. 5.82503201e-003 -7.95304484e-004 1.29648356e-003
    0. 0. 0. 1.75910513e-003 0. 0. 7.92389084e-003 0. 9.61308461e-003 0.
    1.17165586e-002 0. 0. 0. 3.35634802e-003 3.49070504e-003 0. 0. 0. 0.
    0. 0. 0. 0. 0. 7.17108895e-004 0. 1.36687944e-003 2.39177304e-003
    7.08145741e-003 5.84439142e-003 0. 3.72291263e-003 0.
    7.69668585e-003 0. 0. 5.46209980e-003 1.07098604e-002
    6.79537887e-004 8.45659431e-003 1.85555487e-003 0. 0. 0. 0. 0. 0. 0.
    3.49970697e-003 0. 0. 0. 0. 0. 0. 0. 0. 0. 4.29438427e-003
    6.74472749e-003 -9.69393150e-005 0. 0. 0. 0. 1.82701158e-003 0.
    5.17405709e-003 0. 9.44460090e-003 5.29578654e-003 0. 0. 0.
    1.00339600e-003 1.55580486e-003 0. 0. 0. 0. 0. 0. 4.62377036e-004
    4.78783483e-003 0. 0. 0. 0. 1.68901763e-003 0. 0. 0. 0. 0. 0. 0. 0.
    0. 0. 0. -5.64468210e-005 2.62833643e-003 0. 0. 0. 0. 0.
    4.32672119e-003 3.80876911e-004 0. 3.99539759e-003 0. 0.
    -8.26651085e-005 0. 1.73965574e-003 0. 0. 1.83252466e-003
    4.06053819e-004 0. 7.24653713e-004 0. 1.06858183e-003
    1.26587006e-003 5.86757087e-004 0. 3.23516579e-004 4.83519258e-003
    -6.99624838e-003 0. 0. 0. 0. 0. 0. 0. 0. 1.88834372e-003 0. 0.
    4.91970743e-004 3.77905811e-003 0. 2.69765384e-003 2.52004177e-003
    7.40818970e-004 0. 0. 1.70730229e-003 0. 0. 0. -7.46409816e-004 0.
    8.03755783e-003 0. 0. 0. 0. 6.06331043e-003 0. 2.55798595e-003
    3.52641987e-003 6.69824844e-003 0. 1.03821070e-003 0. 0.
    9.08451620e-004 0. 5.36176190e-003 0. 5.12742624e-003 0. 0.
    1.30028753e-002 -3.01144115e-004 0. 0. 6.55021984e-004 0. 0. 0. 0.
    0. 0. 0. 2.89014919e-004 0. 0. 0. 1.52987824e-003 7.63862114e-003
    2.68107653e-003 5.40025672e-003 0. 0. 1.86736579e-003 0. 0. 0.
    2.06899643e-003 5.44441864e-003 6.06902223e-003 0. 0. 0.
    1.08485552e-003 1.71961926e-003 1.31440139e-003 0. 2.78372969e-003
    3.18628387e-004 0. 0. 7.84689281e-003 0. -6.92341244e-004 0. 0.
    1.13879796e-002 5.26655652e-003 1.33370818e-003 0. 0. 0. 0. 0.
    2.29898538e-003 0. 3.02149798e-003 0. 0. 0. 0. 0. 0. 0.
    2.38182940e-004 0. 1.07239475e-002 0. 0. 4.11519455e-003
    -3.41468403e-004 0. 0. 0. 0. 1.31958805e-003 2.74754199e-003 0. 0.
    7.32563843e-004 3.76352225e-003 6.37472933e-003 0. 0. 0. 0. 0. 0. 0.
    1.83577533e-003 1.13148184e-003 0. 0. 0. 3.56808002e-003
    8.18437024e-004 -3.73015343e-003 4.17117914e-003 0. 3.80155724e-003
    -1.66387559e-004 0. 6.30523718e-004 4.88512684e-003 0. 0.
    2.59712129e-003 2.63028126e-003 0. 5.53487800e-003 3.87807097e-003
    0. 0. 0. 0. 0. 0. 0. 0. 5.19728987e-003 0. 0. -7.03168276e-004 0.
    -7.02609250e-004 0. 0. 0. 0. 0. 0. 0. 0. 0. 0. 6.09759986e-003 0. 0.
    0. 1.31047075e-003 3.82786873e-003 0. 0. 0. 5.78551972e-003
    3.75242601e-003 1.25389989e-003 0. 0. 0. 0. 3.51076061e-003
    1.27369864e-003 7.90072978e-003 -6.27215777e-005 0. 0. 0.
    -1.18056103e-003 0. 0. 1.47480424e-003 1.08025607e-003 0. 0.
    1.86591421e-003 2.46000360e-003 0. 0. 0. 3.83571140e-003 0. 0.
    -9.83984908e-004 -1.43660675e-003 0. 1.55658403e-003 0. 0. 0. 0. 0.
    -5.05482254e-004 0. 0. 0. 7.81206007e-004 0. 2.32631108e-003 0. 0.
    0. 0. 0. 0. -1.42890541e-003 0. 0. 0. 0. 6.31964707e-004 0.
    6.38742279e-003 0. 0. 2.04520300e-003 0. 0. 0. 0. 0. 0.
    2.54977553e-004 1.85467629e-003 0. 0. 1.75026173e-004 0.
    1.48362527e-002 0. 8.15103122e-004 0. 3.12632974e-003
    2.69087031e-003 5.08413231e-003 0. 2.89517734e-003 0. 0. 0. 0.
    3.74410558e-003 0. 1.05308797e-002 0. 0. 1.45099161e-003
    4.76310728e-003 0. 0. 0. 2.22780928e-003 1.87720801e-003
    1.31841353e-003 0. 3.83415376e-004 1.47530437e-003 0.
    -1.11913891e-003 0. 0. 2.22543767e-003 0. 0. 1.94542017e-003 0. 0.
    1.18892523e-003 1.58531172e-003 0. 0. 0. 0. -7.41362164e-004 0. 0.
    1.91206904e-003 0. 0. 0. 0. 3.51632072e-004 0. 0. 3.83687695e-003
    1.44006248e-004 0. 0. 0. 0. 0. 0. 0. 0. 0. 9.76062292e-005
    -9.41968698e-004 4.92750807e-003 3.75971664e-003 0. 0.
    1.00505874e-002 0. 0. 0. 2.24550138e-003 0. -1.28350721e-003
    1.33138348e-003 0. 0. 2.03772332e-003 1.53556210e-003 0. 0. 0. 0. 0.
    0. 1.24837866e-003 0. 0. 0. 1.11189636e-003 0. 0. 3.18060885e-003
    -5.85757138e-004 0. 0. -7.36668648e-004 2.44510616e-003
    7.35582202e-004 0. 0. 0. 0. 0. 0. 0. 4.40361537e-003 0.
    6.59456104e-003 0. -1.02155714e-003 1.78395177e-003 5.24470699e-004
    6.64841430e-003 1.52994925e-003 2.36389041e-003 -5.56676532e-004 0.
    -2.87329807e-004 0. 0. 0. 0. 0. 0. 0. -5.04111405e-004
    -8.79779327e-005 0. 0. 1.94622565e-003 -2.21712777e-004
    3.75982537e-003 0. 0. 0. 2.94996612e-003 3.68423434e-003
    1.20608723e-002 0. 0. 0. 0. 4.14759154e-003 9.17508267e-004 0.
    3.60797951e-003 1.69178878e-003 0. 0. 8.49960081e-004
    2.04217387e-003 0. 1.32843771e-003 0. 0. 0. 0. 0. 0. 0. 0. 0. 0. 0.
    -7.33111461e-004 0. 0. 0. 0. 0. 0. 0. 0. 0. 0. 1.89838663e-003 0. 0.
    0. 0. 1.68544974e-003 -2.32724007e-003 4.86052781e-003
    5.01289219e-003 -3.10429838e-003 1.05927975e-004 4.23689606e-004 0.
    0. 0. -2.85725039e-003 0. 1.16816757e-003 1.60911249e-003
    3.59878037e-003 -1.73620600e-003 0. 3.25802888e-004 7.65617425e-003
    0. 6.07114099e-003 0. 4.26707882e-003 0. 0. 0. 0. 0. 0.
    7.86311502e-005 0. 0. 0. 0. 8.81780463e-004 0. 0. 2.56700930e-003
    1.39232806e-003 1.28591340e-003 0. 0. 2.85605853e-003 0.
    1.24637792e-002 1.21479947e-003 0. 0. -7.55882866e-005 0.
    1.01411259e-002 1.98147655e-003 0. 0. 0. 4.34659142e-003 0. 0. 0. 0.
    0. 0. 0. 0. 4.48858785e-003 7.18243420e-003 3.07911323e-005 0. 0. 0.
