<?xml version="1.0"?>
<opencv_storage>
<imageDescriptor type_id="opencv-matrix">
  <rows>1</rows>
  <cols>1000</cols>
  <dt>f</dt>
  <data>
    4.35367180e-003 0. 1.92498160e-003 0. 0. -1.02859002e-003
    2.16205395e-003 0. 0. -4.04683786e-004 0. 0. 9.38730605e-004 0.
    1.32244295e-002 -1.50550670e-006 3.83045548e-003 2.12469883e-003 0.
    0. 4.32270998e-003 0. 0. 0. 0. 0. 0. 2.60426453e-003 0. 0.
    -2.75776911e-005 -1.82031200e-003 -1.17384957e-003 0.
    1.86935789e-003 0. 4.45845712e-004 0. 0. 4.25620587e-004 0.
    2.55426904e-003 0. 4.01052786e-003 0. 0. 7.58875906e-003 0. 0.
    2.06001345e-002 4.06397646e-003 0. -3.12973931e-003 0. 0. 0. 0. 0.
    0. 0. 1.04323623e-003 4.31388896e-003 7.58855429e-004
    2.09476217e-003 7.57370261e-004 2.97356839e-003 0. 0.
    -1.71470118e-003 0. 0. 9.67128575e-003 0. 1.26110055e-002 0. 0.
    2.33852956e-003 1.08309109e-002 0. 0. 0. 0. 0. 0. 0. 0. 0. 0.
    -7.20193784e-004 1.11245003e-003 9.69929737e-004 3.25680966e-003
    9.89048043e-004 -1.18832861e-003 3.84808844e-003 4.81144059e-003
    3.48961260e-003 6.06666738e-003 0. -5.42540685e-004 0.
    7.33423233e-003 1.48563285e-003 0. 0. 0. 0. 3.30742914e-003 0.
    1.16088928e-003 -7.05355546e-004 1.31198845e-003 6.28034072e-003
    3.47433472e-003 0. 0. 0. 0. 0. 9.10951421e-005 0. 0. 1.22813880e-003
    0. 0. 0. 0. -2.26931158e-003 0. 0. 4.55696834e-004 0. 0.
    -1.60685810e-003 0. 5.39500499e-003 1.63815846e-003 2.44842935e-003
    2.26249686e-003 1.01105240e-003 5.31151611e-003 8.79212690e-004
    3.61194485e-003 0. -9.37879493e-004 3.32595361e-003 0.
    5.62885357e-003 3.30480305e-003 0. 0. 4.17303154e-003 0.
    -1.83912067e-004 -1.35202869e-003 0. 0. 1.99916773e-003 0. 0.
    5.22340555e-003 0. 0. 2.46456917e-003 8.40264838e-004 0. 0. 0.
    5.76720247e-003 0. 0. 0. 2.19665770e-003 0. 0. 4.94971732e-003
    3.53403715e-003 1.22473063e-003 0. -7.16226816e-004 0. 0.
    4.52940725e-003 0. 0. 4.70917625e-003 0. 5.59182197e-004
    -3.87384294e-004 0. -1.54694280e-004 7.40020885e-004 0. 0. 0.
    -2.03250020e-004 0. 0. 0. 0. 1.51612924e-003 4.11235407e-004
    2.63436045e-003 0. 0. 0. 1.70677854e-003 -3.52072367e-003 0. 0. 0.
    2.31085368e-003 1.22382259e-003 0. 0. 0. 1.91189558e-003 0.
    -4.89318045e-004 1.28439406e-003 0. 0. 0. 3.35745463e-005 0.
    1.05889025e-003 0. 8.57606065e-004 0. 2.13062414e-003
    7.82697927e-003 0. 4.66475869e-003 -5.04074305e-005 -7.07326399e-004
    0. 6.08802191e-004 6.46693353e-003 0. 0. 0. 0. 3.41293239e-003
    8.48453376e-004 0. 0. 0. 0. 0. 1.31919910e-003 -3.82666272e-004 0.
    -1.27500668e-003 7.08724663e-004 -1.54113222e-004 0. 1.57794770e-004
    0. -6.01644581e-003 0. 0. 0. 0. 0. -6.55067211e-004 -1.06219936e-003
    4.12893854e-003 0. 0. 1.80603005e-003 0. -9.07046080e-004 0.
    3.34408041e-003 1.13083078e-002 0. 0. 4.59122052e-003 0. 0.
    2.65178201e-003 0. 0. 1.54685834e-003 0. 3.49267875e-003 0.
    -4.11456334e-004 -1.31769630e-003 0. 0. 5.02352079e-004
    -1.87638027e-004 -9.60292469e-004 0. 0. 0. 2.32654251e-003 0.
    4.19137953e-003 0. 6.01877284e-004 6.44663465e-004 0. 0.
    2.34489344e-004 0. 0. 2.36350088e-003 9.38815880e-004 0.
    1.96789554e-003 0. 7.28562591e-004 0. 3.36069847e-003
    8.43132753e-003 5.87321294e-004 3.24427080e-003 5.76087553e-003
    1.46704481e-003 3.73739400e-003 0. 9.17111291e-004 2.96179438e-003
    1.15221820e-003 2.29077041e-003 3.80168087e-003 0. 1.75237260e-003
    0. 0. 4.29984095e-004 0. 0. 0. 1.03154674e-003 0. 1.49412185e-003 0.
    0. 0. 0. 1.61639787e-002 0. 0. 1.75679522e-003 7.61359697e-004
    4.96074092e-004 0. 0. 1.34735228e-003 0. 0. 1.11549639e-003 0. 0. 0.
    0. 6.56732172e-003 0. 0. 0. 0. 0. -1.81629288e-003 0.
    8.87988717e-004 0. 0. 8.80115107e-003 0. 0. 0. 0. 0. 5.13206888e-003
    2.18013651e-003 8.66250601e-003 3.95820418e-004 0. 0. 0. 0.
    2.94654700e-003 -5.99765102e-004 2.66937516e-003 3.31514678e-003 0.
    0. 0. 0. 0. 2.10844749e-003 0. 0. 3.75206745e-003 0. 1.23152672e-003
    0. 0. 0. 3.99913313e-003 0. -1.27010781e-003 0. 8.47103947e-004
    -1.77971204e-003 1.20688078e-003 0. 0. 0. 0. 0. 0. 6.25976827e-004
    0. 0. 9.22305509e-004 0. 7.82447029e-003 0. 1.25608989e-003
    8.28277413e-003 0. -1.92004617e-003 0. 0. -4.43582016e-004
    1.17836788e-003 -7.28776446e-004 3.02565331e-003 2.42627484e-005
    1.52022147e-003 1.71048086e-004 0. 0. 0. 0. 0. 0. -7.39217561e-004
    0. 0. 0. -8.54114129e-004 0. 0. 0. 0. 0. 0. 3.52462637e-003
    3.71966953e-003 0. 0. 0. 8.16262967e-004 0. 0. 2.85919965e-003
    1.80660980e-003 6.20338321e-003 -1.66002032e-003 4.98894928e-003 0.
    1.73263010e-002 0. 4.91716899e-004 5.33585298e-005 0. 0. 0.
    2.38807183e-002 0. 1.31654786e-002 0. 0. 1.63801174e-004 0. 0. 0. 0.
    0. 0. 0. 0. 2.35731667e-003 0. -3.35595245e-003 0. 0.
    1.03705970e-003 0. 0. 0. 2.72308383e-003 0. 0. 0. 0. 0. 0.
    -8.55864317e-004 1.08703291e-002 0. 0. 0. 0. 0. 2.65373709e-003
    1.77814614e-003 4.57007019e-003 -1.97495916e-003 0. 0. 0. 0. 0. 0.
    0. 0. 7.95973301e-006 0. 7.08406186e-003 0. 1.11334808e-002 0. 0. 0.
    0. -1.05497404e-003 -2.25339827e-004 0. 3.90561181e-003
    -3.93191382e-004 0. 5.69717307e-003 5.41053899e-003 4.21420671e-003
    4.23607230e-003 3.43670696e-003 2.33915355e-003 0. -1.26023684e-003
    4.75067552e-003 0. 0. 0. 2.69537652e-003 0. 0. 0. 0.
    -1.77613925e-003 9.20536637e-004 0. 0. 0. 8.92292592e-004
    1.55256758e-003 -2.21263221e-003 4.18580510e-003 0. 1.96066336e-003
    0. 0. 0. 0. 0. -1.12148533e-004 0. 0. 0. 0. 5.66181145e-004 0. 0. 0.
    9.72618931e-004 0. 3.19072837e-003 2.34710984e-003 5.14025160e-004
    0. 0. 1.59935397e-003 7.07244093e-004 0. 0. 0. 0. 0. 0.
    5.75815153e-004 0. 0. 0. -8.02059774e-004 0. -5.86895549e-005 0.
    8.01643066e-004 4.98250406e-003 2.25460436e-003 0. 1.76529877e-003
    3.70658794e-003 4.56307596e-003 0. 1.26248598e-003 9.36289027e-004
    4.16345574e-004 -5.54648832e-005 0. 0. 0. 0. 0. 4.04467620e-003 0.
    0. 0. 1.14233550e-002 0. 0. 0. 3.91671114e-004 3.14273569e-003 0. 0.
    1.23321696e-003 0. 0. 0. 2.95035751e-003 1.01897074e-003
    -1.15993957e-004 0. 0. 2.68424512e-003 1.48207182e-003 0. 0.
    1.08907104e-003 0. 0. 1.24220853e-003 0. 0. 0. 0. 0. 2.27750652e-003
    -1.33494707e-003 0. -7.80807110e-004 0. -1.28932833e-003 0.
    4.65236604e-003 7.25161191e-003 -1.39709664e-004 1.56927679e-004 0.
    0. 8.80969572e-004 0. 1.58642698e-003 0. 0. 0. 2.15139109e-004 0. 0.
    0. 1.78249471e-003 0. 0. 2.07776646e-003 0. 1.59727409e-003
    1.69245468e-003 -1.16036588e-003 0. 0. 3.66296293e-003
    3.83111974e-003 0. 2.79679662e-004 2.28635268e-003 0. 0. 0.
    1.01230235e-003 0. 0. 9.96607589e-004 4.77560470e-003 0. 0.
    -3.43245827e-003 6.63933111e-003 4.10237955e-003 0. 4.06407379e-003
    5.30518545e-003 0. 0. 0. 9.52504633e-004 0. 4.45491122e-003 0. 0. 0.
    0. 0. 0. 0. 6.84561499e-004 0. 1.98642500e-002 0. -3.08473594e-004
    0. 0. 0. 0. 0. 0. 2.18286552e-003 0. 9.10813629e-004 0. 0. 0. 0.
    2.45549832e-003 0. 3.54623143e-003 0. 0. 6.76851859e-003
    2.01576855e-003 0. 0. 0. 1.65436533e-003 0. -1.05841830e-003 0.
    7.85692246e-005 0. 0. 4.33361303e-004 0. 6.67203311e-003 0. 0. 0. 0.
    -1.44058877e-005 -3.83303897e-003 0. 2.57722591e-003 0.
    1.10254604e-002 0. 0. 0. 0. 0. 2.62244511e-003 0. 5.64097473e-003 0.
    0. 2.74099712e-003 0. 1.06866704e-003 0. 0. -3.27684684e-004
    2.23567104e-003 4.46192367e-004 0. 0. 0. 0. 0. 0. 0. 0. 0. 0.
    -2.99562700e-004 7.83809461e-003 0. -2.24192394e-004 0.
    6.68937666e-003 5.13483770e-004 5.53676905e-003 0. 0. 0. 0. 0.
    1.84627587e-003 0. -7.13422254e-004 0. 0. 1.85247802e-003
    6.17192301e-004 0. 0. 4.34225518e-003 6.51701773e-003 0. 0.
    5.34565421e-003 2.35168426e-003 2.19860085e-004 2.89688772e-003 0.
    0. 0. 0. 0. 0. 0. 0. -4.41899901e-004 7.89499842e-003
    1.82037766e-003 0. 0. 0. 8.73724697e-004 0. 7.17192702e-003
    1.26137733e-002 -5.01108181e-004 0. -2.42039585e-003 0.
    3.11505538e-003 -6.27034344e-004 0. 5.70997875e-003 0.
