<?xml version="1.0"?>
<opencv_storage>
<imageDescriptor type_id="opencv-matrix">
  <rows>1</rows>
  <cols>1000</cols>
  <dt>f</dt>
  <data>
    0. 0. 1.74066592e-002 8.53777630e-004 0. 1.93347689e-003
    3.94991599e-003 0. 0. 0. 0. 0. 0. 0. 1.22435335e-002 0. 0. 0. 0. 0.
    0. 0. 1.91361853e-003 4.97995410e-003 1.14584407e-002 0. 0. 0. 0.
    2.19435920e-003 0. 0. 0. 4.01948253e-003 -3.57794622e-003
    3.55827884e-004 0. 6.55945530e-003 -3.06418724e-003 2.85997754e-003
    0. 0. 1.27634779e-003 0. 0. 0. 0. -2.85593723e-003 0. 0. 0.
    1.75843737e-003 0. 6.35975925e-003 9.41491406e-003 0. 0. 0. 0.
    9.47289355e-003 0. 3.28807742e-003 9.36119002e-004 -9.52338160e-004
    0. 0. 0. 0. 0. 2.12016958e-003 0. 4.74342378e-004 7.45786936e-004 0.
    0. 0. -4.76969685e-003 0. 0. 0. 0. 0. 0. -5.29008794e-005
    -2.70602107e-003 0. 0. 1.68261176e-003 0. 0. 0. -1.42566522e-003 0.
    0. -1.20906311e-003 0. 1.39533579e-002 0. 3.58736748e-003 0. 0. 0.
    2.75090244e-003 3.02572432e-003 0. 0. 0. 5.34354802e-003 0. 0. 0.
    4.35292767e-003 2.58514215e-003 0. 0. 0. 0. 0. 0. -2.14565708e-003
    4.00033128e-003 0. 0. 2.73407437e-003 0. 2.11889227e-003
    -6.27000583e-004 8.36625346e-004 0. 0. -2.90921400e-003
    7.12561049e-003 0. 8.53259768e-003 0. 3.90663883e-003 0. 0.
    -2.69707595e-003 0. 0. 6.48466870e-004 0. 0. 0. 0. 0.
    9.42569808e-004 1.86631456e-003 1.36783952e-002 0. 0. 0.
    9.68283450e-004 1.38470689e-002 1.25197927e-002 0. 1.51571969e-003
    3.85574694e-003 0. -8.37635598e-004 0. 0. 0. 0. 0. -2.28450145e-003
    0. -1.04998285e-003 0. 0. 0. 0. 2.41276197e-004 0. 2.09433812e-004
    0. 5.81878098e-003 0. 9.21975542e-003 -1.05271779e-003 0. 0.
    3.06222159e-002 0. 1.67634478e-003 0. 2.12801108e-003
    9.26868990e-003 8.91386124e-004 5.09132806e-004 1.07718464e-004
    -2.04775529e-003 0. -3.08527169e-003 -6.27282867e-003 0.
    9.11494659e-004 0. 1.21154229e-003 0. 1.23500370e-003 0. 0. 0. 0. 0.
    0. 0. 0. -2.09414563e-003 1.49397342e-003 -3.49846989e-004 0.
    -1.33802218e-003 3.09917913e-003 0. 0. -1.24371581e-004 0. 0. 0.
    8.07279255e-003 1.00799520e-002 0. 0. 0. 0. 3.95933213e-003 0. 0. 0.
    0. 3.48245655e-003 0. -5.08496014e-004 0. 0. 0. 0. 2.86627328e-003
    0. 1.26112415e-003 0. 5.50649975e-006 0. 0. 0. 0. 4.87752957e-003 0.
    0. 3.98263335e-003 1.98958488e-003 0. 2.25506141e-003
    1.19031058e-003 0. 3.24167777e-003 0. 0. 0. 0. -1.84103253e-003 0.
    1.24422899e-002 4.59408294e-003 0. 0. 0. 0. 0. 9.57719749e-004
    4.58049960e-003 -8.05655727e-004 3.16895219e-003 2.17083539e-003 0.
    0. 0. 2.80042011e-002 0. 1.48076462e-002 0. 0. 0. 0. 1.60074397e-003
    1.10496962e-002 0. 0. 7.09557254e-003 2.23237532e-003 0.
    2.33432045e-003 0. 0. 4.94853593e-003 0. 0. 6.54477067e-003 0. 0. 0.
    0. 0. 0. 0. 0. 0. 2.34625558e-003 0. 0. 0. 0. 3.70162888e-003 0. 0.
    0. 2.31918506e-003 1.99047336e-003 0. 8.40426236e-003
    -1.24639657e-003 0. 0. 0. 0. 0. 0. 3.69878742e-003 0. 0. 0. 0. 0. 0.
    0. 3.23236594e-003 2.38275900e-003 0. 0. 0. 1.08201988e-002
    4.69730282e-003 0. 0. 5.94318379e-003 0. 0. 0. 0. 0. 0. 0.
    8.62974499e-004 0. 0. 0. 0. 0. 1.16092069e-002 0. 2.51006847e-003 0.
    0. 0. 2.96825753e-003 7.72377988e-003 0. 0. 0. 0. 0. 0. 0.
    2.23163422e-002 0. 0. 0. 0. 0. 0. 9.22425475e-004 0. 0.
    3.32454126e-003 0. 2.57214368e-003 -4.41577577e-004 0. 0. 0. 0. 0.
    0. 0. 0. 0. 0. 0. 0. 0. 1.00110180e-003 0. 0. 0. 4.25422215e-004 0.
    0. 0. 0. 0. 2.85239948e-004 0. 0. 0. 2.48538400e-003 0. 0.
    6.29823562e-003 -4.49956628e-004 0. 1.25406561e-002 4.97421576e-003
    3.37924102e-005 0. 0. 0. -1.22786814e-003 0. 0. 8.64857156e-003 0.
    0. 0. 5.28774550e-003 0. 0. 0. 0. 0. 4.70627844e-003 0. 0. 0. 0. 0.
    0. 0. 0. 0. 0. 0. 4.92466846e-004 0. 0. 0. 0. 0. 0. 0.
    1.28652817e-002 0. 0. 0. 1.13735805e-004 0. 0. 0. 0. 0. 0.
    1.26426006e-002 0. 0. 0. 1.66304491e-003 0. 0. 0. 8.06096755e-003 0.
    6.72366237e-003 0. 0. 0. 0. 4.60983906e-003 1.00371875e-002 0. 0. 0.
    0. 0. 0. 0. 0. 0. 0. 3.16168903e-003 2.94669345e-003 0.
    5.27068973e-004 0. 0. 0. 0. 0. 2.14472716e-003 1.89649165e-002 0. 0.
    0. 4.01984854e-003 2.62248865e-003 0. 0. 0. 0. 0. 0. 0. 0. 0.
    2.52526370e-003 0. 0. 0. 0. 0. 5.27300108e-005 0. 0. 6.16735267e-003
    0. 0. 0. 6.43376913e-003 0. 0. 9.29557500e-005 0. 0. 2.01273174e-003
    5.33574866e-003 0. 0. 0. 0. 0. 0. 0. 0. 0. 1.07179713e-002 0.
    1.17965159e-003 0. -4.71807923e-003 0. -7.03697326e-004 0. 0. 0. 0.
    0. 0. 4.64594364e-003 4.52316774e-004 -5.32718841e-004 0.
    -7.59381917e-004 0. 0. 0. 0. 1.66195328e-003 0. 2.74194474e-003
    9.04865505e-004 6.17861922e-004 0. 0. 0. 0. 0. 0. 0. 0.
    2.05306383e-003 0. 0. 1.45204563e-003 0. 0. 2.73036095e-003 0. 0. 0.
    0. 5.05207665e-003 0. 0. 0. -8.62067740e-004 0. 3.30575090e-003 0.
    2.52399291e-003 0. 3.40636499e-004 0. 0. 0. 0. 0. 3.67103331e-003
    1.26747752e-003 0. 0. 6.77416846e-003 0. 2.88732024e-003
    -9.79660661e-004 1.42227504e-002 0. 1.14222418e-003 0. 0.
    2.14429037e-003 2.51355954e-003 0. 0. 0. 7.46306207e-004 0. 0. 0. 0.
    0. 7.53105851e-003 0. 0. 0. 0. 0. 0. 1.50358840e-003 0. 0. 0. 0.
    1.96259376e-003 0. 0. -3.40520404e-003 0. -1.20842783e-003
    8.52289435e-004 0. 0. 0. 3.20947287e-003 0. 0. 0. 0. 0. 0.
    5.11558261e-003 0. -1.98048830e-004 0. 2.32375553e-003 0. 0. 0. 0.
    1.57679933e-005 0. 0. 0. -5.43051457e-004 0. 0. 0. 0. 0. 0. 0. 0.
    8.39954009e-004 0. 0. 0. 0. 0. 8.22063349e-003 0. 1.38024043e-003
    3.11838277e-003 0. 1.98813411e-003 0. 0. 1.20191276e-002 0. 0. 0.
    -1.06175081e-003 0. 0. -6.90406305e-004 0. 0. 0. 0. 5.13422769e-004
    0. 2.65910942e-003 5.06011955e-003 -1.38591160e-003 0.
    4.65026917e-003 0. 0. 0. 0. 0. 0. 0. 0. 0. 0. 0. 5.61861135e-003 0.
    0. 0. 0. -1.21272739e-003 0. 1.47344766e-003 0. 1.37117412e-003
    1.01697363e-003 0. 0. 0. 0. 0. -1.82699168e-003 0. 0. 0. 0. 0. 0. 0.
    4.78399545e-003 0. 0. -2.26518861e-003 1.03406319e-002 0. 0.
    3.79910110e-003 2.79870396e-003 -1.47798273e-003 0. 6.55412814e-003
    0. 0. 0. 0. 0. 0. 0. 0. 0. 0. 0. 0. 0. 0. 2.93191848e-003
    5.22344327e-003 0. -2.95431473e-005 0. 0. 0. 0. 0. 3.95145873e-003
    0. 0. 0. 0. 0. 6.99357362e-003 3.19429697e-003 1.34632187e-002 0.
    8.86291452e-003 0. 0. 3.98739194e-003 0. 2.59718043e-003 0.
    -1.88385113e-003 0. 0. 0. 0. 0. 0. 0. 0. 0. 1.23239616e-002 0.
    -6.71947200e-005 0. 0. 0. 0. 2.05434437e-004 0. 0. 0.
    -1.21911766e-003 1.55024085e-004 0. 0. 2.98552494e-003
    3.63467843e-003 0. 0. 0. 3.46746040e-003 1.50394265e-003
    -6.88208791e-004 0. -3.53012350e-003 0. 0. 0. 4.30515734e-003
    3.94405751e-003 1.03653048e-003 0. 3.64330178e-003 2.83123739e-003
    0. 0. 0. 0. 0. 0. -2.32101011e-004 0. 0. 3.19138262e-003 0. 0.
    1.16910809e-003 0. 0. 0. 0. 0. 0. 0. 0. 0. 1.68635894e-003 0. 0. 0.
    0. 0. 0. 0. 2.23707384e-003 4.34240047e-003 0. 0. 0. 0.
    1.35308842e-003 0. 0. 0. 3.82698490e-003 0. 1.26798020e-003 0. 0. 0.
    0. 0. 0. -6.25057844e-004 0. 2.06807206e-004 1.77216670e-003 0. 0.
    7.20768759e-004 0. 7.03913206e-003 0. 2.00927630e-003 0.
    4.48777759e-003 0. 0. 0. 0. 0. -3.02689988e-003 0. 0. 0. 0. 0. 0. 0.
    0. 0. 0. 1.43024116e-003 0. 0. 0. 0. -2.97545712e-003
    2.68152333e-004 0. 0. 0. 8.84883193e-005 3.49151739e-003 0. 0.
    5.54959755e-003 7.48581206e-003 0. 0. 1.10791682e-003 0. 0. 0. 0. 0.
    4.23335284e-003 0. 0. 0. 0. -5.37759566e-004 0. 0. 0. 0. 0.
    9.30636190e-003 0. 3.45153315e-003 0. 4.11128206e-003 0.
    6.86690863e-003 0. 0. 9.12743714e-003 -9.29688627e-004
    1.83615310e-003 8.82485230e-003 0. 1.13859875e-004 0.
    8.13812949e-003 0. 0. 6.48578024e-003 0. 0. 0. 0. 0. 0. 0. 0.
    1.09051005e-003 0. -1.04667351e-003</data></imageDescriptor>
</opencv_storage>
