<?xml version="1.0"?>
<opencv_storage>
<imageDescriptor type_id="opencv-matrix">
  <rows>1</rows>
  <cols>1000</cols>
  <dt>f</dt>
  <data>
    3.42243095e-003 0. 0. 0. 0. 0. 0. 0. 7.26779085e-003 0.
    -1.21224817e-004 -1.45042504e-004 7.38723727e-004 0. 0.
    5.52650960e-003 0. 8.92782584e-003 0. 0. 0. 0. -4.53005458e-004
    9.69662447e-004 0. 0. 0. 0. 0. -5.52854734e-004 6.60487311e-003 0.
    9.88550601e-004 0. 1.47542935e-002 1.10862367e-002 1.62706757e-003
    0. -1.32559182e-003 -1.27355661e-003 0. 5.64215472e-003
    8.87514441e-004 0. 1.23614036e-002 0. 0. 0. 0. -3.60984879e-004
    -6.18297781e-004 5.15525602e-003 1.19116288e-004 0. 0. 0. 0. 0.
    2.73992587e-003 5.93745010e-003 5.30791469e-003 1.99167087e-004
    -1.16616357e-004 0. 0. 0. 0. 0. 5.58769272e-004 0. 0.
    3.58293415e-003 1.27221341e-003 0. 0. 0. 4.14833892e-004 0. 0. 0. 0.
    0. 0. 0. 0. 0. 0. 8.45031161e-003 0. 4.70523664e-004 1.30580360e-004
    1.01635186e-003 0. 4.55520581e-003 5.10241545e-004 0.
    1.17999567e-004 9.08684544e-003 0. 9.09547321e-003 0.
    1.25158936e-001 0. 1.64256606e-003 0. 0. 0. 0. 7.00694276e-004 0.
    7.82348402e-003 9.46523855e-004 3.60142463e-003 -5.47531643e-004 0.
    0. 0. 0. 0. -8.49237200e-003 0. 6.49670651e-003 3.52036161e-003 0.
    2.09783670e-003 1.45928643e-003 0. 0. 0. 8.91226045e-006
    1.77553773e-003 4.28735184e-005 0. 0. 0. 0. 0. 0. 2.70538009e-003 0.
    6.87125663e-004 1.06850418e-003 6.68269291e-004 -1.38733565e-004
    6.55036827e-004 0. 0. 0. 2.76369299e-003 0. 1.31628907e-003 0.
    -2.11816491e-003 0. 1.33389933e-003 -6.66803331e-004 0. 0.
    1.84704491e-003 0. 2.72693112e-004 0. 0. 0. 0. 0. 0. 0.
    -9.42595398e-006 0. 0. 0. 0. 4.57645860e-003 0. 0. 0. 0. 0.
    1.35649671e-003 0. 0. 1.52166130e-003 0. 0. 0. 0. 3.02851759e-003 0.
    0. 0. 3.68939154e-003 4.65886202e-003 0. 2.42457492e-003
    2.89255125e-003 0. 0. 0. -2.82041903e-004 0. -9.79129924e-004 0. 0.
    0. 1.35599019e-003 1.07099349e-002 0. 0. 0. 5.97175153e-004 0. 0. 0.
    0. 6.70503650e-004 1.49432488e-003 0. 0. 0. 7.00601982e-003 0.
    3.54253757e-003 6.40728045e-004 0. 0. 2.47846846e-003 0. 0. 0. 0. 0.
    7.61452876e-003 1.21218432e-003 1.27321482e-003 0. 1.14109123e-003
    0. 0. 0. 0. 1.27248268e-003 0. 0. 2.40941788e-003 6.88232109e-003 0.
    0. 0. -2.46134261e-003 0. 0. -5.09546022e-004 1.34938676e-003
    4.35642852e-003 4.00219718e-003 0. 6.71257032e-004 -2.99305335e-004
    0. 0. -8.55332415e-004 0. 0. 8.95452220e-003 -2.40991567e-003
    6.58282544e-003 -4.01599449e-004 0. 0. 0. 0. 3.18930950e-003
    1.74251571e-003 8.47594999e-003 0. 4.71643917e-003 2.78938748e-003
    0. 0. 4.56299342e-004 0. -7.26747501e-004 0. 0. 0. 2.68906145e-003
    0. 0. 2.04037875e-003 0. 0. 0. 9.38944868e-004 0. 1.75447157e-003 0.
    7.62770278e-003 4.19716351e-003 0. 1.04052876e-003 1.50895526e-003
    0. 0. 0. -4.71904699e-004 0. 0. 0. 0. 0. 4.37360303e-003
    5.08295558e-003 0. 0. 0. 0. 4.01151087e-003 3.27446335e-003 0. 0. 0.
    2.54180282e-003 0. 1.20277191e-003 0. 0. 8.26144707e-004
    -4.99405840e-004 0. -3.06382659e-003 0. 0. 0. 5.74033801e-003
    8.97488266e-004 1.60526345e-003 0. 0. 0. 1.23276113e-004 0.
    3.40330973e-003 -4.05110652e-003 0. 0. 2.30586994e-003
    2.31252532e-004 -4.16665716e-004 0. 0. 0. 0. 0. 0. 0. 0. 0. 0. 0. 0.
    0. 0. 1.38825388e-003 0. 4.98821842e-004 0. 0. 0. 0. 2.00931448e-003
    3.26488493e-003 8.00815877e-004 5.69757365e-004 0. 5.48553746e-003
    0. -3.80147423e-004 0. 2.43065227e-003 0. -2.06976030e-002
    2.61557265e-003 0. 3.08602746e-003 0. 0. 0. 0. 0. 0. 0. 0.
    1.04873395e-003 0. 1.10609538e-003 0. 0. 2.05303845e-003
    5.19457087e-003 1.20293000e-003 0. 0. 0. -1.81603036e-003 0. 0. 0.
    0. 0. 0. 0. 0. 0. 0. -2.52060709e-003 0. 0. 2.26419955e-003 0.
    1.93183208e-004 0. 0. 0. 4.04608296e-003 8.71065480e-004 0. 0.
    5.03040326e-004 1.16501655e-003 0. 2.77031003e-003 -9.23378335e-004
    5.18156542e-003 0. 0. 9.11402330e-003 0. 0. 0. 2.16661184e-003
    3.01642204e-003 0. 0. -7.26278231e-004 4.04947175e-004
    7.62039283e-003 3.23427282e-003 0. 0. 1.80683087e-003 0. 0.
    6.83480315e-003 0. 0. 0. 0. 0. 0. 0. 0. 0. 6.70525385e-003
    9.27195710e-004 0. 0. 2.10216851e-003 0. 0. 1.13209484e-004 0. 0. 0.
    0. 3.74454365e-004 -9.79459612e-004 0. 0. 0. 0. -4.54303483e-003
    3.44863022e-003 0. 0. 0. 0. 0. 3.31376563e-004 1.45055065e-002 0.
    -6.06436166e-004 0. 4.43434663e-004 2.42909882e-003 0. 0. 0.
    1.90294127e-003 0. 0. 3.84905818e-003 0. 0. -2.04553318e-004
    1.35531351e-002 0. 2.10197573e-003 0. 0. 8.43094382e-003 0. 0. 0.
    2.61862250e-003 5.63718902e-004 -1.97639572e-003 3.46271804e-006
    4.96681547e-004 0. 0. 1.42149581e-003 0. 3.66849243e-003 0. 0. 0. 0.
    0. 0. 0. -1.39573749e-004 0. 2.47129542e-003 1.77408379e-004 0. 0.
    -6.12524920e-004 -8.70124379e-004 -2.29491573e-003 0. 0. 0.
    5.01959119e-003 0. 8.61700159e-003 0. 0. 0. 1.61105092e-003 0. 0. 0.
    0. 0. 4.71880333e-003 3.82526964e-003 0. 0. -3.56865872e-004 0. 0.
    0. -1.16663643e-004 5.84713707e-005 0. 3.60648753e-003 0.
    7.15448940e-003 0. 8.30665044e-003 5.78063587e-003 0. 0. 0.
    5.90748759e-003 0. 0. 0. 7.73197156e-004 6.09786133e-004 0. 0.
    2.91667157e-003 3.19970027e-003 0. 0. 0. 0. 7.26428058e-004 0. 0. 0.
    -1.52147317e-003 0. 0. 0. 3.77331302e-003 0. 0. 1.76499691e-003
    1.47439260e-003 0. 0. 0. 0. 1.73828943e-004 0. 6.24607143e-004 0. 0.
    0. 2.98491417e-004 0. 5.28595317e-003 0. 3.27688339e-003
    8.68368370e-004 0. 2.54333229e-003 -2.47827033e-003 0. 0.
    -1.07377558e-003 0. 0. 0. 5.51208295e-003 0. 5.42344898e-003
    1.48482027e-003 0. 0. -1.82308145e-006 2.89949286e-003
    1.16219824e-004 0. 0. 0. 0. 0. 3.07036284e-003 6.37565507e-004 0.
    1.85313984e-003 0. -6.94429094e-004 4.39572567e-003 0.
    -3.59418755e-003 0. 0. 2.63770996e-003 3.51227284e-003 0. 0.
    -5.37056803e-006 0. 4.35903762e-003 0. 0. 0. 0. 0. 0. 0.
    2.62178271e-003 0. 0. 0. 2.14028778e-003 0. -1.12254650e-003
    1.25131034e-003 9.75458242e-004 0. 0. 2.31453474e-003 0. 0. 0.
    8.92045151e-004 0. 0. 4.46586451e-003 1.32440554e-003
    9.42940533e-004 0. 0. 0. 2.79331784e-004 -2.27012515e-005 0. 0.
    2.96848040e-004 0. 0. 1.06557682e-002 0. 1.35041832e-003 0. 0. 0.
    1.03250763e-003 0. 2.84063770e-003 6.05712226e-003 0. 0. 0.
    4.32505365e-003 0. 1.16197811e-003 0. 0. 0. 2.66920240e-003 0.
    2.61446321e-003 0. 1.06755807e-003 0. 0. 0. 1.97837758e-003 0.
    2.80768634e-003 0. 0. 2.14924547e-003 0. 0. 0. 0. 0. 1.76884118e-003
    0. 0. 0. 0. 0. 1.50076556e-003 0. 3.96030070e-003 1.18883245e-003 0.
    4.08690237e-003 0. 0. 0. 0. 0. 6.91470644e-003 0. -1.00250111e-003
    0. 0. 0. 0. 2.12150905e-003 0. 0. 0. 0. 2.81274738e-003
    2.62157316e-003 0. 1.81118480e-003 6.12729462e-003 3.07559851e-003
    0. -1.97153958e-003 0. 0. 0. 0. 0. 3.50287743e-003 0. 0. 0.
    3.96256713e-004 0. 0. 0. 2.04072800e-003 9.08092037e-003 0. 0. 0.
    2.19344074e-004 0. 0. 0. 9.23137821e-004 2.66451412e-003
    1.14052859e-003 0. 0. -1.29474531e-004 0. -2.34949752e-003
    -1.13595393e-003 0. 0. 0. 6.07548747e-003 0. 0. 0. 0.
    2.55779433e-003 3.53023014e-003 0. 8.73818761e-004 0. 0. 0. 0.
    1.33907597e-004 0. 0. 0. 0. 0. 1.62363984e-003 0. 0. 0. 0.
    3.28321522e-003 0. 0. 2.51391670e-003 0. -1.34435459e-003 0. 0. 0.
    7.20462436e-003 0. 0. 5.52874571e-003 0. -1.96040983e-005
    -6.02273154e-004 0. 0. 0. 8.63490684e-004 -2.06194026e-003
    -7.23085541e-005 0. 0. 2.37256149e-003 5.67964232e-003 0. 0. 0.
    5.58227533e-004 8.44513066e-004 0. 8.75490997e-003 9.43736464e-004
    0. 7.96075969e-004 0. 0. 0. 1.96360378e-003 0. 0. 0. 5.18184213e-004
    0. 1.05131813e-003 0. 0. 0. 6.61252299e-004 3.64182895e-004 0. 0. 0.
    0. 4.21046163e-004 0. 0. 8.69025243e-004 0. 5.27734961e-003 0. 0. 0.
    0. 0. 1.90527469e-003 -1.34150335e-003 -1.38585025e-003 0. 0. 0. 0.
    0. 9.58693493e-003 2.54479647e-002 1.61236990e-003 0. 0. 0. 0.
    -4.24539484e-003 0. 0. 0. -5.92174649e-004 0. 0. 0. 6.35622302e-003
