<?xml version="1.0"?>
<opencv_storage>
<imageDescriptor type_id="opencv-matrix">
  <rows>1</rows>
  <cols>1000</cols>
  <dt>f</dt>
  <data>
    4.59107850e-003 0. 1.91798992e-003 0. 0. 4.25846782e-003 0.
    6.96832919e-003 2.43060454e-003 0. -1.05161837e-003 0. 0. 0.
    1.66958123e-002 0. 0. -2.84507638e-004 0. 0. 0. 0. 0. 0.
    -2.10652390e-004 0. 0. 0. 0. 0. 0. 0. 5.52621158e-003 0.
    -9.88063496e-003 0. 0. 0. 0. 4.27487167e-003 8.79749563e-003
    6.48511166e-004 1.71511422e-003 1.75842620e-003 -4.76801128e-004 0.
    7.48290261e-003 0. 9.92647605e-004 3.52548133e-003 4.44237026e-004
    2.91841826e-003 -2.80845189e-003 0. 0. 0. -1.24904583e-003 0.
    5.49071142e-003 8.08742922e-003 0. 0. 2.00283993e-003 0. 0. 0. 0.
    1.11972145e-003 2.39683455e-003 3.66324326e-003 0. -2.39696493e-003
    0. 6.38538133e-003 0. 0. 5.72054740e-003 0. 0. 0. 0. 0. 0.
    1.33094640e-004 0. 0. 0. 0. 0. 1.10854814e-003 0. 0. 0. 0.
    1.47459190e-003 0. 8.76829121e-003 0. 3.23524885e-003 0. 0.
    5.51660964e-003 -5.70367964e-004 1.16663554e-003 0. 0.
    3.34840012e-003 8.83155502e-003 0. 0. 0. -2.21730978e-003 0. 0. 0.
    -8.98405036e-004 0. 1.95839047e-003 5.58867760e-004 3.13990097e-003
    1.71841867e-002 0. 0. 0. 0. 0. 0. 0. 0. 0. 4.10877634e-003
    2.84964661e-003 0. 0. 0. 8.05805379e-004 0. 0. 0. 2.25321064e-003
    -1.65752106e-004 0. 0. 6.56330818e-003 0. 0. 0. 0. 0. 0.
    -1.24390551e-003 0. 0. 0. 1.22249743e-003 8.83442909e-003 0. 0.
    3.67092760e-003 0. 4.82462160e-003 0. 3.44154006e-003
    1.86219823e-003 -4.42438410e-004 0. 1.40600617e-003 0.
    9.04090982e-003 0. 0. -2.41262536e-003 0. 0. 0. 1.44903278e-002 0.
    0. 0. 0. 2.04818719e-003 0. 0. 5.01756975e-003 0. 0. 0. 0. 0. 0. 0.
    0. 2.85429251e-003 0. 6.37473911e-003 2.06960551e-003
    -4.43108234e-004 2.19456647e-002 2.45545362e-003 4.76353569e-003
    -1.75950177e-007 2.68794643e-003 0. 0. 0. 0. 2.14897189e-003 0. 0.
    0. 0. 0. 0. 0. 0. 2.08249060e-003 0. 0. 0. -3.34991771e-003
    1.55681197e-003 0. -3.96475749e-004 7.04291626e-004 0. 0.
    -1.33786700e-003 0. 6.45657128e-004 4.21735272e-003 0. 0.
    1.53720123e-003 8.25863739e-004 0. 1.11306715e-003 0.
    -1.17976873e-004 0. 0. 0. 0. 2.91083823e-004 1.02540173e-004 0.
    1.28183223e-003 0. -6.20613340e-004 0. 5.10150008e-003 0.
    2.84767477e-003 1.09417411e-003 -1.21073169e-003 0. 0. 0. 0.
    3.55103402e-003 0. 0. 7.08759064e-004 0. 0. 0. 8.71656276e-003 0. 0.
    0. 0. 0. -1.56733219e-003 0. 0. 2.88326573e-003 0. 0. 0. 0. 0. 0.
    6.35575783e-003 2.96681025e-003 0. -2.10373371e-004 0. 0.
    4.63176926e-004 0. 0. 0. 0. 2.95021833e-004 0. 0. 0. 0. 0.
    5.02500962e-003 0. 0. 0. 0. 0. 0. 6.38646190e-004 0. 0. 0.
    -4.09329729e-003 0. 0. 0. 0. 0. 2.74726516e-003 0. 0.
    6.62258407e-003 1.19562563e-003 0. 1.05578238e-002 0.
    7.16159493e-003 0. 7.03902740e-004 0. 6.76630065e-003 0. 0.
    5.00656059e-003 0. 1.70847576e-004 0. 1.11733293e-002
    1.73534348e-003 0. 0. 0. 3.10102897e-003 0. 0. 5.35195880e-003
    -2.21151524e-004 0. 1.95797603e-003 9.91264172e-003 0. 0. 0. 0. 0.
    0. 0. 3.40636517e-003 0. 0. 1.58950302e-003 1.48485042e-003 0.
    6.06111949e-004 2.59108765e-005 0. 4.44142893e-003 0. 0. 0.
    -6.99959812e-004 0. 0. 0. 0. 0. 0. 0. -5.53300371e-004
    4.83310828e-003 7.45699857e-004 0. 0. 8.08271207e-003
    -1.55709358e-003 0. -8.44858994e-004 0. 0. 0. 0. 0. 0.
    1.43989082e-003 2.53564119e-003 0. 0. 0. 0. 0. 0. 3.89533001e-003
    5.68704121e-003 0. 0. 0. 1.06762117e-003 6.86325505e-003 0. 0. 0. 0.
    0. 0. 4.12315642e-003 8.08840804e-003 0. 0. 0. 0. -6.72938069e-004
    0. 3.72040621e-003 0. 0. 3.76740191e-003 4.81404102e-004
    7.20334519e-003 1.46947813e-003 1.35694933e-003 0. 0.
    5.67407254e-003 0. 1.94132410e-003 2.26029783e-006 0. 0. 0. 0.
    1.80412049e-003 1.74003677e-003 6.01969077e-004 0. 1.87337352e-003
    0. 0. 0. 0. 0. 0. 4.11717081e-003 0. 3.51105817e-003 1.66271161e-003
    7.80818705e-003 6.02803251e-004 0. 0. 0. 0. 0. -7.54797307e-004 0.
    3.91764654e-004 0. 3.15968809e-003 0. 0. 0. 0. 1.07058685e-003 0.
    4.64234967e-003 0. 1.71460537e-003 0. 0. 0. 0. 0. 2.77521252e-003 0.
    0. 0. 7.14489678e-003 0. 0. 0. 0. 0. 0. 8.95435270e-003
    3.13413353e-003 4.05178609e-004 3.22597614e-003 0. 0. 0.
    2.40460457e-003 0. -1.80615729e-003 0. 0. 0. 0. 0. 0. 0. 0. 0. 0.
    3.58958868e-003 6.79457048e-003 0. 0. 0. 1.79396429e-005 0.
    2.72171828e-003 0. 0. -9.73984352e-005 0. 0. 0. 0. 1.62180490e-003
    0. 0. 0. 0. 3.90795118e-004 0. 0. 0. 0. 1.13429222e-003 0. 0.
    6.48595998e-003 4.13581729e-003 0. 2.77726934e-003 -1.23958476e-003
    0. 0. 0. 1.36483542e-003 0. 0. 0. 0. 0. 3.87829426e-003 0.
    7.28337513e-003 3.21011082e-003 1.25844497e-003 -1.33422099e-003
    4.69965069e-003 8.71425262e-004 -3.54327098e-003 0. 0.
    1.07185217e-003 0. 1.11493201e-003 0. 0. 0. 0. 0. 0. 0.
    1.75267668e-003 0. 0. 6.11540908e-003 0. 1.01944180e-002 0. 0. 0.
    8.41490552e-003 0. -1.20039855e-003 0. 0. 0. 0. 6.98912540e-004 0.
    0. 5.58695570e-003 0. 1.23819266e-003 6.23174652e-004 0. 0. 0. 0. 0.
    0. 0. 6.36736350e-003 0. -4.82041738e-004 -3.02119483e-003
    1.99956493e-003 0. 0. 0. 2.60980241e-003 0. 0. 0. 0. 0.
    6.74299430e-003 3.59859876e-003 0. 0. 0. 3.03008797e-004 0. 0.
    3.36848316e-003 1.88042549e-003 0. 2.79380870e-003 3.07938550e-003
    0. 0. 0. 0. 0. 0. 0. 0. -2.22120038e-003 0. 0. 0. 0. 0. 0. 0. 0. 0.
    0. 0. -2.86926189e-003 0. 0. 0. 2.50008912e-003 3.82846291e-003 0.
    0. 0. 7.99275748e-003 0. 7.96233676e-003 0. 0. 0. 2.74164299e-003
    9.74746305e-004 0. 1.50516257e-003 0. 0. 8.50769691e-004 0. 0.
    1.50381369e-004 7.73796532e-003 0. 0. 1.51545694e-003 0. 0.
    1.84424652e-003 0. -1.12155732e-003 -3.14893993e-003 0. 0. 0. 0. 0.
    0. 0. 0. 2.13260786e-003 0. 0. 0. 0. 0. 5.79459360e-003 0. 0.
    1.96213112e-003 3.48032045e-005 0. 0. 0. 5.22783585e-003 0. 0.
    6.53237198e-003 0. 0. 0. 3.04974662e-003 0. 0. 0. 0.
    -2.62102392e-003 0. 3.70414602e-003 2.08210666e-002 0. 0.
    6.82752300e-003 0. 0. 0. 1.88629108e-003 0. 0. 0. 0. 0.
    1.03632268e-002 0. -1.91727406e-004 -2.25439365e-003 4.81578708e-003
    0. 1.30901467e-002 8.39276053e-003 0. 0. 0. 0. 0. 0. 1.86762388e-003
    0. 0. 0. 5.89645794e-003 0. 8.89594667e-004 8.12431984e-003 0.
    3.66796996e-003 0. 0. 0. 0. 5.76603983e-004 0. 0. 0. 8.90033625e-005
    -2.16131890e-003 0. 0. 0. 1.79338420e-003 0. 6.72656810e-003
    -3.84008046e-003 0. 2.27262778e-003 0. 0. 0. 0. 0. 8.68643541e-003
    1.63701903e-002 0. -8.96221027e-004 0. 0. 2.77757621e-003 0. 0. 0.
    1.40358973e-002 0. 0. 0. 0. 1.76978228e-003 0. 0. 0. 3.01038986e-003
    0. 0. 0. 5.39649837e-003 0. 0. 0. 0. 1.99691276e-003 0.
    1.25970878e-002 0. 0. 0. 0. 6.04586536e-003 0. 0. -3.26577504e-003
    0. 0. 0. 2.42927158e-003 0. 0. 0. 0. 0. 0. 0. 0. 0. 1.37298061e-002
    -4.52093489e-004 0. 0. 3.62147507e-003 0. 0. 0. 0. 1.88772206e-003
    0. 0. 1.13753998e-003 0. 0. 0. 0. 2.98311142e-003 0. 0.
    3.10969935e-003 0. 0. 0. 0. 1.25620300e-002 4.57348096e-006
    1.63843017e-003 7.32072396e-004 0. 0. 4.50686179e-003 0. 0.
    1.83804377e-006 8.07140546e-004 0. -3.09586688e-003 0. 0. 0. 0. 0.
    8.39983113e-003 0. -5.22034010e-004 0. 0. 0. 0. 0. 0. 0. 0.
    -1.43377879e-003 0. -1.24150724e-003 0. 0. 0. 0. 0. 0.
    -6.27144193e-003 0. -2.17243432e-004 4.21276782e-003 0.
    1.83625123e-003 0. 0. 2.09087040e-003 1.70170993e-003 0. 0. 0.
    1.70385628e-003 0. 7.98519887e-003 2.54712766e-003 0. 0. 0. 0.
    9.89531539e-003 4.57394077e-003 5.18639572e-004 0. 0.
    1.37515110e-003 0. 0. 5.73794963e-003 3.19445669e-003 0. 0. 0.
    6.63286727e-003 9.82449390e-003 0. 0. 0. -1.79590611e-003
    7.99401291e-003 0. 0. 0. 3.70865106e-003 5.47393830e-003 0. 0.
    6.43078797e-003 0. 0. 3.61838215e-003 3.22816335e-003
    -3.40108818e-004 0. -1.05142011e-003 0. 0. 1.61192054e-003 0. 0.
    -1.18278153e-003 -4.98317706e-004 0. 0. 0. 0. 0. 0. 0.
    2.00437987e-003 0. 0. 0. 7.52092921e-004 0. 6.86503341e-003
