<?xml version="1.0"?>
<opencv_storage>
<imageDescriptor type_id="opencv-matrix">
  <rows>1</rows>
  <cols>1000</cols>
  <dt>f</dt>
  <data>
    0. 6.26633235e-004 0. 0. 0. 2.67878221e-003 0. 0. 0.
    -4.97523462e-004 0. 0. 0. 0. 1.52180507e-003 2.62284256e-003 0. 0.
    1.56422157e-003 0. 0. 0. 0. 0. 3.58049362e-003 0. 0. 0. 0. 0.
    -9.58168530e-004 9.47589055e-004 2.24414337e-002 0. 2.19897879e-003
    0. 4.81112488e-003 0. 0. 0. 7.63750984e-004 0. 0. -1.43972808e-004
    0. 0. 0. 1.23947428e-003 0. 0. 3.61541612e-003 0. 1.13418894e-002 0.
    0. -1.86630571e-003 0. -2.03129859e-003 0. 0. 7.60470890e-003
    4.26962599e-003 -2.59391079e-003 -1.99975586e-003 0. 0. 0. 0.
    7.48467771e-003 2.99878466e-005 0. -1.58794678e-003 0. 0. 0. 0. 0.
    0. 4.56666225e-004 0. 0. 0. 0. 0. 3.41173611e-003 0. 0.
    2.22146953e-003 0. 0. 0. 3.04188579e-003 0. 0. 3.53287207e-003
    2.63920357e-003 0. 0. 1.60023349e-003 0. 1.88421865e-003
    2.58913427e-003 3.37127899e-003 0. 0. 0. 4.79724584e-003
    2.44284491e-003 1.92247203e-003 -9.06318368e-004 -4.32841945e-003
    3.69036896e-003 0. 0. 0. 0. 0. 0. 0. 0. 0. 0. 0. -2.11190921e-003 0.
    1.48015295e-003 0. 0. 0. 1.98879279e-003 0. 0. 0. 6.73591020e-003 0.
    8.33269209e-003 0. 0. 2.02721125e-003 0. 0. 0. 0. 0. 1.16638336e-002
    0. 0. 0. 6.13229955e-003 0. 1.23458856e-003 0. 0. 0. 0. 0. 0. 0.
    7.76792504e-003 0. 0. 0. 0. 0. 0. 0. -1.74310536e-003
    1.83667499e-003 2.28742673e-003 0. 0. -2.51723191e-004
    9.48744826e-003 -7.55463203e-004 0. 0. 0. 0. 2.70884973e-003
    5.30837569e-003 0. 0. -6.48365356e-004 3.37764784e-003 0.
    -1.10142131e-003 0. 8.66888557e-004 0. 1.36067742e-003
    -7.45291938e-004 1.50295172e-003 0. 3.79660004e-003 1.15900207e-003
    -1.01869657e-004 0. 0. 0. 0. 0. 4.74350993e-003 0. 0. 0.
    9.91373672e-004 0. 1.06665597e-003 0. 1.15363067e-003 0. 0. 0. 0. 0.
    0. 1.79043898e-004 3.12705897e-003 0. 0. 0. 0. 3.04121780e-003
    4.78511240e-004 0. 0. 0. 0. 0. 1.63463887e-003 0. 0. 0. 0. 0. 0.
    2.02691136e-003 3.00384499e-003 0. 0. 0. 1.27030292e-003
    -5.55359805e-003 8.97038449e-003 0. 0. 0. 0. 8.88674334e-003 0. 0.
    0. -3.24758957e-003 0. 0. 0. 7.10249937e-004 3.10296286e-003
    -1.73096498e-003 7.90902041e-003 0. 0. 0. 1.41430588e-003
    -7.63952092e-004 0. 0. 0. 5.20249223e-003 3.15200887e-003 0.
    -3.03271576e-003 8.30921717e-003 0. 1.34702725e-002 0. 0. 0. 0. 0.
    3.65007995e-003 0. -8.79834697e-004 0. 0. 0. 9.69161186e-003
    6.34457311e-003 8.48141499e-003 0. 0. 1.02112431e-003 0.
    1.22097015e-004 0. 0. 0. 6.47953595e-004 0. 0. 0. 0. 0. 0.
    5.50750410e-003 0. 0. 5.30550547e-004 0. 0. 0. 0. 0. 0. 0. 0.
    5.40144043e-003 5.20132366e-004 0. 4.88019502e-003 2.05724710e-003
    0. 0. 0. 0. 0. 4.28933883e-003 0. 0. 0. 7.15096574e-003 0.
    5.32383285e-003 0. 0. 0. 0. 1.42159828e-004 6.11988269e-003
    1.39768375e-003 0. 0. 0. 3.02718626e-003 0. 0. 3.92953306e-003
    1.43138343e-003 0. 2.64766626e-003 0. 1.46808231e-003 0. 0.
    8.98708939e-004 -3.33943055e-003 1.43340920e-004 0. -1.39317681e-005
    3.03666573e-003 0. 0. 0. 0. 0. 0. 0. 0. 1.11697661e-003
    4.05990193e-003 0. 3.99198476e-003 0. 6.42410188e-004
    3.84508888e-003 0. 3.76035529e-003 3.35320993e-003 0. 0. 0. 0.
    8.31892903e-005 0. 0. 1.41205150e-003 0. -3.43721535e-004 0. 0. 0.
    0. 0. 0. 2.54380493e-003 0. 0. 7.84669712e-004 1.80543924e-003 0. 0.
    0. 0. 0. 2.59581488e-003 0. 0. 0. 0. 4.06496023e-004 3.64609528e-003
    0. 0. 0. 8.61262996e-003 4.91371332e-003 0. -4.73450636e-004 0.
    3.81496619e-003 1.94648542e-002 -1.13766700e-005 -4.49171144e-004 0.
    0. 0. 3.78362648e-003 0. 0. 0. 3.06677283e-003 0. 0. 0. 0. 0. 0. 0.
    3.43002635e-003 0. 8.67396034e-003 0. 5.54784713e-003 0. 0.
    6.27350761e-003 0. 0. 1.84484816e-003 0. 1.83624204e-003 0.
    4.72605880e-003 0. 0. 9.98998340e-003 0. 0. 3.71835171e-003 0.
    1.72604050e-003 0. 0. -3.22801480e-003 0. 0. 1.35970116e-003 0.
    7.39390845e-004 0. 0. 0. 1.18846528e-003 0. 0. 0. 0. 0. 0. 0. 0. 0.
    7.97881745e-003 0. 0. -9.27774119e-004 0. 0. 0. 0. 0. 0. 0.
    2.95671332e-003 3.62206576e-003 1.07701286e-003 0. 0. 0.
    1.36168173e-003 0. 0. 1.63174968e-003 2.35430081e-003
    -3.33429757e-003 0. 0. -2.50523968e-004 0. 0. 3.53239640e-003 0. 0.
    7.41939340e-003 2.02203915e-003 0. 0. 0. -3.19943670e-003
    2.62392894e-003 0. 0. 0. 0. 0. 1.84137374e-002 0. 0. 0.
    -2.62115034e-003 0. 0. 0. 2.25740834e-003 2.28777388e-003
    -2.03299616e-003 0. 0. -8.34331091e-004 2.19543576e-002 0.
    2.03638850e-003 0. 0. 1.94103952e-004 0. 0. 0. 0. 0. 0.
    -8.90650786e-004 0. 2.06094235e-003 3.35044903e-003 0. 0. 0.
    2.60943314e-003 0. 0. 0. 0. 0. 0. 0. 6.86453376e-003 0.
    2.64339577e-002 0. 0. 0. 0. 0. 0. -3.99769953e-004 0. 0. 0. 0. 0. 0.
    0. 0. 0. 3.22224479e-003 0. 0. 0. 7.55397882e-003 0. 0. 0. 0.
    -3.63531150e-003 0. 0. 2.84745987e-003 0. 0. 1.09249773e-002 0. 0.
    9.77537013e-004 0. 0. 0. 3.54770967e-003 0. 0. 0. 0. 7.49631377e-004
    0. 0. 0. 9.65143205e-004 2.46753590e-003 0. 4.96104546e-003 0. 0. 0.
    1.02251647e-002 0. 0. 0. 0. 9.85488296e-003 0. 0. 0. 0. 0.
    6.30093622e-004 0. 2.93514971e-003 -2.54944339e-003 0. 0.
    2.67228694e-003 0. 0. 0. 0. 0. 0. 0. 0. 1.53414567e-003 0.
    5.30322606e-004 0. 0. -5.44852286e-004 0. 0. 0. 5.43594826e-004 0.
    8.43328051e-003 0. 0. 0. 0. 5.81296114e-003 0. 0. 8.81345011e-003 0.
    0. 0. 0. 0. 0. 0. 1.23919616e-003 0. 0. 0. 0. 3.68709210e-003
    1.05425827e-002 5.48329949e-003 0. 0. 1.80770422e-003
    -5.93631237e-004 0. 0. 0. 0. 0. 0. 0. 0. 0. -2.79352907e-003
    2.50680791e-003 1.15430355e-003 0. 0. 0. 0. 0. 0. 1.28132862e-003 0.
    3.38226533e-003 0. 0. 0. 0. 0. 0. 0. 0. 0. -3.63913481e-004 0.
    3.76578863e-003 3.71772051e-003 6.75251056e-003 0. -4.21147794e-003
    0. 0. 0. 0. 0. 0. 0. 0. 0. 0. 0. 1.49571232e-003 0. 1.52588314e-006
    0. 0. 0. 0. 0. -1.70060713e-003 0. 0. 0. 0. 0. 0. 0. 0. 0.
    1.17221288e-003 -3.35492456e-004 3.22048290e-004 -5.12234656e-005 0.
    2.00726232e-003 0. 6.76639145e-004 0. 4.19251341e-003 0. 0. 0.
    -3.90146906e-003 1.84808276e-003 0. 0. 0. 0. 0. 0. 4.29349020e-003
    3.23409657e-003 2.33887346e-003 4.96485503e-003 0. 0. 0. 0.
    1.63909339e-003 8.03318899e-003 5.94295235e-003 0. 0. 0. 0.
    4.61603003e-003 0. 4.10621660e-003 0. 0. 0. 0. 0. 4.93275141e-003 0.
    0. 0. 3.25059821e-003 -2.17368681e-004 0. 0. 0. 0. 2.83869938e-003
    3.76154203e-003 0. 0. 0. 0. 0. 0. 0. 0. 0. 3.25946929e-003
    4.73160902e-003 0. 3.03581497e-003 0. 1.84726599e-003
    -4.26700944e-003 0. 3.38665396e-003 0. 0. 0. 0. 1.54032756e-003
    4.96406760e-003 8.21280945e-003 0. 2.87123956e-003 0. 0. 0. 0.
    -4.80840262e-003 0. 4.30500926e-003 -2.50547216e-003 0. 0. 0. 0. 0.
    0. 0. 4.85673128e-003 0. 0. 0. 0. 2.99315853e-003 0. 0. 0. 0.
    2.70822691e-003 3.72447702e-003 0. 6.03462942e-003 6.89125154e-004
    0. 1.04336941e-003 0. -9.42275277e-004 0. 0. 1.80592330e-003
    -2.74019287e-004 0. 1.45740982e-003 0. 2.51581403e-003
    5.17980754e-003 2.42475071e-003 8.05092684e-004 0. 0.
    4.87089111e-003 0. 0. -4.99976217e-004 -4.40562872e-004 0.
    9.11793963e-004 1.41584314e-002 0. 0. 0. 4.71156789e-003
    3.35223554e-003 0. 9.81334131e-003 1.21025718e-003 0. 0. 0.
    1.23107154e-002 0. 0. 7.06417393e-003 0. 1.75995077e-003
    2.67004455e-003 0. 9.39632021e-003 4.86157835e-003 0. 0. 0. 0.
    3.85063863e-003 0. 0. 0. 0. 0. 0. 0. 0. 0. 0. 0. 0. 0.
    1.32368309e-002 0. -4.28614992e-004 1.76728901e-003 4.18231561e-004
    0. 7.35024596e-003 1.07143233e-002 6.10425184e-003 0. 0. 0. 0. 0. 0.
    9.09635099e-004 1.79138291e-003 -1.11662957e-003 7.37611903e-004 0.
    2.98427092e-003 0. 0. 0. 0. 0. 0. 0. 2.44624587e-003 0. 0. 0. 0.
    7.72965886e-003 2.65620742e-003 2.68905773e-003 0. 6.72718394e-004
    0. 0. 0. 0. 0. 6.00709394e-003 8.39326065e-003 3.23059689e-003 0.
    9.01177991e-003 4.17160382e-003 0. 7.66321737e-003 0.
    1.59889681e-003 0. 0. 0. 0. 0. -2.18861915e-005 0. 1.83468219e-003
