<?xml version="1.0"?>
<opencv_storage>
<imageDescriptor type_id="opencv-matrix">
  <rows>1</rows>
  <cols>1000</cols>
  <dt>f</dt>
  <data>
    0. -4.29022621e-004 1.56594883e-003 8.65973649e-004 1.68487348e-003
    1.45319558e-003 -1.05168356e-003 8.77424958e-004 4.07329155e-003 0.
    0. 0. 1.71816663e-003 0. 5.08918939e-003 0. 2.64456589e-003 0. 0.
    1.03007453e-002 1.87700440e-003 -2.26851771e-005 6.10392075e-004
    1.74829489e-004 0. 1.43893156e-003 0. 4.44268510e-002 0. 0.
    -2.94288271e-004 -9.70715118e-005 -2.44925206e-004 1.33769892e-004
    1.31687487e-003 0. 2.38871235e-005 0. 1.58258863e-002 0. 0. 0. 0.
    5.40575292e-003 -8.09444522e-004 0. 0. 0. 7.01195281e-003
    5.39747998e-003 5.90318523e-004 0. 2.87899910e-003 0.
    2.19054869e-003 2.98038288e-003 0. 1.03845599e-003 0.
    1.54969550e-003 -5.07019649e-005 0. 7.08158594e-004 0.
    4.72140871e-003 7.27297564e-004 9.04040062e-004 -6.36579411e-004 0.
    0. 0. 4.39086277e-003 0. 3.96221317e-003 0. 1.56242820e-003
    2.09317921e-004 1.26020215e-003 0. 4.89547965e-004 0.
    4.15661652e-003 0. 4.52970108e-003 0. 0. 5.20516769e-004
    2.86218674e-005 0. 0. 2.38565682e-003 -4.15979710e-004 0.
    -1.10760436e-003 0. 1.35791791e-003 0. 0. -2.29937769e-003
    2.15876568e-003 0. -1.43149387e-004 7.54767505e-004 -8.04966476e-005
    0. 0. 5.16876462e-005 3.11739976e-003 0. 0. -1.30584708e-003
    -3.54305026e-004 1.57683843e-003 0. 4.88412275e-004 1.28621655e-003
    0. 0. 2.32855068e-003 4.28993226e-004 0. 0. 7.45885365e-004
    8.14537285e-004 0. 1.64848461e-003 8.67717259e-004 -1.01347559e-003
    4.43558246e-002 0. -2.16530359e-004 1.60101394e-003 0. 0. 0. 0.
    2.88038776e-004 9.66058986e-004 0. 2.06917413e-002 0.
    4.55694506e-003 4.77910880e-003 0. 7.06709470e-005 6.61748869e-004
    3.97108874e-004 -2.62401503e-004 2.34402018e-003 0. 0. 0.
    1.20458985e-003 -1.44499075e-003 1.32181437e-003 0. 3.40781221e-003
    7.14829774e-004 1.10696862e-003 0. 0. -1.99925616e-005 0.
    1.79657061e-003 0. 0. 8.13197694e-004 0. 4.00711084e-003 0. 0.
    2.83426396e-003 0. 3.16128251e-003 1.09008723e-003 0.
    1.15390448e-003 0. 0. -2.70852470e-003 0. 0. 0. 0. 1.34622548e-002
    0. 2.62550847e-003 2.08371761e-003 0. 2.91984784e-003 0.
    5.20342588e-003 3.85749387e-003 0. 0. 8.03002249e-003
    -3.43806605e-004 1.53890962e-003 0. 0. 1.43261603e-003
    2.85353372e-003 0. 0. 1.85451936e-003 0. 0. 1.20616483e-003 0. 0. 0.
    0. 4.82185220e-004 0. 0. 1.35362835e-003 7.46481412e-004 0. 0. 0.
    3.56081669e-004 6.04316825e-004 0. 4.84842807e-004 0. 0. 0.
    7.04361766e-004 4.05965373e-003 -4.70076833e-004 0. 0.
    -1.33847352e-003 0. 9.83456484e-005 0. 1.41774910e-003
    3.55507969e-003 0. -1.93429980e-004 3.05124894e-002 -9.20736871e-004
    0. 6.11789234e-004 0. 0. 0. 0. 0. 7.75703462e-004 0.
    -1.77651018e-004 -1.75439171e-003 1.27469271e-003 0. 0. 0. 0.
    3.39702400e-003 0. 0. -7.99704809e-004 3.22480290e-003 0.
    1.11158448e-003 2.30269437e-003 2.15821085e-003 -3.17561044e-003 0.
    0. 1.35721103e-003 4.36732167e-004 0. 5.37857739e-003
    9.58942156e-003 0. 2.73632322e-004 0. 0. 0. 7.95719400e-003 0.
    2.17427048e-004 1.45800109e-003 -1.89143815e-004 0. 0. 0.
    1.50589040e-003 1.55751302e-003 0. -5.27225842e-004 2.72000412e-004
    0. 2.47233594e-003 0. 5.05440310e-003 0. 2.06576381e-003
    8.33826431e-004 0. 6.41795108e-004 8.60200907e-006 0.
    2.54626526e-003 3.72976204e-003 0. 0. 1.36712170e-003 0. 0. 0. 0. 0.
    0. 0. -5.50445053e-004 0. 4.46247449e-003 2.21388717e-003 0. 0.
    6.31250092e-004 0. 0. 0. 0. 8.95327982e-003 -4.76765417e-005
    1.38299842e-003 -1.37219869e-003 6.38191355e-003 8.52947705e-004 0.
    5.73107041e-003 0. 0. -3.87066649e-003 9.05959983e-004 0.
    -1.38047675e-004 0. 4.46172711e-003 7.11708982e-003 -5.36970096e-004
    2.62114988e-003 0. 1.36295392e-003 1.41615479e-003 0.
    1.97133981e-003 1.26081856e-003 7.29831227e-004 0. 3.93887423e-003
    8.03564762e-005 2.16479134e-003 0. 0. 0. 0. 0. 0. 0. 0. 0. 0. 0.
    2.99248286e-003 0. 0. 0. 0. 0. 7.04158098e-004 0. 0. 8.28417484e-004
    4.82750544e-003 1.67060469e-003 0. 8.31343932e-004 0. 0. 0.
    -6.48900575e-004 5.01611223e-003 0. 6.97148615e-004 1.46346784e-003
    0. 1.72974309e-003 0. 0. 0. -3.09274008e-004 0. 1.23614678e-003
    1.04685221e-003 2.30652671e-002 0. 2.16515805e-003 0.
    5.39441919e-003 -2.85518181e-004 0. 0. 0. 0. 0. 0. 0.
    8.30803674e-006 0. 0. 0. 0. 0. 0. 0. 1.41113298e-003 2.70857406e-003
    -6.97330746e-004 5.46029443e-003 1.84246991e-003 0. 0. 0.
    5.81558910e-004 0. 0. -8.32192949e-004 3.15795070e-003 0. 0.
    9.03122127e-005 0. 0. 6.16433565e-004 0. 7.93667510e-004 0. 0. 0. 0.
    2.46238359e-003 4.91198478e-003 1.41103170e-003 0. 0.
    -1.16290024e-003 0. -7.53189306e-005 1.37011637e-003 0. 0. 0. 0.
    6.45832915e-004 0. 0. 0. 1.41409133e-003 0. 7.37908715e-003 0.
    1.02174585e-003 0. 0. 1.21863722e-003 1.32592977e-003 0.
    1.25822089e-005 0. 2.62801041e-004 0. 8.52482801e-004
    -6.33772346e-004 -1.03997583e-004 0. 4.40628442e-004 7.35906744e-003
    2.95026577e-003 0. 0. 4.33282374e-004 2.64697219e-003 0.
    -3.63475876e-004 0. 0. 0. 0. -3.21994186e-004 1.81397219e-004 0.
    2.06247275e-003 -3.12200937e-005 0. 0. 0. 4.31036722e-004 0. 0.
    -5.51721023e-004 2.67535052e-003 0. 0. 0. 0. -6.10812975e-004 0.
    8.56775849e-004 0. 2.17750107e-006 0. -1.30211911e-003 0. 0. 0. 0.
    4.11934406e-003 1.67921453e-003 0. 0. -7.33632533e-006
    2.04088166e-003 0. 2.54969043e-003 -2.85332353e-004 3.52368632e-004
    -1.60138204e-003 0. 0. 0. 3.63582862e-004 0. 1.57425832e-003
    1.06322936e-004 0. 0. 8.86063091e-004 0. 4.75697743e-004 0.
    -6.34400814e-004 0. 1.43721944e-003 0. -4.94222273e-004 0. 0. 0.
    8.50288779e-004 2.62378686e-004 0. 0. 1.48212560e-003 0. 0.
    1.76599040e-003 -1.03740674e-003 0. 3.64261330e-004 5.62335365e-004
    0. 0. 0. 0. 0. 1.79922872e-003 0. 1.19752949e-004 1.12801557e-003
    1.22282084e-003 0. 0. 5.53749618e-004 0. 6.73617877e-004 0. 0.
    3.71650583e-003 9.35145537e-004 0. 0. 0. 0. 0. 0. 0. 2.34665815e-003
    0. -1.44665060e-003 0. 9.07594163e-004 0. 0. 0. 0. 0.
    -1.89521888e-004 0. 0. 1.47419586e-003 -5.40131761e-004
    3.48791806e-003 9.69048589e-004 0. 0. 0. 0. 2.94060679e-003
    5.22619521e-004 0. 0. 3.48827876e-002 1.54598569e-003 0.
    7.52473075e-004 1.12378504e-003 2.29951506e-003 0. 0. 0.
    2.47532548e-003 4.37344570e-004 -1.84328121e-004 0. 0. 0.
    1.35932327e-003 -7.32467088e-005 0. 2.06409604e-003 5.46680181e-004
    4.15130146e-003 0. -2.64434231e-004 0. 0. -3.33030446e-004 0.
    1.83022418e-003 0. 6.15461823e-003 1.67418213e-003 0.
    4.57530987e-004 0. 0. 0. 6.88579283e-004 9.18431394e-003
    6.48108544e-004 3.06206453e-003 0. 0. 0. 0. 1.77435286e-004 0. 0. 0.
    1.49831467e-004 2.90750223e-003 0. 0. 3.69100738e-003 0. 0.
    3.35873244e-003 0. 0. 0. 1.01262412e-003 0. 0. 0. 0. 0. 0. 0.
    1.83902029e-002 0. 0. -5.81499247e-004 1.50157567e-002
    4.11994867e-002 9.14059987e-004 -4.71611129e-004 0. 0. 0. 0.
    2.59410037e-004 1.23468880e-003 0. 0. 0. 1.51201047e-003
    5.22633491e-004 5.01889619e-004 0. 5.35443332e-003 0.
    6.59429119e-004 0. 2.93327670e-004 5.17819868e-003 3.22197127e-004
    0. 2.30425829e-003 0. 0. 7.24757730e-004 0. 0. 1.26702723e-003 0. 0.
    0. 4.23871120e-003 3.18886217e-004 0. 0. 7.91195722e-004
    3.37141869e-003 0. 0. 0. 0. 0. 0. 1.11645774e-003 0. 1.32734776e-002
    -6.77679200e-004 4.21652058e-003 0. 0. -4.39830648e-004 0. 0.
    2.20102957e-004 -3.09883105e-003 1.04277546e-003 0. 1.62059732e-003
    0. 0. 1.63841120e-003 -8.45523784e-004 0. -5.51802514e-004 0.
    5.83391869e-004 0. 0. 0. 0. 0. -5.11868973e-004 5.15118893e-003 0.
    0. 2.05580774e-003 1.95783889e-003 2.05583964e-003 4.77889378e-004
    0. 3.16269370e-003 0. 1.17854914e-003 2.55399995e-004 0. 0. 0.
    4.14934038e-004 0. 0. 2.58051022e-003 0. 6.01690263e-004
    6.41610287e-003 0. 0. 0. 0. 0. 0. 0. 0. 2.22679833e-003
