<?xml version="1.0"?>
<opencv_storage>
<imageDescriptor type_id="opencv-matrix">
  <rows>1</rows>
  <cols>1000</cols>
  <dt>f</dt>
  <data>
    0. 0. 7.94839289e-004 0. 0. 4.77416068e-003 2.82182707e-003 0.
    4.25979868e-003 -3.82560305e-003 0. -3.07452312e-004 0. 0. 0. 0.
    1.99258490e-003 0. 0. 0. 0. 2.63480423e-003 0. 4.23947722e-003 0. 0.
    0. 0. 0. 0. 0. 9.89409629e-004 0. 0. 6.54358789e-003 0. 0.
    1.44472346e-002 0. 0. 0. 0. 0. 0. 0. 0. 7.33390218e-003
    2.91587482e-003 0. 4.74157138e-003 -1.47139275e-004 1.00142101e-003
    0. 2.88183987e-003 2.22650659e-003 0. 0. 0. 8.96948390e-004
    6.94467034e-003 0. 0. 0. 0. 0. 0. 0. 0. -9.49267007e-004
    3.43615352e-003 0. 6.89249020e-004 0. 0. 2.08027428e-003 0. 0.
    4.05347534e-003 1.07616710e-003 0. 1.44497855e-002 3.57873412e-003
    2.81041168e-004 0. 5.44487452e-003 -6.71093585e-004 0. 0. 0. 0.
    1.24659069e-004 0. 7.01994030e-003 0. 0. 0. 1.03748925e-002
    2.69816210e-003 6.33357931e-003 0. 0. 0. 0. 2.93849269e-004
    2.44030962e-003 -8.31511337e-004 0. 0. 0. 6.99661439e-003 0.
    -5.60555025e-004 4.84837365e-005 8.79112747e-004 2.65702023e-003
    2.86046416e-003 0. 0. 6.62493054e-004 0. 0. 2.19028071e-003 0. 0.
    -2.21113814e-003 3.21060605e-003 1.59135868e-003 4.27270262e-003 0.
    0. 8.80407728e-003 0. 0. 3.98476608e-003 0. 0. 0. 0. 1.61181716e-003
    4.57117771e-004 2.77419272e-003 0. 4.19513090e-003 0. 0. 0. 0. 0.
    -1.25898782e-003 0. 0. 3.66405468e-003 0. 2.56268564e-003
    -2.27486226e-003 0. 0. 0. 0. 0. 5.21695567e-003 1.03620645e-002 0.
    0. 0. 0. 0. 5.59910713e-003 8.47970787e-003 0. 0. 0. 0.
    3.38781415e-003 0. 0. 0. 0. 0. 6.28689583e-003 0. 0. 0.
    1.27711915e-003 0. 0. 0. 0. 1.44793009e-002 7.53253349e-004 0.
    6.78033382e-003 0. 0. 0. 8.58105905e-003 1.00093037e-002 0. 0. 0.
    1.96742779e-003 -5.78219653e-004 0. 0. 0. 0. 1.05614569e-002
    2.64428719e-003 0. 0. 0. 1.53264642e-004 1.66391616e-003 0. 0. 0.
    -1.33889797e-003 0. 4.67709266e-003 0. 0. 0. 1.15308072e-003
    3.12255276e-003 0. 0. 0. 0. 1.26605108e-003 0. 0. 0. 0.
    -3.72409413e-004 0. 0. 0. 0. 0. 2.35147704e-003 0. 0. 0. 0.
    1.48993661e-003 0. 0. 0. 0. 0. 0. 0. 6.47981372e-003 1.09776983e-003
    8.20269156e-003 1.35109341e-003 0. -1.32507971e-003 -7.60326511e-004
    0. 0. 0. 4.55767103e-003 0. 0. 0. 5.55006880e-003 5.33186225e-003 0.
    1.01329284e-002 0. 0. 0. 0. 8.12215172e-003 0. 2.75492179e-003
    7.26361573e-003 0. 0. 0. 1.45482714e-003 5.08302078e-003 0. 0.
    1.52056315e-003 0. 0. 3.89043195e-003 0. 0. 2.34743278e-003 0.
    2.13128841e-003 3.54975648e-003 0. 0. 0. 0. 0. 0. 5.89594198e-003 0.
    0. 0. 0. 0. 5.25922282e-003 -1.19376765e-003 0. 4.52046574e-004 0.
    0. 0. 0. 2.66578607e-003 1.94563239e-003 6.34153187e-003
    2.38978444e-003 0. 0. 0. 1.80161791e-003 0. 0. 0. 0. 3.19110788e-003
    0. 0. 0. 2.56139925e-003 0. 0. -1.23435573e-003 0. 1.30572577e-003
    0. 0. 0. 1.48755545e-003 -5.13222534e-004 0. 0. 0. 0.
    1.19444361e-004 0. 8.83645751e-003 0. 0. 0. 0. 0. 1.70918591e-002 0.
    0. 0. 0. 0. 0. 0. 3.89639358e-003 2.04802863e-003 0.
    -1.87854969e-003 0. 0. 5.40464767e-004 0. -4.13224287e-003 0. 0.
    -5.11606704e-005 0. 8.87007825e-003 3.61523451e-003 2.36173189e-004
    2.14916025e-003 0. 2.03701187e-004 -3.14250123e-003 0. 0.
    2.61789747e-003 -7.99913658e-004 1.21082161e-002 0. 4.84253839e-003
    -2.17042957e-003 7.47649278e-003 0. 0. 0. 0. 0. 0. 0. 0. 0. 0. 0.
    2.33835541e-004 0. 0. 0. 0. 0. 0. 0. 0. 5.14090061e-003
    7.59000331e-003 0. 0. -7.43768062e-004 0. 0. 4.32090089e-003 0.
    2.93064490e-003 0. 0. 0. 2.88228295e-003 0. 0. 0. 7.58173643e-004 0.
    5.02636714e-004 5.27422596e-003 0. 2.78049125e-003 0. 0. 0. 0. 0. 0.
    0. 0. 0. 0. 0. 0. 0. 1.13268779e-003 0. 0. 0. 0. 3.78983654e-003 0.
    0. 0. 0. 0. 0. 9.00852378e-004 0. 0. 3.28303315e-003 0.
    1.96266221e-003 0. 2.63698120e-003 0. 0. 0. 0. 0. 0. 0. 0.
    4.25673230e-003 2.00653961e-003 0. 7.80347269e-004 0. 0.
    4.48468653e-003 0. 0. 0. 0. 0. 0. 0. 0. 0. 0. 0. 0. 0. 0. 0. 0.
    1.47359143e-003 -3.64509586e-004 4.44005895e-003 0. -8.98897182e-004
    -1.00142695e-003 3.66654131e-003 3.27740586e-003 0. 9.65994783e-003
    1.02667473e-002 0. 0. 1.34997186e-004 0. 9.40239406e-004
    2.93358695e-003 0. -5.46978088e-004 -1.51363458e-003 0.
    2.50441534e-003 0. 2.99450883e-004 0. 0. 1.79310422e-003
    2.49400502e-003 8.36762041e-003 0. 1.17132894e-003 0. 0. 0.
    7.39629089e-004 0. 0. 0. 0. 4.25561419e-004 0. 0. 0. 0. 0.
    2.17274297e-003 0. -2.42660660e-003 0. 0. 5.58003900e-004 0. 0. 0.
    0. 1.07907632e-003 9.15108423e-004 1.56176765e-003 3.03854933e-003
    0. 0. 4.42541670e-003 0. -4.61982272e-004 0. 0. -1.19679222e-004 0.
    1.69538683e-003 0. 0. 1.05356402e-003 3.06332437e-003 0.
    1.90100144e-003 0. 2.31113173e-002 0. 0. 0. 0. 0. 0. 2.04253010e-003
    -8.37992993e-004 0. 0. 0. 0. 0. 2.12673284e-003 0. -1.00117957e-003
    0. 0. -2.54950282e-004 0. 0. 0. 0. 2.13944397e-004 0. 0. 0.
    3.87551554e-004 0. 0. -4.96029097e-004 0. 1.25648524e-003 0.
    7.35227391e-003 9.02642775e-003 0. 7.07793189e-003 0. 0.
    6.35437388e-003 -1.38253288e-003 4.68707038e-003 0. 1.20322697e-003
    -1.84601627e-003 0. 0. 0. 2.46279314e-003 0. 1.21860392e-003 0.
    -1.28732281e-004 -5.40559413e-004 0. 0. 0. 1.10942964e-002
    1.07931485e-003 0. 0. 0. 0. 0. 0. 0. 0. 1.36794988e-003
    1.41881499e-003 0. 0. 0. 4.55718342e-004 0. 0. 7.26379268e-003 0.
    4.19685431e-003 0. 0. 0. 0. 3.79170058e-003 0. 0. 7.68311648e-003 0.
    0. 0. 0. 0. 0. 0. 0. 1.24806713e-003 0. 0. 3.28546250e-003 0. 0. 0.
    0. 2.78803986e-003 0. 0. 0. 0. 5.69534255e-003 0. 0. 0. 0. 0. 0.
    2.86560459e-003 0. 1.98778091e-003 0. 2.78925314e-003 0. 0. 0. 0.
    7.23681878e-004 1.33183075e-003 3.54456715e-005 0. 0. 0. 0. 0. 0. 0.
    1.97782344e-003 0. 0. 0. 0. 0. 0. 0. 0. 0. 0. 0. 0. 0. 0. 0.
    1.05476892e-003 0. 0. 0. 0. 7.34815653e-003 2.95890402e-003
    -1.74114201e-003 8.00783839e-003 0. 0. 0. 0. 0. 0. 1.99493999e-003
    0. 1.64433606e-002 0. 0. 1.91846350e-003 0. 0. -2.00907188e-003 0.
    0. -2.84620561e-004 7.03852810e-003 0. 0. 0. 0. 3.13764694e-003 0.
    0. 0. 0. 0. 1.57760223e-003 0. 0. 0. 8.60037282e-003 5.53706242e-003
    0. 0. 9.81025025e-003 0. 0. 0. 3.14125372e-003 2.38256576e-003
    3.06582614e-003 4.22537699e-003 0. 0. 0. 0. 0. 0. 0. 0.
    3.44002992e-003 0. 0. 2.03321897e-003 1.74199766e-003 0. 0. 0.
    9.43500898e-004 0. 0. 8.25113989e-003 0. 0. 0. 0. 4.07636922e-004 0.
    0. 8.64673813e-004 0. 0. 4.47911152e-004 0. 0. 0. 0. 0. 0.
    -5.02498122e-004 0. 0. 1.90833607e-003 0. 0. 0. 0. 5.31310309e-003
    0. 0. 5.06756920e-003 0. 1.67939242e-003 0. 0. 0. 0. 0. 0. 0. 0.
    2.07707798e-003 0. 0. 0. 2.02342076e-003 1.29135302e-003 0. 0.
    2.61937897e-003 0. 0. -1.93942036e-003 0. 0. 2.80186138e-003 0. 0.
    0. 2.75554368e-003 0. 0. 0. 0. 0. 0. 3.86624684e-004 0.
    4.59717214e-003 0. 0. 0. 7.97379296e-003 0. 4.15189192e-003
    1.89492176e-003 0. 0. 0. 0. 0. 0. -4.45999764e-003 9.41465050e-003
    0. 0. 0. 6.04661036e-005 4.88831988e-003 3.07113910e-003
    1.54093257e-003 0. 0. -3.61236685e-004 4.34619933e-003 0. 0. 0.
    5.83824096e-003 0. 0. 0. 0. 0. 0. 7.13335723e-003 0. 0. 0. 0.
    2.20693578e-003 0. 0. 2.15321803e-003 0. 2.78134551e-003
    3.29558598e-003 0. 0. 0. 3.63642862e-003 0. 2.80521950e-003 0. 0. 0.
    7.87828676e-003 0. 0. 4.95411037e-003 0. 0. 0. 0. 2.39635515e-003
    -1.51900831e-003 -4.75710665e-004 4.83348919e-003 -3.32844886e-003
    0. 3.01423745e-004 4.30931628e-004 0. 0. 0. 6.34538475e-003
    6.94060326e-003 0. 0. -3.13760946e-004 -1.13621494e-003 0.
    3.73247452e-003 5.38477208e-003 0. 0. -1.67472730e-003 0. 0. 0. 0.
    0. 0. 0. 0. 0. 2.22090958e-003 2.34596897e-004 0. 1.04884533e-002 0.
    0. 3.87144694e-003 0. 1.46723108e-003 0. 0. 0. 0. 0. 1.54218054e-003
    -1.78024953e-003 -4.58681694e-004 0. 1.41501902e-002 5.11876820e-003
    0. 0. 0. 0. 3.79167730e-003 0. 0. 1.53684756e-002 0. 0. 0.
