<?xml version="1.0"?>
<opencv_storage>
<imageDescriptor type_id="opencv-matrix">
  <rows>1</rows>
  <cols>1000</cols>
  <dt>f</dt>
  <data>
    0. 0. 8.56374041e-004 1.66791421e-003 3.42702516e-003
    1.03281708e-002 2.91033444e-004 0. 5.53829223e-003 0. 0. 0.
    1.58468285e-003 1.17589242e-003 0. 5.35918167e-003 2.04265444e-003
    0. 0. 0. 0. 1.49107829e-003 2.08161725e-003 0. 0. 0. 5.20468806e-004
    -1.10390094e-004 0. 5.42743364e-004 1.13046439e-002 -1.46348953e-006
    0. 1.58109982e-003 1.32328089e-004 0. 0. -4.80735471e-005
    -3.44578002e-004 0. 3.29058705e-004 9.86793777e-004 0.
    2.85255926e-004 -2.08190206e-004 0. 0. 0. 0. -3.45578161e-003 0.
    2.01045419e-003 5.85983926e-003 0. 6.16781740e-003 0. 0. 0.
    7.02507503e-004 -4.11546556e-004 0. 2.57266685e-003 0.
    1.86522596e-003 0. 1.78544945e-003 -7.34725269e-004 0. 0.
    9.79403849e-004 0. 3.26209492e-003 0. -1.89995204e-004 0. 0. 0.
    3.75639368e-003 0. 0. 0. 1.04165252e-003 -2.89613556e-004
    3.59259872e-003 0. -2.52778591e-005 1.40789908e-003 1.22489687e-003
    9.23648186e-004 0. 0. 4.93720232e-004 1.26600394e-003
    -9.47813271e-004 5.85491862e-003 1.24668563e-003 0. -1.49303535e-003
    0. -6.29995891e-004 0. 0. 0. 0. 0. 0. 1.18550472e-003
    2.21272511e-003 2.03943672e-003 0. 2.14041118e-003 0. 0. 0.
    6.65939937e-004 8.72921810e-005 3.68472189e-003 1.60386274e-003
    3.20710940e-003 0. 0. 0. 9.29893809e-004 4.81838448e-004 0. 0. 0.
    4.46774345e-003 0. 0. 0. 1.17773376e-003 0. 1.28980761e-003 0. 0. 0.
    0. 0. 0. 0. 0. 1.88989996e-003 7.50838313e-004 0. 2.45165522e-003 0.
    3.81154218e-003 4.66235727e-003 4.98302514e-003 1.70594652e-003 0.
    0. 5.65436203e-004 0. 0. 0. 1.29364338e-003 1.78151857e-003
    5.29030850e-003 0. 0. 8.10182560e-003 0. 0. 0. 2.48388224e-003
    1.14270416e-003 1.39278790e-003 0. 0. 1.81933038e-003
    5.62542258e-003 0. 0. 0. 0. 0. 0. -1.91552367e-003 0. 0. 0.
    1.64517120e-003 0. 0. 0. 3.40551836e-003 0. 1.42355543e-003 0.
    4.24482021e-003 0. 4.74944798e-004 0. 1.11017050e-003
    -7.59993447e-004 -1.31764554e-003 0. 0. 0. 2.27445317e-003
    1.59737258e-003 0. 0. 0. 0. 1.09458028e-003 1.50585151e-003 0.
    1.92106061e-003 1.03188725e-003 0. 0. 0. 2.02533090e-003 0.
    1.51139556e-003 1.39606441e-003 -7.45756479e-005 0. 8.18689121e-004
    1.08242477e-003 5.83113963e-003 0. 0. 0. 1.32383255e-003 0.
    4.30789357e-003 7.18661817e-003 6.62441459e-003 1.00797722e-002 0.
    0. 5.92045719e-003 1.14390696e-003 4.48250724e-003 0.
    3.18340654e-003 0. 0. -9.51557362e-004 1.20412908e-003 0.
    -4.33913985e-004 0. 1.02892541e-003 7.48249819e-004 7.48675840e-004
    0. -1.62236451e-004 1.12028129e-003 0. 4.77341207e-004
    1.94679422e-003 1.02872495e-003 1.04484602e-003 1.77117472e-003 0.
    5.67036122e-003 0. 0. 0. 8.74319207e-003 0. -1.20130216e-003 0.
    1.68934232e-003 0. 0. 2.97031226e-003 1.64541081e-004
    4.11812542e-003 5.31347888e-003 2.35563214e-003 0. 1.55356480e-003
    0. 1.20457227e-003 3.01914662e-003 0. -5.58128173e-004
    3.15991743e-003 9.60837002e-004 0. 1.76868960e-003 -1.50432868e-003
    3.31452559e-003 0. 0. 4.08695359e-003 9.37617105e-003 0.
    1.15918764e-003 0. 0. -8.77020299e-004 1.08163562e-002
    6.42240467e-003 0. -5.85002534e-004 3.05676542e-004 4.08228429e-004
    0. 0. 0. 1.66290766e-003 -5.11607970e-004 -1.41735503e-003
    8.03876261e-004 0. 0. 0. 0. 9.59621335e-004 0. 2.16084626e-003 0.
    1.90969359e-003 -5.32612379e-004 8.35089665e-003 0. 1.47308281e-003
    0. 0. 0. 2.09785439e-003 4.49681329e-003 0. 0. 0. 1.55541149e-003
    3.13964346e-003 7.23133143e-003 0. 0. 0. 5.06339828e-003 0. 0. 0.
    2.32763868e-003 5.96559187e-003 0. 3.91497184e-003 8.07959994e-004
    1.42412512e-002 1.43300591e-003 0. 0. 0. 6.69659988e-004 0. 0.
    1.14031928e-003 0. 3.92876426e-003 -6.93195543e-005 0.
    1.12708192e-003 1.08026247e-003 2.44695088e-003 0. 0.
    1.36389844e-002 0. 0. -6.34832366e-004 0. 0. 0. 0. 0. 0.
    3.01892147e-003 1.03756459e-002 0. 1.05903170e-003 -1.26637591e-004
    0. -1.38098840e-003 0. 0. 3.00480076e-003 1.78991258e-003
    3.69552965e-003 -4.83109179e-004 0. 1.10449840e-003 0.
    5.78888785e-003 0. -9.20179809e-005 0. 0. 4.03406052e-003 0. 0. 0.
    0. 2.48547317e-003 0. -4.31799766e-004 6.44537993e-003 0.
    2.96338089e-003 0. 0. 0. 0. 0. 0. 0. 0. 3.12250061e-003
    4.05705941e-004 2.17054412e-003 1.06012439e-002 5.38462820e-003
    -2.74824863e-003 -9.32283525e-004 0. 0. 0. -1.07170048e-003
    -2.29639001e-003 0. 1.81830104e-003 2.91567482e-003 1.64015742e-003
    0. 1.09408202e-003 0. 0. 5.06622484e-003 0. 0. 0. 0. 0. 0.
    8.61511740e-004 2.76758918e-004 6.23500766e-003 0. 2.42640404e-003
    0. 0. 0. 0. 0. 8.77171173e-004 0. -4.58497554e-004 1.85618084e-003
    2.65621510e-003 0. 0. -5.66098548e-004 -5.07733726e-004 0.
    2.80249951e-004 -7.05340586e-004 0. 0. 0. 0. 0. 1.16649840e-003
    4.83461330e-003 0. -7.30424013e-004 3.96434125e-003 -6.81204780e-004
    2.56051077e-004 0. 7.79726775e-003 0. 0. 0. 0. 1.50495020e-004
    9.79351811e-004 0. 6.27758261e-003 0. 5.66855189e-004
    3.91060836e-004 -1.31113827e-003 0. 0. 0. 0. 2.25138105e-003
    4.57514572e-004 0. 0. 0. 0. 0. -1.00947822e-004 2.03095493e-003 0.
    1.30127335e-003 -6.34142489e-004 0. 0. 0. 2.99567007e-003
    4.78592142e-003 0. 0. 8.06522148e-004 3.60047398e-003 0.
    1.38291847e-002 0. 0. 8.18608736e-004 0. 2.11837539e-003 0. 0.
    5.34653571e-003 0. 3.72807612e-003 0. 0. 2.52237405e-005 0. 0.
    7.72673124e-003 4.59760940e-003 0. 0. 9.72150173e-003
    -9.63779283e-004 3.55824595e-003 -4.21361474e-004 0. 3.42800422e-003
    1.27128977e-003 0. 0. -7.77374953e-005 0. 0. 2.74318852e-003
    3.12995369e-004 2.21001636e-003 1.15244556e-003 0. 0. 0. 0. 0. 0. 0.
    2.95866653e-003 1.98448123e-003 -5.26784454e-004 0. 5.61033608e-003
    0. 0. 0. 0. 0. 0. 1.32787775e-003 0. -1.94993615e-003 0.
    -2.54244806e-004 8.35160632e-003 0. 0. 0. 0. 0. 0. 3.44634382e-003
    0. 0. 0. 6.74858107e-004 0. 0. 0. 0. 0. 0. 7.34341505e-004
    -1.38887379e-004 0. 0. 6.64588902e-003 0. 0. 2.31151562e-003
    -2.45958799e-005 0. 0. -3.57524113e-004 2.10672253e-004
    4.74549452e-004 3.94428242e-003 -9.86063620e-004 -2.04984361e-004
    6.67635875e-004 2.34101107e-003 1.69770909e-003 3.05472640e-003 0.
    2.50932854e-003 0. 0. 1.47826201e-003 -2.40711309e-003
    1.88974349e-003 0. 0. 4.09158692e-003 0. 1.21022551e-003 0. 0. 0.
    1.20085769e-003 0. 2.92482390e-003 1.54350128e-003 3.78405256e-003
    0. -2.26159347e-003 0. -4.04846185e-004 6.59949204e-004 0. 0.
    1.45814044e-003 1.02618160e-002 -8.11375561e-004 0. 4.81525529e-003
    3.36649106e-003 1.32375839e-003 0. 2.48590927e-003 0. 0.
    9.51474707e-004 2.23077647e-002 4.22157999e-003 0. 1.78372531e-004
    2.85021123e-003 -1.36620516e-003 0. 2.01529311e-003 0. 0. 0. 0.
    1.61033846e-003 -5.09485486e-004 0. 0. 9.70777532e-004 0.
    3.68771818e-003 0. 2.71556107e-003 0. 0. -2.47541117e-004 0. 0.
    3.72661569e-004 6.19812985e-004 0. 7.84575532e-004 -2.84339604e-003
    0. 0. -4.13691101e-004 0. -6.09647366e-004 0. 2.99868669e-004 0. 0.
    0. 7.71350984e-004 0. 0. 3.17975716e-003 0. 0. 0. 8.40597029e-004 0.
    0. 3.98315396e-003 0. 0. 0. 4.02177731e-003 0. 4.43905732e-003 0.
    -1.06061832e-003 0. 0. 1.60662003e-003 0. 3.46718618e-004
    1.81326980e-003 6.42744685e-003 -2.59792968e-003 0. 6.43100031e-003
    0. 0. 0. 2.81702145e-003 0. 1.52554223e-003 0. 0. 0. 0. 0. 0.
    7.15864939e-004 -2.06194498e-004 6.18431577e-003 6.50770729e-003 0.
    0. 1.79260504e-003 2.79079448e-003 2.15448369e-003 8.04193143e-004
    0. 0. 0. 0. 0. 1.38416747e-003 0. 0. 0. 0. 0. 1.71550969e-003 0. 0.
    0. 1.21128291e-003 0. 2.22116360e-003 2.97181727e-003
    1.28544995e-003 0. 0. 7.06919236e-003 0. 1.31813542e-003
    4.18209191e-003 4.48341528e-003 0. 0. 3.14803026e-003 0. 0.
    2.54380138e-004 2.08920147e-003 1.15779636e-003 4.22099978e-003 0.
    0. 0. 2.43516732e-003 0. 2.50250800e-003 5.94542013e-004 0. 0. 0. 0.
