<?xml version="1.0"?>
<opencv_storage>
<imageDescriptor type_id="opencv-matrix">
  <rows>1</rows>
  <cols>1000</cols>
  <dt>f</dt>
  <data>
    0. 0. 1.52854470e-003 0. 0. 0. 0. 2.07212684e-003 5.64906979e-003 0.
    0. 0. 0. 0. 1.66063278e-003 0. 2.21248926e-003 0. 2.02994072e-003 0.
    0. 3.63505143e-003 1.16369147e-002 0. 2.37119501e-003 0. 0. 0. 0.
    -3.04040965e-004 0. 0. 0. 0. -9.95676382e-004 0. 0. 0. 0.
    2.80369003e-003 0. 0. 0. 2.51969090e-003 5.56702772e-003 0. 0.
    1.17077969e-003 1.92218972e-003 -4.09320043e-003 0. 0. 0. 0. 0.
    2.56308471e-003 0. 0. 0. 8.28298915e-004 1.36158727e-002
    5.58193307e-003 0. 0. 0. 0. 0. 0. 0. 4.50397888e-003 0.
    7.07776332e-003 0. -1.96341716e-004 0. 0. 0. 4.71147941e-003 0. 0.
    0. 0. 0. 0. 0. 0. 0. 0. 0. 6.91667292e-003 4.76133032e-003 0. 0.
    -1.94510067e-004 0. 1.27782801e-003 1.41104066e-003 0. 0. 0. 0.
    1.17999995e-002 0. 0. 0. 0. 1.53055391e-003 2.66764523e-003 0.
    2.04919535e-003 -1.05198391e-003 2.11699936e-003 2.74457270e-003
    1.70389877e-003 0. 0. 0. 0. 1.91665033e-003 -8.54425249e-004
    -2.23460654e-003 0. 0. 0. 9.82353929e-003 2.39094067e-003 0.
    -3.48795322e-003 0. 1.06082088e-003 4.84491978e-003 2.61903182e-003
    0. 0. 0. 0. 0. 0. 1.11283325e-002 6.41300762e-003 -1.44290179e-003
    1.73746282e-003 0. 3.75614455e-003 0. 0. 0. 0. -2.52062595e-003 0.
    -5.84200961e-006 0. -2.08293227e-003 0. 0. 0. 0. 0. 0. 0.
    -4.86601493e-004 1.44912989e-003 0. 0. 0. 0. 0. 0. 1.16836056e-002
    0. 0. 0. 1.15366431e-003 -1.27916830e-003 0. 0. 2.43160664e-003 0.
    2.30370718e-003 8.76459479e-003 5.19428344e-004 0. 4.90027759e-003
    1.10208271e-002 2.94300052e-003 0. 0. 0. 0. 1.50875817e-003 0.
    -1.44728553e-003 1.04032122e-004 0. 2.51619611e-004 1.01276776e-002
    7.13731674e-003 1.26426481e-003 0. 2.05175811e-003 0.
    1.11502653e-003 1.76629292e-005 0. 0. 0. 0. 5.35832427e-004 0. 0. 0.
    4.86138137e-003 0. 0. 0. -1.94001565e-004 1.53461413e-003
    3.03050387e-004 0. 3.12343799e-003 0. 1.06490357e-003 0. 0. 0.
    7.93842319e-003 0. 0. 0. 0. 0. 2.98861112e-003 1.85068918e-003
    1.32739719e-003 0. 0. 0. 5.24982857e-003 0. 1.90254988e-003 0.
    1.15318387e-003 0. 1.38583092e-003 3.61247640e-003 -2.27395984e-004
    0. 1.80111371e-003 0. -3.75438109e-003 0. 7.77413882e-003
    -2.18064268e-003 6.84651919e-003 0. 2.04546424e-003 0. 0.
    2.67681433e-003 2.58236425e-003 0. 0. 1.82661379e-003 0. 0. 0.
    1.09217456e-003 0. 0. 0. 0. -3.79144098e-003 0. 1.32069131e-002
    2.48950403e-002 0. 0. 0. 0. 0. -3.31177405e-004 0. -1.13403806e-002
    0. 0. 5.67131070e-003 0. 0. -3.55273183e-003 -1.20955126e-004 0. 0.
    -1.47943839e-003 3.32298048e-004 0. 0. 1.09950581e-003
    1.28444089e-002 3.15798074e-003 0. 0. 1.28116424e-003 0. 0. 0. 0. 0.
    0. 0. 1.25617650e-003 0. 2.83872639e-003 0. 0. 0. 0. 0. 0. 0.
    1.60669885e-003 0. 2.48719659e-003 0. 0. 0. 0. 0. 0. 0. 0. 0. 0. 0.
    0. -9.35569697e-004 2.45392905e-003 0. 0. 0. 0. -3.68073932e-003 0.
    0. 0. 0. 0. 0. 0. 7.16080889e-003 0. 0. 6.22274587e-003 0.
    3.15097068e-003 7.71159865e-003 0. -6.10433199e-005 0.
    6.23175816e-004 0. 0. 2.16552522e-003 0. 2.96601746e-003 0.
    1.77234784e-003 0. 3.88079183e-003 0. 0. 0. 0. 0. 0. 0. 0.
    6.25524088e-004 0. 5.75293414e-003 5.12174284e-003 0.
    3.64842382e-003 0. 0. 0. -3.95209994e-004 6.01685792e-003 0. 0.
    -1.32714747e-003 0. 0. 0. 0. 4.43049427e-003 0. 0. 0.
    2.90235574e-003 -8.00416921e-004 0. 0. 1.05811721e-002
    6.61925878e-003 1.74239045e-004 0. 1.26127258e-003 0. 0.
    1.21839186e-002 0. 0. 0. -2.08416302e-003 0. 0. 0. 0. 0. 0.
    6.70390017e-003 3.48821236e-003 0. 0. 2.80492241e-003 0.
    1.58953236e-003 0. 2.69507617e-003 1.17944763e-003 0. 0.
    2.28638411e-003 3.80763406e-004 0. 4.99939080e-003 -3.75785399e-004
    0. 0. 0. 0. -1.17549126e-003 6.84842980e-003 0. 0. 1.76386815e-003
    0. 0. 1.41175359e-003 0. 0. 1.69230299e-003 0. 0. -2.38441303e-003
    1.88917934e-003 0. 0. 0. 0. 6.43892633e-003 0. 0. 0. 0.
    2.67543225e-003 0. 0. 2.29922030e-003 0. 0. 0. 0. -2.15384876e-003
    -6.70286026e-005 0. 2.72401236e-003 1.33717870e-002 1.19947025e-003
    0. 0. 1.14359157e-002 0. 0. 5.29106567e-003 0. 0. 8.85530841e-004 0.
    8.82830587e-004 2.42079236e-003 0. 2.12324201e-003 0. 0. 0.
    9.83820576e-003 0. 3.90427466e-003 3.01893428e-003 3.96316638e-003
    0. 0. -1.09241426e-003 0. 0. 3.14428471e-004 -3.36074876e-003 0. 0.
    0. 0. 3.61371995e-003 0. 0. 0. 0. 0. 0. 0. 0. 0. 0. 0.
    1.81047828e-003 2.48336308e-002 0. 1.89756474e-003 0. 0. 0. 0. 0. 0.
    0. -4.19737393e-004 0. -5.75210492e-004 6.03499217e-003 0. 0. 0. 0.
    0. 0. -1.46625470e-003 0. 0. 0. 0. 1.04134688e-002 0. 0. 0.
    1.52397435e-002 1.69250984e-002 1.10182259e-002 0. 0.
    -1.24015345e-003 0. 0. 3.81890009e-003 -1.72210648e-003 0. 0. 0. 0.
    0. 0. 4.84648161e-003 0. 0. 0. 0. 0. 0. -8.85299349e-004 0. 0. 0.
    1.33980566e-003 0. 2.48124264e-003 2.34271633e-003 0. 0.
    -8.19906301e-004 3.38054402e-003 7.44564086e-003 7.23821437e-003
    1.16130421e-002 0. -5.10283455e-004 0. 0. 0. 0. -6.21197571e-004
    1.28152373e-003 1.69523386e-003 0. 0. 5.86892571e-003
    1.15970499e-003 4.27509379e-003 0. -1.97843811e-003 1.20880250e-004
    0. 0. 0. 3.83499404e-003 0. 0. 0. 0. 0. 0. 1.37245581e-002 0. 0. 0.
    0. 2.97061261e-003 0. 0. 0. 0. 0. 0. 0. 0. 6.60229428e-003 0.
    4.58175642e-003 0. 2.79472768e-003 0. 0. 0. 0. 0. 2.19801511e-003
    2.78319418e-003 1.59230514e-003 0. 7.12333526e-003 0.
    8.41727015e-004 0. 1.78490125e-003 0. 7.23174447e-003 0. 0. 0. 0.
    3.47069744e-003 3.09698912e-003 0. 2.59793689e-003 0.
    5.71553316e-003 0. 0. -1.33845175e-003 3.06948926e-003 0. 0.
    -2.94226664e-003 6.90587144e-003 6.08625647e-004 0. 0. 0.
    -9.21971921e-004 0. 5.73834521e-004 -5.10676182e-004 0. 0. 0. 0. 0.
    0. 0. 0. 0. 2.08835164e-003 7.78019094e-005 0. -4.39418684e-004
    1.88344449e-003 3.10576544e-003 3.53965815e-003 0. 0. 0. 0. 0.
    -5.33949770e-003 6.20508008e-003 0. 0. 0. -5.21664915e-004 0. 0. 0.
    4.31887992e-003 0. 0. 1.06712831e-002 0. 0. 4.33588680e-003 0.
    5.83731523e-003 0. -1.10623609e-004 0. -3.16691981e-003 0.
    1.45381026e-003 0. 5.62830875e-003 0. 2.72056041e-003 0.
    -8.44083785e-004 0. 4.87003155e-004 2.21527205e-003 2.42128898e-003
    2.13175477e-003 0. 4.19546792e-004 6.09422568e-003 0. 0. 0. 0.
    2.21589755e-004 -3.08226608e-003 -2.18991830e-004 0. 0.
    2.42670998e-003 0. 0. 0. -6.17433665e-003 0. -6.86278392e-004 0. 0.
    -1.57129334e-003 0. 5.60030993e-003 0. 6.95424108e-003 0.
    1.43019110e-003 0. 5.50806522e-003 0. 2.17455756e-002 0. 0. 0.
    7.51374336e-003 0. 0. 0. -1.80540956e-004 5.85768092e-003
    -2.08771744e-005 0. 0. 4.18620696e-003 0. 0. 0. 0. 0.
    1.14131719e-002 0. 3.15850764e-003 7.40971928e-003 0. 0. 0. 0.
    2.76277051e-003 0. 1.30060210e-003 4.16617841e-003 5.56204468e-004
    0. 0. 2.68580043e-003 -2.32858537e-003 -3.26539832e-003 0. 0.
    1.06286560e-003 0. 0. 0. 0. 2.13347469e-003 0. 0. 0. 4.14676644e-004
    0. 0. 0. 0. 0. 0. 0. 0. 0. 0. 1.87659822e-003 3.17418622e-003
    6.10298826e-004 0. 1.96925597e-003 0. 0. 0. 0. 3.67452530e-003 0.
    3.62085120e-004 0. 0. 0. 0. 0. 0. 0. 7.71271472e-004 0. 0.
    1.30308070e-003 0. -3.83125688e-003 0. 0. 4.48968820e-003
    -6.35303848e-004 3.22704040e-003 0. 8.63056257e-003 0.
    4.26343642e-003 7.10314279e-003 0. 0. 0. 0. 1.00609677e-005
    1.06848590e-003 1.01757608e-002 0. 2.36811489e-003 0. 0. 0. 0. 0.
    -9.79964389e-004 5.53144666e-004 0. -6.30940951e-004
    -1.98791805e-003 0. 0. 0. -4.15755156e-003 7.97558576e-003 0. 0. 0.
    4.43984027e-004 0. 0. 0. 0. 1.63271511e-003 0. 0. 0. 2.91393982e-004
    0. 0. 0. 0. 0. 2.30107573e-003 0. -2.89793988e-003 0. 0.
    -1.40668463e-003 0. 0. 4.88373404e-003 0. 0. 0. 0. 0. 0. 0. 0. 0. 0.
    0. 0. 0. 0. 5.56572899e-003 0. 0. 0. 0. -8.62769841e-004
    -1.85930563e-004 0. 1.86757871e-003 3.96783836e-003 0. 0. 0. 0. 0.
    0. 0. 0. 0. 0. -2.11933642e-004 0. 0. 6.48039905e-003
