<?xml version="1.0"?>
<opencv_storage>
<imageDescriptor type_id="opencv-matrix">
  <rows>1</rows>
  <cols>1000</cols>
  <dt>f</dt>
  <data>
    2.55820528e-003 0. 1.81418145e-003 1.89009216e-003 7.74094020e-004
    0. 1.46718536e-004 4.11067205e-003 0. 0. 0. 7.25975042e-005 0. 0.
    1.52678406e-002 2.25284453e-002 0. 0. 0. 0. -9.70337947e-004
    2.36221030e-003 0. 6.23937871e-004 1.24502752e-003 2.21799104e-003
    0. 0. 0. 0. 2.48745852e-003 -9.48003581e-005 5.68585296e-004
    3.95699870e-003 -4.26750258e-003 0. 0. 2.42031529e-003
    9.51031456e-004 3.23467003e-003 -3.05261638e-004 0. 0.
    3.76974884e-003 0. 3.04161245e-003 2.27468903e-003 0.
    1.60139042e-003 1.36589457e-003 0. 0. 1.67963665e-003 0. 0.
    1.59668922e-003 0. 2.41794437e-003 1.03387388e-003 0.
    1.17305992e-003 7.80144893e-003 0. 0. 0. 1.88496849e-003
    3.42853717e-003 0. 2.47342419e-003 6.11391244e-003 0. 0. 0. 0. 0. 0.
    3.36639746e-003 6.06423058e-003 0. 3.30039184e-003 2.41171685e-003
    5.17229503e-003 0. 0. 0. 0. 2.71394243e-003 0. 0. -5.69384836e-004
    -2.11518491e-004 0. 0. -1.17157085e-003 0. 0. -1.25278428e-003 0.
    -4.79902141e-004 4.20214189e-003 0. 1.02561887e-003 0. 0. 0. 0. 0.
    6.13434520e-003 1.06576888e-003 2.35027677e-004 1.82115939e-003
    2.54598120e-003 0. 0. 0. 9.80667304e-004 1.44717714e-003 0. 0.
    -8.76973034e-004 0. 0. 0. 0. 0. 5.99643076e-003 0. -8.41018278e-004
    0. 1.37844821e-003 4.59712278e-003 0. 0. 0. 0. 0. 0. 0.
    6.02506800e-003 5.13566239e-003 0. 0. -1.00433221e-003 0.
    3.03764478e-004 0. 0. 1.14249927e-003 9.17189848e-003
    2.69305799e-003 0. 2.04478367e-003 0. 0. 3.07965185e-003 0.
    4.27617598e-003 9.39966238e-004 5.41682495e-003 -3.30398616e-004
    2.19641882e-003 0. 1.56244985e-003 3.23461182e-003 0. 0.
    9.55464086e-004 0. 0. 0. 0. 0. 0. 0. -5.64354763e-004
    -2.15745461e-003 9.84205492e-003 0. 0. 0. 0. 0. 0. 3.52142518e-003
    0. 8.04417580e-003 -8.97477905e-004 6.79556921e-004 1.94484834e-003
    0. 2.83086090e-004 5.27809840e-003 4.96857893e-003 0. 0.
    1.35837430e-002 -9.53287352e-004 2.67592305e-003 0. 1.18182856e-003
    0. 4.89763357e-003 0. 0. 0. 0. 0. 0. 0. 2.65408005e-003 0. 0. 0. 0.
    0. 0. 6.31733239e-003 0. 7.49780811e-005 1.00289624e-004 0.
    3.53694172e-003 2.47364864e-003 4.60414449e-004 0. 6.36391400e-004
    0. 0. 1.68668735e-003 0. 0. 0. 2.90363969e-004 -4.53373510e-003 0.
    0. 0. -1.94778817e-003 0. 1.42801728e-003 0. 1.31244131e-003 0.
    2.92658736e-003 -2.42392486e-003 -1.51271583e-003 0. 0. 0.
    -7.40366348e-004 0. 0. 2.59733439e-004 0. 0. 0. -1.20963110e-003 0.
    3.76395090e-003 0. 0. 0. 2.07302882e-003 0. 0. -1.59561483e-003
    1.67658227e-003 4.82433988e-003 2.01825853e-004 2.41510477e-003
    2.76507903e-003 0. 1.97426393e-003 0. 9.84457671e-004 0.
    -1.74186192e-003 0. 0. 0. 2.75575952e-003 0. 0. 4.14367812e-003 0.
    0. 0. 2.86256080e-003 -1.64431240e-003 0. 0. -3.85184539e-003
    5.09042700e-004 8.06879718e-004 0. 0. 0. 4.73410968e-004 0.
    4.24616737e-003 0. 1.46124582e-003 0. 0. 0. 0. 0. 0. 0.
    2.23693973e-003 0. 0. 0. 0. 0. -1.79359678e-003 0. 0. 0.
    2.50345422e-003 0. 3.40774423e-003 0. -1.94842741e-003
    2.27128528e-003 3.50766629e-003 0. 6.77881390e-003 6.05207169e-004
    4.94463323e-003 0. 0. 4.05746323e-005 5.36564086e-003
    3.17814061e-003 -3.19278159e-004 0. 0. 0. 0. 1.86517113e-003 0. 0.
    9.46941972e-003 0. 0. 3.41076870e-003 0. 1.00027500e-002 0.
    9.49988607e-004 1.86086830e-003 0. -1.42334611e-004 6.31819421e-004
    3.20840569e-004 0. 0. 5.28751314e-003 -2.01918025e-004 0. 0. 0.
    2.04631384e-003 0. 0. 0. 0. 1.91743788e-003 4.64557117e-004
    2.13460787e-003 0. 0. 0. 0. 1.22471964e-002 0. 3.93740367e-003
    3.52000492e-003 8.56780796e-004 0. 4.38163569e-003 0. 0. 0.
    1.72565121e-003 0. 0. 2.16146186e-003 -1.32596260e-003 0. 0. 0. 0.
    0. -7.52128777e-004 4.81940527e-003 1.79687538e-003 3.65146413e-003
    0. 0. 9.39401053e-003 0. 6.04104171e-005 0. 0. 2.24681571e-004 0. 0.
    1.86486496e-003 6.55844196e-005 0. 0. 2.52948841e-003 0.
    4.55317553e-003 0. 0. 5.46860090e-003 0. 3.15810740e-003 0.
    6.90981140e-003 8.80303886e-003 3.73213924e-003 -2.86966562e-004 0.
    0. 0. 8.81375745e-004 0. 1.78536784e-003 0. 4.55608359e-003
    -8.86970782e-004 0. 9.53122508e-004 1.80078624e-003 0. 0.
    7.16082926e-004 2.07070494e-003 0. 0. 0. 0. 0. 0. 0. 0. 0.
    6.51235739e-003 3.92274524e-004 2.45905039e-003 1.67232857e-003
    1.82044378e-003 6.26450172e-003 0. 9.12725925e-003 0.
    6.11538393e-003 0. 0. 2.49019382e-003 1.48034398e-003
    1.68899540e-003 0. 0. 1.10662391e-003 0. 9.53223556e-004
    1.67715142e-003 0. -5.97132457e-005 0. 0. 0. 0. -1.01896410e-004
    2.40452145e-003 0. 1.21833021e-002 0. 0. 0. 0. 0. 0. 1.66351441e-003
    2.96431850e-003 0. 8.58255196e-004 5.28044207e-003 1.01105834e-003
    0. 0. 0. 0. 0. 0. 9.71096382e-003 3.70616792e-003 7.92114704e-004 0.
    2.22617615e-004 0. 0. 0. 0. 0. 5.33615821e-004 0. -7.95811124e-004
    0. 0. 0. 0. 2.41869153e-003 0. 2.31971801e-003 0. -1.44640304e-004
    2.12123129e-003 0. 3.21160839e-003 1.60858536e-003 3.03041353e-003
    0. -2.48074764e-004 -1.60602573e-003 0. 7.65725781e-005 0. 0. 0. 0.
    2.27577961e-003 0. -2.10767466e-004 0. 3.73332808e-003 0. 0.
    4.28924104e-003 0. 3.97599163e-003 0. 0. 0. 0. 9.40022338e-003 0. 0.
    0. 0. 2.39727809e-003 2.16410449e-003 2.77669448e-003 0.
    9.56675271e-004 0. 0. 0. 0. 0. 0. 0. 0. 1.24526983e-002 0.
    9.66701133e-004 0. 5.30598033e-003 0. 4.85942187e-003
    -1.33782194e-003 0. -3.38238990e-003 0. 4.88977093e-005 0. 0.
    3.88182886e-003 0. 0. 0. 0. 1.74542621e-003 2.67993892e-003
    2.28962541e-004 0. 0. 0. -5.91526972e-004 0. 0. 0. 4.59553022e-003
    1.18358864e-003 0. -5.39470464e-004 2.43092724e-003 0. 0.
    8.56767350e-004 2.12243712e-003 0. -3.54404282e-003 3.61293997e-003
    2.82103196e-003 2.57233297e-003 9.45743464e-004 2.50243070e-003 0.
    0. 0. 0. 4.14490793e-003 0. 0. 1.02215144e-003 0. 0. 4.40318882e-003
    0. 1.15382602e-003 0. 0. 0. 0. 0. 5.65151742e-004 0. 2.13070377e-003
    3.91937909e-004 -1.08831550e-003 0. -8.38886423e-004 1.62850367e-003
    0. 0. 2.75007705e-003 2.07334361e-003 0. 0. 0. 0. 0. 1.57318800e-003
    -9.20241931e-004 0. 7.56354537e-003 8.44038324e-004 2.04372895e-003
    0. 0. -1.17658172e-003 0. 6.48681819e-003 0. 0. 2.04411848e-003
    5.28589403e-003 -3.40049126e-004 0. 8.68792937e-004 0. 0. 0. 0.
    3.62528721e-003 5.90269873e-003 7.28257000e-004 0. 0.
    7.28172890e-004 1.66631944e-004 0. 5.64537616e-003 -1.01643195e-003
    0. 0. 0. 6.51202910e-003 0. 0. 0. 0. 0. 5.56241628e-003
    1.56808365e-003 0. -1.32828671e-003 2.60049338e-003 1.43891564e-004
    0. 0. 0. 0. 1.18970743e-003 0. -1.51576649e-003 1.62717700e-003 0.
    0. 0. 0. 1.87405047e-003 0. 0. -1.03123253e-003 0. 4.15450335e-003
    1.54029496e-003 0. 0. 0. 0. 0. 0. 1.08439720e-003 2.33895401e-003 0.
    0. 4.11752565e-003 0. 7.63289724e-003 0. 1.28181884e-003 0. 0. 0. 0.
    0. 0. -6.52996649e-004 6.73578260e-003 0. 0. 0. -4.21189878e-004 0.
    0. -7.52930704e-004 4.35638148e-003 0. 0. 0. 0. 0. 0. 0.
    -1.12141739e-003 0. 0. 0. 0. 2.88784411e-003 0. -1.29187887e-003 0.
    0. 0. -1.56714884e-003 0. 0. -8.04766198e-004 0. 0. 2.33119819e-003
    0. 9.89545044e-003 0. 0. 0. 2.12476100e-003 4.83213132e-003 0. 0. 0.
    0. 6.80702133e-003 0. 1.61771046e-003 0. 5.87151945e-003
    1.96484354e-004 0. 2.04182277e-003 0. -1.73344521e-003 0.
    2.32999888e-003 0. 0. -4.50979860e-004 4.08015505e-004
    1.14029029e-003 5.50131453e-003 7.71212345e-003 0. 1.05940888e-003
    0. 5.23905410e-003 0. 2.25940906e-003 5.52046753e-004 0. 0.
    4.06705914e-003 1.42178675e-002 0. 3.57364491e-003 0. 0. 0.
    4.10147570e-003 0. 0. 3.48339695e-003 0. 0. 2.10850290e-003
    2.15397173e-004 -1.32459472e-003 6.58310659e-004 0. 1.29584107e-003
    3.39578162e-003 0. 0. 0. 0. 0. 0. 5.70873776e-003 1.57501805e-003
    4.23448102e-004 7.61268078e-004 0. 0. 0. 3.05391994e-004 0. 0. 0. 0.
