<?xml version="1.0"?>
<opencv_storage>
<imageDescriptor type_id="opencv-matrix">
  <rows>1</rows>
  <cols>1000</cols>
  <dt>f</dt>
  <data>
    8.37230310e-003 0. -8.84511566e-004 2.55843881e-003 0.
    -1.47585757e-003 0. 0. 4.92422376e-003 0. 2.57261284e-003 0. 0. 0.
    0. 5.35746291e-003 0. 3.05956299e-003 0. 0. 0. 0. 8.60024616e-003 0.
    0. 0. -4.20980016e-003 -2.20219154e-004 0. 0. 0. 0. 0. 0. 0. 0.
    1.03742129e-003 3.93409189e-003 1.92986883e-003 0. -1.08678511e-003
    0. 4.79565468e-003 0. -2.42324523e-003 6.88922638e-003
    4.63896338e-003 0. 0. 0. 0. 2.34135333e-003 -3.47790611e-003 0. 0.
    0. 0. 0. 0. 0. 0. 4.68937960e-003 2.72330566e-004 8.34766834e-004 0.
    5.49252087e-004 -8.01964688e-006 3.93712753e-003 2.77737365e-003
    4.62926365e-003 0. 1.95943788e-002 2.06497475e-003 7.01722363e-003
    0. 0. 2.39477982e-003 0. 0. 1.60816335e-003 0. -9.28555673e-004 0.
    0. 0. 1.48708967e-003 0. 1.20919850e-003 0. 2.98586296e-004 0. 0. 0.
    0. 0. 0. -7.15032732e-003 0. 1.78174593e-003 1.95260416e-003 0.
    3.35351634e-003 0. 0. 0. 0. 2.93632108e-003 0. 0. 0. 1.01493336e-002
    1.31529628e-003 6.02430385e-003 -1.47191051e-003 0. 2.68640392e-003
    0. 5.35319606e-003 0. 0. 0. 0. 2.38472698e-004 0. 7.31258537e-004 0.
    0. 2.50453129e-004 0. 3.01854894e-003 9.55484516e-004 0. 0.
    4.28431085e-004 2.71823793e-003 1.67942443e-003 0. 0.
    9.77079384e-004 2.16656807e-003 -1.08740246e-003 -1.21925038e-003 0.
    0. 6.81443955e-004 0. 8.14426318e-003 0. 1.68418710e-003 0.
    1.71203364e-003 1.17753004e-003 -2.89836153e-003 0. 1.48438790e-003
    4.13727807e-003 0. 0. -5.62617264e-004 0. 5.01727127e-003 0.
    4.87536308e-004 1.04307150e-002 0. 0. 0. 0. 1.64870708e-003 0. 0. 0.
    0. 8.33270326e-003 0. 0. -1.05546380e-003 0. 0. -2.96976906e-003 0.
    0. 4.02000174e-003 6.57217531e-003 0. 2.21276260e-003
    1.88762252e-003 6.71712623e-005 0. 0. 0. 0. -1.88593869e-004 0.
    2.67342571e-003 6.12422684e-003 3.36403682e-005 0. 0. 0. 0.
    -1.89381430e-003 0. 3.21873650e-003 0. 0. 1.36981800e-003
    8.70624906e-004 0. 8.21828935e-003 0. 0. 1.37163315e-003 0.
    2.02632719e-003 0. 2.16671498e-003 0. 0. 2.22142250e-003 0.
    7.79325259e-004 7.21622398e-003 6.87873457e-004 0. 0. 0.
    8.44982220e-004 0. 0. 0. 0. 0. 1.96997123e-003 0. 1.09786796e-003 0.
    0. 0. 1.21443311e-003 0. 0. 0. 0. 7.58995186e-004 0. 0. 0.
    4.58532525e-003 -2.92591169e-003 0. 0. 2.44960596e-004
    8.70652590e-003 2.23346311e-003 0. 0. 0. 7.71532115e-003
    1.42403331e-003 0. 1.45894906e-003 1.58070214e-003 0. 0. 0.
    6.92802307e-004 0. 5.99795603e-004 0. 0. 1.72245794e-003 0.
    8.68221279e-004 4.86859027e-003 0. 5.31580718e-003 0. 0. 0.
    7.25005288e-003 0. 0. 0. 0. 0. 0. 8.31422955e-003 1.51261501e-003 0.
    0. 6.34661992e-004 1.17947382e-003 0. 4.89812955e-005 0. 0.
    -5.58529573e-004 1.33731664e-004 0. 0. 2.31986662e-004 0. 0. 0. 0.
    0. 0. 0. 5.93636930e-003 0. 0. 0. 0. 0. 2.60724989e-003
    2.71761604e-003 0. 7.39481952e-003 0. 0. 6.42363029e-003 0. 0. 0. 0.
    4.90728673e-003 0. 1.75287481e-003 1.44487934e-003 0.
    1.74779687e-002 3.45026935e-003 1.37803447e-003 1.03502336e-003
    1.39736908e-003 0. 0. 0. 0. 6.91521098e-004 0. 0. 1.67291798e-003 0.
    0. 0. 0. 3.75363906e-003 0. 2.68571870e-003 0. 0. 2.89054029e-003 0.
    1.16678746e-003 0. 0. -1.00871222e-003 0. 0. 0. 0. 0. 0. 0. 0.
    3.35925026e-003 -8.22624599e-004 6.04817702e-004 6.72403816e-003 0.
    2.26054387e-003 -6.30945200e-004 0. 1.54545000e-002 0. 0.
    2.91322619e-002 2.96102278e-003 -1.96234253e-003 1.66736878e-002 0.
    0. 3.38476826e-003 0. 1.81723072e-003 0. 0. 6.61715807e-004 0. 0. 0.
    0. 0. 0. 0. 0. 1.09904283e-003 0. 0. 4.54997324e-004 0. 0.
    -4.79540817e-004 0. -4.85475233e-004 4.64345887e-003 0. 0. 0. 0.
    5.62050939e-003 0. 0. 0. 0. 1.92287285e-003 0. 3.39190941e-003
    4.55627404e-003 0. 1.17736282e-002 2.92108837e-003 0. 0. 0. 0.
    4.07190109e-003 0. 0. -4.04479535e-004 0. 0. 2.69145472e-003 0. 0.
    3.87822581e-003 0. 0. 0. 1.28104538e-003 0. 6.02283329e-003 0. 0. 0.
    0. 0. 0. 1.18746776e-002 0. 0. 0. 0. 0. 0. 2.15444318e-003
    3.93575197e-003 0. 0. 0. 0. -1.24804757e-003 4.83879633e-003 0. 0.
    1.73354952e-003 5.77725354e-004 0. 0. 0. 3.77073325e-003
    1.53834757e-003 0. 0. 5.36467414e-003 0. -8.43569986e-004 0. 0. 0.
    8.12777132e-003 0. 0. 2.41185771e-003 0. 8.11029412e-003 0.
    2.66680238e-003 3.39333341e-003 1.64961268e-003 9.39167105e-004 0.
    0. 0. 2.54998752e-003 0. 0. 0. 1.53701752e-002 1.79405254e-003
    1.33498362e-003 -1.78608764e-003 3.62840900e-003 5.78455348e-003
    1.62449945e-003 0. 0. 0. 0. 0. 0. 0. 4.59334726e-004 0.
    4.61710710e-003 1.64295954e-003 0. 0. 0. 5.00533497e-003 0. 0.
    2.72925920e-003 -1.16755650e-003 9.03375633e-003 0. 0. 0. 0. 0.
    -2.72128987e-003 0. 0. 0. 2.96554016e-003 3.62061639e-003
    8.08540080e-003 1.33749843e-003 0. 2.14024517e-003 0.
    2.82069156e-003 0. 6.65392308e-003 0. 0. 6.47077616e-003 0. 0.
    4.63631470e-003 0. 2.09019729e-003 4.70286846e-004 -5.20226895e-005
    1.49512000e-003 0. 1.48862065e-003 6.77483855e-004 0. 0. 0. 0. 0. 0.
    0. 0. -1.86361047e-003 0. -3.40648601e-003 0. 5.65916765e-003 0.
    2.34859833e-003 2.09951773e-003 0. 0. 0. 0. 0. 2.36709346e-003 0. 0.
    0. 0. 0. -7.40128860e-004 0. 0. 5.15627768e-003 0. 0. 0. 0. 0. 0. 0.
    -1.92651016e-004 0. 2.22052820e-003 0. 1.43819554e-002 0.
    -6.01644919e-004 1.38102868e-003 0. 1.00890372e-003 1.02523919e-002
    2.46390793e-003 0. 0. 6.37232233e-003 0. 0. 0. 0. 0. 0.
    1.30494928e-003 -6.99414173e-004 0. 0. 1.60697047e-002
    1.48017833e-003 0. 0. 0. 0. 2.32876185e-003 0. -9.49284295e-004 0.
    0. 0. 2.60609435e-003 2.08496326e-003 0. 1.91768064e-004 0.
    2.63030338e-003 0. 0. 2.01788428e-003 0. 6.10801531e-003 0. 0. 0.
    3.25217471e-003 0. 0. 0. 0. 1.95768592e-003 0. 0. 0.
    -9.82255551e-006 0. 0. 0. 0. 0. 0. 0. 0. 0. 6.81133475e-003 0. 0. 0.
    0. 0. 0. 0. 6.56203250e-004 0. 0. 0. 0. 0. 0. -1.18949218e-004 0. 0.
    0. 0. 0. 1.79163576e-003 0. 0. 0. 0. 1.71359605e-003 0. 0.
    7.57438538e-004 0. 0. 0. 0. 8.73811916e-003 6.53620949e-003 0. 0. 0.
    0. 0. 0. 0. 0. 0. 0. 0. 0. 0. 0. 0. 0. 1.55985297e-003 0.
    1.50430365e-003 0. 5.85718732e-003 0. 1.66462641e-003 0.
    3.06374626e-003 4.67945851e-004 0. 0. 0. 1.00196549e-003 0. 0. 0. 0.
    0. 0. 0. 6.34349324e-003 0. 0. -2.64451752e-004 0. 0.
    4.69330279e-003 6.89565612e-004 0. 0. 0. -9.28291294e-004
    9.71858215e-004 0. 0. 0. 5.27076889e-003 0. 0. 0. 0. 0.
    6.47434499e-003 0. 0. 0. 6.04219688e-003 0. 0. 0. 1.75463222e-003 0.
    8.89806822e-003 0. 0. 3.27967503e-003 -2.48728848e-005 0. 0.
    -8.28204502e-005 0. 0. 0. 0. 1.18454231e-003 1.01928919e-004 0.
    2.75207544e-003 0. 0. 0. 0. 1.05784100e-003 0. 0. -8.88242212e-004
    7.97792524e-003 1.43852318e-003 3.87280388e-003 0. 0. 0.
    -8.02790374e-003 0. 0. 1.77108182e-003 1.12686690e-003 0. 0. 0. 0.
    1.14227470e-003 0. 0. 1.97612192e-003 -1.09422230e-003 0. 0. 0.
    3.59353842e-003 0. 0. 0. -3.96292889e-004 0. 0. 0. 0.
    8.01878807e-004 0. 0. 0. 0. -1.87198468e-003 8.12275521e-003 0. 0.
    0. 0. 5.70866221e-004 0. 5.13997255e-003 9.53813549e-003 0. 0.
    1.53054891e-003 0. 0. 1.44577306e-003 -4.48255101e-003
    8.47066287e-003 0. 0. 3.26155173e-003 4.18105628e-003 0. 0. 0. 0.
    8.22337251e-003 0. -1.09227712e-003 1.12396171e-002 0. 0. 0. 0. 0.
    5.49294567e-003 0. 0. 2.29071383e-003 0. 0. -1.80541945e-003 0. 0.
    0. 0. 0. 0. 0. 2.64141621e-004 3.81929474e-003 0. 0. 0.
    7.05026602e-003 0. 1.09150156e-003 2.78529758e-003 4.36222833e-003
    0. 0. 1.81647623e-003 0. -6.13150559e-003 0. 0. 0. 2.07265350e-003
    0. 0. 0. -2.95391260e-003 0. 0. 0. 0. 0. -7.09555927e-004 0.
    1.77955220e-003 0. 0. 9.41477017e-004 0. 0. 5.11435838e-003 0. 0. 0.
    3.44015309e-003 0. 0. 0. 0. 0. 0. 0. 3.16198653e-004
    -3.47548135e-004 0. 7.56794529e-004 1.47863827e-003 0. 0.
    4.81631700e-003 -8.89029470e-005 0. 4.40892670e-003 6.00616913e-004
