<?xml version="1.0"?>
<opencv_storage>
<imageDescriptor type_id="opencv-matrix">
  <rows>1</rows>
  <cols>1000</cols>
  <dt>f</dt>
  <data>
    7.13733537e-003 0. 1.00102965e-002 1.37886486e-003 0.
    6.85080793e-003 0. 0. 5.05324500e-003 0. 0. 0. 0. 0. 5.04635740e-003
    1.72245456e-003 3.66855576e-003 4.09165816e-003 3.53825046e-003
    1.32940128e-003 0. 5.51943704e-005 9.79553442e-004 0.
    6.12483534e-004 2.60891230e-003 0. 1.00030387e-002 0. 0.
    2.85748160e-003 0. 1.04560447e-003 8.94271798e-005 3.53452424e-003
    2.48948880e-003 0. 0. 7.31828436e-003 -6.06976864e-005
    1.66515145e-003 0. 0. 0. 0. 0. 0. 6.07058988e-004 0. 7.42814736e-004
    1.35041273e-003 0. 4.91759041e-003 0. 0. 0. 2.65047071e-003 0. 0.
    1.16927898e-003 1.73349501e-004 7.23118708e-003 2.47779931e-003 0.
    7.81298906e-004 2.19824049e-003 0. 0. 0. -6.75751886e-004 0.
    -4.64396458e-003 0. 8.16534366e-003 0. 1.56652171e-003 0. 0. 0. 0.
    8.35545710e-004 3.96769121e-003 3.28470161e-003 0. 1.78051589e-003
    0. 0. 0. 0. 4.22984362e-003 0. -1.54357520e-004 0. -1.06281543e-003
    0. -2.03970674e-004 8.24378245e-003 0. -1.06225978e-003
    2.97021377e-003 0. -1.48363260e-003 1.18645199e-003 0. 0.
    1.02216797e-003 2.09790398e-003 0. 0. 0. 3.57437669e-003 0.
    3.38052073e-003 0. -4.12414229e-004 3.19046387e-003 0.
    1.27636467e-003 0. -1.80737698e-003 0. 0. 4.61397646e-003 0.
    6.20381557e-004 0. 0. 0. 0. 6.74653798e-004 1.48532144e-003
    6.84553117e-004 0. 0. 0. 1.88182550e-003 0. 5.73219440e-004
    1.41619486e-004 0. 0. 0. -1.97540256e-004 0. 0. 0. 2.03703088e-003
    0. 1.92609255e-003 0. 0. 0. 0. -4.21867822e-004 2.32627871e-003 0.
    0. 2.93883705e-003 -9.24646331e-004 0. 6.69900421e-003 0. 0.
    2.65074475e-003 0. 0. -3.10744013e-004 0. -2.78013758e-003 0. 0. 0.
    3.89436173e-004 -7.06576247e-005 1.11430488e-003 2.21753330e-003
    7.27796811e-004 0. 0. 4.48023155e-003 0. 0. 0. 4.50517749e-004
    9.81888035e-004 8.15559644e-004 0. 2.82594189e-003 -2.64161528e-004
    1.49229518e-003 0. 5.33625437e-003 6.66974578e-003 0.
    9.33535304e-003 0. 9.80278756e-003 4.80942428e-003 0.
    3.38446931e-003 0. -1.35566492e-003 0. 0. 0. 0. 0. 7.89882615e-003
    0. 0. 0. 0. -3.60786624e-004 0. -6.08349219e-004 0. 6.91101770e-004
    1.32173323e-003 0. 0. 0. 1.85638224e-003 2.94503244e-003 0. 0. 0. 0.
    6.24154636e-004 0. 0. 0. 2.79811071e-003 6.77905837e-003
    5.22782281e-003 0. 0. 0. 0. 0. 5.73399430e-003 0. 0. 2.37335777e-003
    9.09240553e-005 5.53163840e-003 0. 2.86578387e-003 0. 0. 0. 0. 0.
    -2.41202710e-004 5.56663494e-004 1.94420374e-003 3.07283527e-003
    -3.71941511e-004 0. -3.93079221e-003 0. 0. 0. -2.75302882e-005 0. 0.
    2.44872808e-003 0. -2.17261910e-003 0. 0. 0. -9.92667396e-004
    9.71053960e-004 -3.08678206e-003 7.14512030e-003 0. 0. 0. 0. 0.
    7.42390752e-003 0. 7.28477398e-003 1.76809006e-003 0. 0. 0.
    2.04429249e-004 1.17017841e-003 0. 0. 0. 0. 1.40799547e-003
    6.03002310e-003 2.67267763e-003 0. 1.15943644e-002 0. 0.
    -8.94061814e-005 2.56552221e-003 0. 0. -2.88519630e-004 0.
    1.72172359e-003 0. 0. 0. 0. 1.98868290e-003 0. 0. 0. 2.01282487e-003
    1.13883824e-003 2.50922772e-003 4.37158713e-004 5.06775628e-004 0.
    0. 0. 1.96717982e-003 0. 3.46060749e-003 0. 3.22250836e-003 0.
    7.19944015e-004 0. 0. 0. 1.45088881e-003 2.11114697e-002 0.
    -1.72776636e-003 0. 0. 9.50708694e-004 6.67948183e-003
    4.95966058e-003 8.20317771e-004 3.74082290e-003 0. 0.
    4.26020101e-003 9.96952222e-005 2.86375568e-003 1.62616721e-003
    3.49662406e-003 1.15572324e-003 0. 0. 0. 0. 3.96251198e-005 0.
    6.05209358e-003 1.22398103e-003 2.09516403e-003 5.41332527e-004 0.
    8.34302453e-004 0. -1.22284982e-003 0. 0. 3.30552040e-003 0.
    2.30617286e-003 1.44137780e-003 0. 3.04091186e-003 0.
    4.37797513e-003 3.15080816e-003 0. 3.04171816e-004 0.
    6.30666153e-004 0. 2.38118949e-003 0. 9.69970773e-004
    -1.11616775e-003 0. 2.44139670e-003 9.02355090e-003 0. 0. 0. 0. 0.
    0. 0. 0. 5.94385318e-004 1.18525070e-003 0. 0. 2.18658312e-003
    -4.43884521e-004 0. 1.61001564e-003 0. 5.66970650e-003
    4.31199977e-003 0. 0. 0. 0. 4.39826073e-003 0. 2.12180242e-003
    8.83977918e-004 0. 0. 3.55709950e-003 -6.56919437e-004
    -1.15578785e-003 5.72908670e-004 8.19531642e-003 5.81650529e-004
    1.69988885e-003 -7.45168654e-004 0. 0. 1.40315993e-003 0. 0.
    4.81204130e-003 1.69766101e-003 0. -9.09862938e-005 1.59897457e-003
    0. 1.26702955e-003 0. 0. 4.61503584e-003 0. 0. 0. 0. 0. 0.
    3.31907230e-003 0. 0. 0. 0. 4.30340006e-004 0. -6.04591100e-004
    7.72950531e-004 0. 0. 0. 3.47767305e-003 0. 1.10869086e-003
    1.05941435e-003 2.07236968e-003 0. 0. 9.78339463e-004 0.
    2.91146524e-003 0. 0. 5.55634731e-003 7.66042678e-004
    -6.44441898e-005 0. 0. 0. 7.55586545e-004 3.31478193e-003 0. 0.
    1.42233046e-002 9.42742545e-003 -4.45824699e-004 0. 0. 0. 0. 0.
    9.01808217e-003 0. 3.89157503e-004 0. 1.97699922e-003
    3.91951157e-003 0. 0. 0. 0. 0. 5.91388391e-003 0. -1.56380876e-004
    3.95743595e-003 1.04466025e-002 0. 0. 0. 0. 0. 1.77965721e-003
    2.62314430e-003 0. -3.68363631e-004 4.81578615e-003 0.
    7.67883472e-003 -5.13427483e-004 0. 8.76133272e-004 0.
    1.25582516e-003 -1.15075707e-003 0. 4.27538715e-003 3.93110933e-003
    9.39497538e-003 0. 0. 1.24599226e-003 7.53980421e-004 0. 0. 0. 0. 0.
    0. 5.15798433e-003 1.15730623e-002 0. 3.97121208e-003 0.
    4.56456887e-003 3.43994529e-004 0. 5.23840485e-004 0. 0.
    2.45734886e-003 2.16763746e-003 0. 0. 0. 0. 0. 0. 1.31725054e-003 0.
    0. 8.51346273e-003 0. 2.31454917e-003 0. 5.76387509e-004 0. 0. 0. 0.
    1.55914109e-003 1.06986344e-003 1.11167156e-003 1.47584896e-003
    3.45588615e-003 0. 5.68029704e-003 -6.19513914e-004 0. 0. 0. 0.
    1.95008703e-003 -1.16615300e-003 1.96886994e-003 0. 0. 0. 0. 0.
    2.10338435e-003 0. -4.02195583e-004 0. 0. 1.33139465e-003
    -2.25018314e-003 0. 0. -1.04528165e-003 0. 0. 0. 0. 0. 0. 0.
    -1.00232242e-003 0. 1.27865653e-002 3.75865353e-003 0.
    4.36537812e-004 0. 3.74700758e-003 0. 0. 0. 0. -5.44574694e-004
    2.00691447e-003 1.38193893e-003 0. 0. 0. 8.93283822e-003 0.
    2.18137284e-004 0. 1.73162820e-003 0. 5.77037875e-003
    7.77848298e-004 3.01951193e-003 0. 0. 0. -6.19773520e-004
    9.15343233e-004 0. 0. 1.20858185e-003 0. 0. 0. 0. 0. 1.81073393e-003
    0. 1.70966366e-003 3.96421412e-003 -1.38411776e-003 0.
    7.96142631e-005 6.26045919e-004 0. 2.28968123e-003 1.43605145e-003
    0. 0. 2.93938094e-003 2.26364285e-003 0. 0. 1.32688135e-003
    3.09178955e-003 0. 0. 0. 0. 1.25272200e-003 0. 0. 0. 0. 0. 0. 0. 0.
    0. 0. 0. 0. 2.87050614e-003 0. 4.46152641e-003 0. 1.09094777e-003 0.
    1.94779219e-004 0. 8.48426134e-004 2.03645020e-003 0. 0.
    3.88552202e-004 1.14036899e-003 0. 0. 0. 0. 0. 0. 1.82924513e-003
    9.91599821e-003 -1.18935760e-003 1.95837463e-003 6.73180970e-004 0.
    0. 2.25371937e-003 0. 0. 0. -5.85324015e-004 4.87528829e-004 0. 0.
    0. 0. 0. 0. 2.17198790e-003 6.32596156e-003 7.99981132e-003
    1.15459959e-003 5.84081339e-004 1.69347483e-003 4.47704360e-006
    2.08651135e-003 0. 0. 0. 0. 0. 1.12432381e-003 0. 0.
    -8.77839222e-004 7.78254354e-004 5.74478472e-004 0. 1.07925525e-003
    0. 2.18658498e-003 0. -5.11290564e-004 0. 0. 1.13703997e-003 0. 0.
    0. 0. 3.47011810e-004 0. 0. 0. 5.11811627e-003 3.16761527e-003 0.
    5.94817277e-004 0. 0. 4.35251364e-004 6.08982111e-004
    2.49414565e-003 4.04978673e-005 0. -1.37737603e-003 0. 0. 0.
    1.84042891e-003 0. 6.23466587e-003 0. 0. 9.32099938e-004
    8.63809721e-004 0. 0. 0. 0. 0. 0. 0. 8.23376887e-003 1.03614561e-003
    8.57680338e-004 0. 0. 2.68918998e-003 7.10989488e-003
    4.26008552e-003 0. 0. 2.44249217e-003 0. 7.82103650e-003
    -9.52860981e-004 6.78731455e-003 0. 2.39146859e-004 7.67473655e-004
    0. 0. 1.39162608e-003 0. 0. 0. 4.61670745e-004 5.18783461e-004 0.
    1.29148329e-003 0. 0. -1.79507118e-003 0. 0. 0. 0. 0. 0.
    3.93726776e-004 0. -9.15077399e-004 5.11821453e-003 0. 0. 0. 0.
