<?xml version="1.0"?>
<opencv_storage>
<imageDescriptor type_id="opencv-matrix">
  <rows>1</rows>
  <cols>1000</cols>
  <dt>f</dt>
  <data>
    3.35548213e-003 0. 6.69746194e-003 0. -3.65619548e-004 0.
    2.67835829e-004 0. 9.49515868e-003 0. 0. 0. 0. 0. 0. 0.
    8.38061445e-004 0. 0. 0. 0. 0. 4.14630119e-003 0. 0. 1.71571178e-003
    2.63270154e-003 0. 0. 8.56575277e-003 1.79650355e-003
    3.46553768e-003 -1.66575669e-003 0. 1.95601460e-004 0.
    6.54248579e-004 1.06172427e-003 2.28367117e-003 0. 2.26539839e-003
    0. 4.70218773e-004 1.40218530e-003 6.87902037e-004 0. 0.
    -2.46992963e-003 2.08745734e-003 -2.22291914e-003 0. 0.
    -8.38049571e-004 0. 0. 0. 0. 0. 0. 5.40318061e-003 0.
    3.34031676e-004 0. 0. 0. 0. 0. 6.13412063e-004 3.48675461e-003
    3.19806510e-003 2.47311965e-003 1.80476648e-003 0. 2.76203733e-003
    0. 0. 1.51286996e-003 0. 0. 0. 0. 0. 4.52968478e-003 0. 0.
    -3.49554280e-003 0. 1.63856219e-003 0. 2.09375541e-003 0.
    7.80202681e-004 0. 0. 0. 0. 6.86091976e-003 0. 1.68859109e-003
    9.20320395e-003 0. 0. 0. 1.80190417e-003 0. 0. 3.39909876e-003 0.
    6.06275210e-003 0. 0. 0. 8.75736307e-003 1.10734683e-004
    1.20043149e-003 0. 0. 0. 3.21274344e-003 -2.31679226e-003 0. 0. 0.
    0. 0. 0. 0. 0. 0. 0. 0. 0. 0. 7.85265956e-003 0. 0. 0. 0.
    4.30955971e-003 0. 0. 0. 0. 1.88568665e-004 -3.55022936e-003
    2.78193527e-003 0. 7.56938802e-003 4.60171234e-003 1.30408129e-003
    0. 0. -4.15688875e-004 -1.46143651e-003 6.96219911e-004 0. 0. 0. 0.
    0. 0. 0. 5.34709962e-003 0. 0. 0. 1.53012509e-002 2.04759417e-003
    1.18202479e-005 0. 1.18934270e-003 2.08939449e-003 0.
    2.70957127e-004 0. 0. 4.09162464e-003 0. 0. 1.16560805e-004 0.
    5.42103639e-003 0. 0. 0. 0. 0. 9.93594527e-004 0. 0. 2.64598127e-003
    -3.84743151e-004 0. 2.58752820e-003 0. -1.38958159e-003 0.
    -2.31821928e-003 6.44879462e-003 0. 0. 1.68294657e-003 0.
    9.28317022e-004 0. -1.28793425e-003 0. 1.18908659e-003 0.
    6.70361798e-004 -5.50467812e-004 3.03512847e-004 5.12207905e-003 0.
    2.93878629e-003 0. 0. 1.61308330e-003 3.38662387e-004 0. 0.
    1.59076229e-003 -3.98562150e-003 0. 0. 0. 2.76463013e-003 0. 0.
    3.21585755e-003 0. 9.71062618e-005 7.70100509e-004 0. 0. 0. 0.
    5.11706620e-003 0. 0. 0. 3.11151287e-003 0. 0. 0. 0. 2.47005234e-003
    0. 0. 1.04329446e-002 9.86780692e-003 3.37557215e-003 0. 0. 0. 0.
    -2.33661477e-003 0. 9.90869664e-003 0. 0. 4.35150461e-003 0.
    6.17178914e-004 0. 7.51936389e-003 -7.18960946e-004 0.
    9.58796684e-003 0. 0. 1.31169963e-003 2.29061884e-003
    6.49861933e-004 8.88790353e-004 1.81889883e-003 1.25154387e-004
    5.96534461e-004 0. 2.29537697e-003 7.16642756e-003 0.
    1.27482908e-002 6.54472271e-003 0. -3.83149105e-004 0. 0.
    4.97561321e-003 0. 2.28313846e-003 5.47590433e-004 2.70068151e-004
    0. 0. 0. 0. 0. 3.25397193e-003 0. 0. 0. 0. 2.92691635e-003 0. 0. 0.
    0. 4.64831450e-004 -2.68439855e-003 0. -1.34858827e-003 0.
    2.21760524e-003 0. 6.59782812e-003 0. 0. 0. 5.59630524e-003
    -5.53509686e-004 8.72858393e-004 1.81502546e-003 0. 0. 0. 0.
    1.21857692e-003 -7.08908599e-004 2.41458626e-003 0. 7.10324571e-003
    2.37020920e-003 9.44721047e-004 2.08954397e-003 9.82658705e-004
    1.88475917e-003 1.00132124e-003 8.62377789e-003 0. 0. 0. 0.
    2.79576308e-003 0. 0. 8.94152618e-004 6.17252081e-004 0. 0.
    3.68949678e-003 0. 0. 0. 0. 6.10088883e-003 0. 0. 0. 0. 0. 0. 0. 0.
    0. 0. 0. 0. -2.79815705e-003 0. 7.68463768e-004 0. 0. 0. 0.
    -5.47364180e-004 2.26680096e-003 8.57370673e-004 0. 0.
    1.47494872e-003 -4.39442578e-004 0. 0. 0. -5.38855325e-004
    9.86328162e-003 0. -1.30667223e-003 0. 4.25946154e-003
    2.36653909e-003 0. 4.32358356e-003 0. 0. 0. 0. 0. 0. 0.
    2.42129492e-004 1.08960941e-002 9.65848565e-004 5.65785356e-003 0.
    0. 0. 0. 0. 0. 0. 0. 0. 0. 1.00245886e-002 0. 5.76183805e-003 0.
    2.38305307e-003 0. 0. 1.88853347e-003 2.44398043e-003 0.
    2.00665626e-003 4.06264444e-004 1.76888087e-003 3.57350544e-003
    3.33128264e-003 3.01483856e-003 0. 0. 0. 9.50459740e-004 0.
    -1.33695197e-004 0. 0. 0. 0. 0. 1.85764872e-003 5.45449264e-004 0.
    0. 5.34647889e-003 7.41240336e-003 0. 0. 0. 0. 0. 0. 2.46496318e-004
    0. 0. 0. 0. -3.60919919e-004 0. 0. -2.51338442e-005 -1.48920066e-004
    0. 0. -1.34818570e-003 0. 0. 9.92548885e-004 0. 0. 0.
    1.14632107e-003 0. 6.43804146e-004 0. -8.32645979e-004 0. 0.
    5.48001239e-003 0. -2.02021119e-003 2.89511448e-003 0. 0. 0. 0.
    7.69735826e-003 0. 0. 0. 0. 0. 0. 0. 0. 5.41368639e-003 0.
    1.58553559e-003 0. 0. 1.96637399e-003 9.60290316e-004
    8.78931303e-003 0. 0. 4.45830589e-003 1.38520205e-003 0.
    2.31716689e-003 9.58205492e-004 0. 5.08935144e-003 0.
    2.41211127e-003 0. 0. -2.65357946e-003 0. 0. 0. 0. 0.
    1.15939109e-002 3.44472169e-003 0. 0. 0. 0. 5.53326868e-003 0. 0. 0.
    0. -8.17468390e-004 3.88722122e-003 6.78084465e-003 -1.25917455e-003
    9.34001349e-004 1.05216596e-002 8.36468942e-004 0. 0.
    7.22869183e-004 1.86140009e-003 0. 0. 2.65655341e-003
    4.18443262e-004 0. 0. 0. 0. 1.49245933e-003 0. 0. 4.64625948e-004 0.
    0. 0. 6.23351429e-003 0. 0. 5.96952671e-003 0. 0. 0. 0. 0.
    2.83682765e-003 0. -4.75483394e-004 0. 6.24501985e-003 0. 0.
    -3.80221667e-004 1.85797876e-003 0. 1.08965219e-003 -1.04011607e-003
    0. -2.98941508e-003 0. 1.22574077e-003 0. 0. 0. 2.38561840e-003
    2.51681777e-003 0. 0. 7.56687112e-003 0. 0. 0. 0. 5.34559088e-003 0.
    3.26242857e-003 0. 0. 0. 0. 3.27242981e-003 1.73526321e-004
    4.20168322e-003 5.32627048e-004 1.29958978e-002 0. 0.
    1.88975129e-003 1.00919046e-003 0. 0. 0. 2.23644078e-003 0. 0.
    7.85525609e-003 0. 0. 0. 0. 0. 0. 1.08791015e-003 -5.81865665e-004
    0. 0. 0. 0. 1.55755412e-003 0. 0. 0. 0. 0. -7.78307804e-005 0. 0.
    1.18887387e-002 0. 4.42478014e-003 2.33961502e-003 0.
    1.01661333e-003 3.10149300e-003 0. 0. 6.27636211e-004 0.
    8.38681962e-003 6.36645127e-004 1.25798059e-003 3.96062015e-003
    2.23226892e-003 0. 0. 0. 0. 0. 0. 0. 0. 2.50871037e-003 0. 0.
    2.75932043e-003 0. 5.93256485e-003 0. 2.47550453e-003 0.
    1.39877864e-003 2.57509062e-003 0. 0. 3.89881083e-003 0. 0.
    8.70098732e-003 4.39756736e-003 0. 0. 0. 0. 0. 9.26804170e-003 0. 0.
    0. 9.41930618e-003 0. 3.04260902e-004 0. 0. 0. 5.00393752e-003 0.
    1.86547497e-003 4.27916134e-003 8.55724211e-004 2.50433083e-003 0.
    3.29203228e-003 0. 1.35502929e-003 0. 0. 0. -3.48055095e-004
    -5.45659022e-005 0. 0. 0. 0. 4.63938253e-004 5.97459404e-003
    -1.24883675e-003 8.52322904e-004 0. 0. 1.23367691e-003 0. 0. 0. 0.
    0. 0. 2.67009367e-003 0. 0. 7.98713700e-007 1.92196318e-003
    3.52334091e-003 0. 0. 0. 0. 0. 0. 0. 0. 8.94864462e-003 0. 0. 0. 0.
    5.07582352e-003 0. 0. 0. 0. 0. 0. 0. 0. 0. -1.48837004e-004 0. 0.
    6.52135536e-003 -2.09764039e-004 0. 3.06975748e-003 3.41496966e-003
    0. 0. 1.01204310e-003 0. 0. 0. 1.10863366e-004 7.84245669e-004 0. 0.
    5.55995619e-003 0. -5.60211309e-004 0. 0. 2.53346807e-004 0. 0.
    4.85146139e-003 0. 9.60009173e-003 0. 0. 0. 0. 4.37397975e-003 0. 0.
    0. 0. 2.04320392e-003 2.50786310e-003 0. 3.51036986e-004 0.
    1.56094378e-003 0. 0. 3.76022467e-003 0. 6.78821746e-003 0. 0.
    1.22760818e-003 -3.67515808e-004 0. -9.99722164e-004
    -1.11422525e-003 1.00169133e-003 0. 2.10043183e-003 0. 0. 0.
    9.67224129e-004 0. 1.39306148e-003 1.59129582e-003 0. 0. 0.
    2.91693350e-003 0. 0. 2.86997831e-003 0. 7.84294214e-004
    5.50783239e-003 0. 5.71218971e-003 0. 0. 3.61116766e-003 0.
    6.57145306e-003 0. 4.79172869e-003 0. 1.47611636e-003 0.
    -3.53759533e-004 0. 0. 8.71371129e-004 0. 0. 2.82273133e-004 0. 0.
    0. 0. 0. -1.35326595e-003 0. 0. 0. 0. 0. 0. 0. 0. 1.05439196e-003
    -2.64975219e-003 0. 0. 4.07698937e-003 0. 2.79279286e-003 0.
    2.05409643e-003 0. 0. 2.32673110e-003 0. 1.89229555e-004 0.
    -1.11109170e-003 0. 0. 1.29614247e-003 0. 7.07635074e-004
    1.78583339e-003 0. 0. 0. 0. 0. 0. 0. 1.00741489e-003 3.23122018e-004
