<?xml version="1.0"?>
<opencv_storage>
<imageDescriptor type_id="opencv-matrix">
  <rows>1</rows>
  <cols>1000</cols>
  <dt>f</dt>
  <data>
    9.61778744e-004 0. 0. 0. 0. 0. 0. 0. 0. 0. 0. -1.58179773e-003 0. 0.
    0. 8.47884687e-004 5.79745974e-004 5.06990263e-003 0. 0. 0. 0.
    6.81467261e-003 1.96519104e-004 8.61694512e-004 2.01292150e-003 0.
    0. 0. -2.71347730e-004 -8.54632992e-004 0. 0. 1.49026595e-003
    -1.18856058e-002 0. -1.12575560e-003 9.13659576e-004 0.
    -6.43942030e-006 3.84991500e-003 4.38599242e-003 -1.89540093e-004 0.
    0. 0. -2.48832977e-004 1.10399658e-002 0. 0. 1.57266227e-003 0.
    -1.04279339e-003 0. 0. 0. 5.81142725e-004 0. 0. 0. 0.
    2.41092150e-003 7.17482204e-003 0. 0. 0. 4.27944772e-003 0.
    4.33062064e-003 6.31174305e-003 0. 7.52451317e-003 0.
    1.24483928e-002 0. -2.86698458e-004 -5.69881755e-004 0. 0. 0.
    2.31742417e-003 0. -3.74136289e-004 0. 0. -3.19451137e-005 0. 0. 0.
    0. 8.05244595e-003 0. 0. 0. 0. 0. -9.73656250e-004 0. 0. 0. 0.
    1.82066292e-001 0. 0. 0. 2.56813597e-003 0. 6.51655300e-003 0. 0. 0.
    0. 0. 0. 0. 0. 0. -2.29263678e-003 0. -5.95748378e-003 0.
    8.09709076e-003 0. 0. 7.77330482e-003 0. 0. -4.20738291e-003 0. 0.
    1.34584855e-003 1.51706568e-003 0. 0. 0. 1.93600648e-003 0. 0.
    1.32456180e-002 0. 0. 0. 0. 0. 0. 0. 0. 4.07783268e-003 0. 0. 0. 0.
    -1.85341778e-005 0. 0. 0. 0. 0. 2.49991252e-004 0. 5.01704682e-003
    0. 0. 5.50210290e-003 0. 0. 0. 0. 1.19063807e-004 7.81649316e-004
    1.29190204e-003 0. 0. 5.81583427e-003 2.01290869e-003 0. 0. 0.
    2.20635277e-003 -2.17416673e-003 0. 0. 0. 0. 0. 0. 1.66961970e-003
    6.91342540e-003 6.88826840e-004 0. 0. 0. 0. 0. 2.62031099e-004 0.
    5.73310442e-003 0. 0. -1.40016351e-003 0. 5.92085766e-003 0. 0. 0.
    0. 0. 2.41269730e-003 0. -1.02383120e-003 0. 0. 0. 0. 0.
    6.93831407e-003 0. 0. 0. 0. 1.33320754e-002 0. 3.28238215e-003
    4.39993059e-003 0. 4.39732568e-003 0. 2.32875301e-003 0. 0. 0.
    5.46834944e-003 8.48122220e-003 0. 0. 0. 0. 1.65718514e-003
    1.55805843e-003 0. 0. 1.73051259e-003 0. 0. 0. 2.62136664e-003 0. 0.
    0. 3.24172061e-003 0. 0. -2.88871769e-003 0. 0. 9.82495956e-003 0.
    0. -3.56907584e-003 0. 0. 0. 9.06121917e-003 0. 1.79944970e-002 0.
    2.67805601e-003 0. 0. 0. 0. 6.41589984e-004 0. 3.28671956e-003
    1.65695306e-002 0. 1.61025301e-003 0. 0. 0. 1.29557203e-003 0.
    1.36440771e-003 0. 0. 0. 0. 0. 0. 0. 0. 6.93897775e-004 0.
    4.46564285e-003 0. 0. 4.74587985e-004 0. 0. 9.08527931e-004 0. 0. 0.
    0. 5.80423861e-004 0. 0. 0. 0. 0. 5.96100278e-003 0. 0. 0. 0. 0.
    -8.32651451e-004 0. 0. 0. 0. 0. 0. -2.22005183e-004 0.
    -1.03592291e-004 0. 1.21751232e-002 5.63490612e-004 0. 0. 0. 0. 0.
    1.45488814e-003 0. 0. 2.72753648e-003 0. 0. 8.47602088e-004 0. 0. 0.
    3.34891188e-003 0. 4.12890688e-003 0. 0. 0. 3.29542859e-003 0. 0. 0.
    0. 0. 0. 0. 2.84722797e-003 0. 0. 0. 0. 0. 0. 1.81702862e-003 0.
    2.66007008e-003 0. 0. 0. 0. 0. 0. 0. 0. 0. 1.06251694e-003
    4.76009399e-003 0. 0. -3.34805176e-002 0. 6.55648625e-003 0.
    1.76047592e-003 0. 0. 5.30251954e-003 2.78534507e-003 0.
    2.06370070e-003 0. 0. 0. 0. 0. 1.20787020e-003 9.36556025e-004 0. 0.
    0. 0. 0. 5.67240408e-003 3.57820792e-003 2.35537253e-003 0. 0. 0. 0.
    0. 0. 0. 1.87694072e-003 0. 0. 0. 0. 0. 2.69966922e-003 0. 0.
    2.32704202e-004 0. 7.84716569e-003 0. 0. 0. 0. 8.27655953e-004 0.
    2.30982364e-003 0. 0. 2.87181558e-003 7.68434862e-003 0. 0. 0. 0. 0.
    0. 0. 0. 0. 3.03002144e-003 1.20594073e-002 0. 0. 0. 0. 0. 0. 0. 0.
    0. 0. 0. 0. 0. 0. 1.70068594e-003 3.45404050e-003 0. 0. 0. 0.
    3.37542570e-003 0. -4.07474960e-004 8.69422499e-003 2.23314576e-003
    2.22757016e-003 0. 1.01564638e-003 0. 0. 0. 0. 0. 1.39642972e-003
    9.27643478e-003 9.96933668e-004 0. 0. 0. 0. 0. 0. 0. 3.15028778e-003
    1.43828557e-003 2.10836250e-003 1.03280907e-002 4.80442541e-003 0.
    0. 7.06120278e-004 0. 0. 0. 0. 0. -3.43267631e-004 -7.39534386e-004
    0. -1.25730864e-003 2.05914513e-003 0. 0. 0. 0. 0. 9.27581859e-004
    0. -3.36985732e-003 2.65604048e-003 7.98258348e-004 -1.09320297e-003
    0. 0. 3.11471405e-003 0. 0. 0. 0. 0. 0. 0. 0. 2.29540328e-003 0. 0.
    0. 1.30819029e-003 0. 0. 4.59008617e-003 -2.49024620e-003
    5.59819443e-003 1.89065980e-003 1.68291084e-003 -4.73071035e-004 0.
    6.55463140e-004 0. 0. 0. 0. 0. 0. 0. 0. 0. 0. 0. 0. 0.
    2.08903896e-003 0. 0. 0. 0. 0. 0. 0. 0. 0. 0. 0. 0. 1.70845698e-004
    0. 0. 1.06307250e-002 0. 0. 0. 1.15870638e-003 0. 0. 2.54827901e-003
    3.32419178e-003 0. 0. 0. 0. 0. 0. 0. 0. 0. 4.46668681e-004 0. 0. 0.
    3.61761497e-003 0. 0. 4.72835219e-003 0. 0. 1.07362855e-003 0. 0. 0.
    0. 0. 8.88815324e-004 0. 0. 0. 0. 0. 0. 7.88681768e-003
    1.36835948e-002 0. 0. 0. 1.23403489e-003 0. 0. 1.39776221e-003 0. 0.
    1.51586792e-004 0. -8.24558781e-004 0. 0. 0. -6.76916679e-004 0.
    -8.07144213e-004 1.03852979e-003 0. 0. 0. 7.14364505e-005 0. 0. 0.
    0. 0. 4.22637677e-003 0. 1.69206015e-003 0. 0. 0. 6.01420412e-003 0.
    0. 1.75737706e-003 -1.64074264e-003 0. 0. 0. 1.97990029e-003 0. 0.
    6.80159358e-003 0. 0. 4.58697556e-003 0. -1.48270046e-003 0. 0. 0.
    0. 0. 1.92478194e-003 4.58441966e-004 0. 4.16560750e-003 0.
    3.19671561e-003 0. 0. 0. 0. 0. 0. 0. 0. 0. 0. 0. 0. 0. 0. 0. 0. 0.
    1.70501210e-002 0. 0. 0. 6.92684669e-003 7.14251632e-003 0. 0.
    1.39965478e-003 0. -1.73141307e-003 0. 0. 5.48954075e-003 0.
    7.72084459e-004 0. 0. 0. 3.03546106e-003 0. 0. 0. 0. 0.
    6.50482811e-003 4.60868003e-003 1.68865477e-003 0. 2.34402716e-003
    0. 0. 0. 0. 0. 0. -1.01168558e-003 0. 9.82170313e-005 0.
    3.54259834e-003 0. 0. 0. 0. 0. 0. 0. 0. 0. 0. 0. 7.96158705e-003 0.
    0. 4.83524660e-003 0. 2.87074572e-003 0. 2.29198672e-003 0. 0.
    1.50956726e-003 0. 0. 0. 4.48295847e-003 2.95382086e-003
    1.84618880e-003 0. 3.04719340e-003 2.92601367e-003 0. 0. 0. 0. 0. 0.
    0. 2.13627610e-003 0. 0. 0. 0. 0. 0. 2.82657729e-003 0.
    3.49590380e-004 0. 4.69848560e-003 0. 0. 1.48087344e-003 0. 0. 0. 0.
    2.98212864e-003 -4.08662396e-004 0. 2.28038104e-003 8.37598927e-003
    0. 9.78554226e-003 7.14733847e-004 0. 0. 1.32861664e-003 0. 0. 0.
    6.52711140e-004 0. 0. 0. 0. 1.28100385e-006 9.49797453e-004
    1.83854066e-003 0. 4.45737643e-003 0. 0. 0. 2.37972056e-003 0.
    -1.95516832e-003 4.54115076e-003 0. 0. 0. 0. 0. 0. 0.
    4.74628527e-003 0. 0. 0. 0. 3.03779845e-003 2.41400069e-003 0. 0.
    1.55693456e-003 0. 0. 0. 2.45356513e-003 0. 0. 2.63907528e-003
    7.46167684e-003 3.24689480e-003 0. 0. 0. 3.73954955e-003 0. 0. 0. 0.
    1.05487579e-003 0. 0. 4.77092923e-004 0. 1.02033163e-003 0. 0. 0. 0.
    0. 0. 0. 0. 0. 0. 0. 0. 4.09960933e-003 1.79272855e-003 0. 0. 0. 0.
    0. 0. -1.10157335e-003 0. 0. 0. 0. 0. 1.30437023e-003 0. 0. 0. 0.
    3.01162084e-003 -2.48271064e-003 0. 0. 0. 0. 0. 0. 1.50020821e-002
    0. 0. 0. 0. 0. 0. 0. 0. 0. 0. 0. 4.79880301e-003 0. 4.39202040e-003
    0. 0. 0. 6.30771695e-003 0. 0. 0. 0. 0. 6.11385563e-003 0. 0. 0. 0.
    9.54154762e-004 0. 5.39859431e-003 1.37176516e-003 2.36260146e-003
    0. 1.96105149e-003 0. 5.95187675e-003 -3.92191956e-004 0. 0.
    1.94075983e-003 0. 0. 0. -2.08631344e-003 0. 0. 0. 0. 0. 0. 0. 0. 0.
    0. 0. 0. 0. -4.36980976e-004 0. 4.78649046e-004 0. 0. 0. 0.
    -1.00130841e-004 0. 2.99156569e-002 0. 0. 2.00742134e-003 0.
    5.45496994e-004 0. 0. 0. 1.63873378e-003 5.84553881e-003 0. 0. 0. 0.
    4.12343070e-003 0. 2.18591373e-003 0. 0. 3.95088037e-003
    3.10464832e-003 0. 2.01730430e-003 0. 0. 0.</data></imageDescriptor>
</opencv_storage>
