<?xml version="1.0"?>
<opencv_storage>
<imageDescriptor type_id="opencv-matrix">
  <rows>1</rows>
  <cols>1000</cols>
  <dt>f</dt>
  <data>
    1.28252315e-003 9.53810988e-004 4.23393911e-003 0. 0. 0. 0. 0.
    -2.19343393e-003 5.45873947e-004 5.58943546e-004 2.00556551e-005
    5.24460664e-003 0. 0. 5.96415065e-003 0. 0. 0. 0. -6.29278657e-004
    1.18808146e-003 1.27788342e-003 0. 0. 0. 0. 1.40124321e-004 0.
    4.15819651e-003 0. 5.66248316e-004 3.18508792e-005 0. 0. 0.
    -1.94461056e-004 2.20805779e-003 -6.38294732e-005 1.85031851e-003 0.
    0. 0. 0. 1.48075851e-004 0. 0. 0. 8.57164414e-005 -2.54551810e-003
    7.02368270e-004 2.98052724e-003 3.81634058e-003 0. 0. 0. 0.
    -5.92505326e-004 0. 7.41331559e-003 -3.59920756e-004 1.06302451e-003
    -5.96778409e-004 5.82834985e-003 0. 0. 1.55211799e-003 0.
    -1.79143331e-003 1.31663913e-003 0. 1.99788692e-003 0.
    1.05088707e-002 0. 2.58508720e-003 -4.27973340e-004 0. 0.
    -1.15657237e-003 9.80210491e-003 8.04990437e-003 8.73384706e-004
    3.21028579e-004 3.87781707e-004 0. 0. -1.31511083e-003 0.
    4.69122268e-003 0. 0. 0. 3.51041905e-003 0. 4.55375382e-004
    -9.78384051e-004 5.75572904e-003 -1.61869870e-003 1.11411819e-002 0.
    0. 5.35477127e-004 7.29762367e-004 0. 7.87529629e-004
    1.33038510e-003 0. -3.46687855e-004 -2.48948782e-004 1.75339275e-003
    0. 4.11620038e-003 4.18639416e-003 3.66854295e-003 8.06404394e-004
    0. 0. 2.00916338e-003 0. 3.94438888e-004 0. 0. 5.78763988e-003 0. 0.
    0. 1.98342931e-003 0. 0. 0. 0. 0. 3.91679676e-003 0. 0. 0. 0.
    1.40087202e-003 1.37820817e-003 0. 0. 0. 0. 3.40548402e-004 0. 0.
    6.83664985e-004 0. 7.47138984e-005 2.53452011e-003 0.
    2.68716016e-003 1.10775395e-003 -4.49603598e-004 0. 0. 0. 0.
    5.61433961e-004 0. 4.16863896e-003 7.49878446e-003 0. 0. 0.
    5.41042583e-003 0. 6.59176585e-005 0. 0. 0. 7.41023920e-004 0. 0.
    5.53561654e-003 7.46739213e-004 7.35974126e-003 0. 6.13113982e-004
    0. 0. 1.91656698e-003 1.09079517e-002 0. 0. 2.83354125e-003
    4.44060983e-003 -3.88409913e-004 0. 5.54706110e-003 -1.07843045e-003
    4.43020184e-003 0. -9.48158791e-004 0. 1.57476316e-004
    9.80711891e-004 0. 0. 1.26930804e-003 0. 5.71305584e-003 0. 0.
    1.82005216e-003 -3.17220401e-004 0. 0. 1.05536431e-002
    -2.55609932e-003 -1.70224393e-003 0. 0. 0. 0. -3.32735525e-003 0.
    -1.41537015e-003 0. 0. 3.90394533e-004 0. 7.26052502e-004 0. 0.
    3.62801552e-003 1.65478501e-003 0. 1.47219945e-003 -1.37464737e-003
    0. 8.98007862e-003 1.69349380e-003 0. 2.64991331e-003
    1.00291416e-003 1.12898648e-003 0. 5.97840466e-004 0.
    3.94402724e-003 2.15056096e-003 0. 0. 0. 4.56359517e-003 0. 0.
    -8.03516433e-003 -3.62202816e-004 0. 0. 0. 0. 1.23633968e-003
    1.03841559e-003 3.35787074e-003 1.53915084e-004 0. 3.47444002e-004
    0. 0. 3.29148388e-005 9.90814064e-003 -9.45047184e-004 0. 0.
    3.72606935e-003 2.04891991e-003 0. -2.08522636e-003 0.
    9.08966456e-003 3.67469271e-003 1.68561703e-003 0. 2.14838679e-003
    7.58546172e-004 0. 4.59929556e-003 0. 4.70838742e-003
    3.48926522e-003 0. 2.75710505e-003 1.72377517e-003 1.04149687e-003
    1.76893407e-003 0. 0. 1.53082408e-004 2.77372845e-003 0. 0. 0. 0. 0.
    8.58844817e-003 0. -6.55590993e-005 0. 0. 1.44426385e-003
    1.00198877e-003 0. 7.93605205e-003 2.79960711e-003 -9.22555686e-004
    2.40885327e-003 7.95654429e-004 1.96101423e-003 0. 0.
    2.55378138e-004 7.78566231e-004 1.25920249e-003 2.20096624e-003 0.
    3.80111136e-003 1.90993841e-003 5.60590997e-003 9.00346145e-004 0.
    3.76224052e-004 1.11734250e-003 0. 2.68976693e-003 1.11749629e-003
    0. 7.45588564e-004 0. -3.71975265e-003 0. 5.97920618e-004
    5.62050845e-004 0. 0. 3.63980746e-003 0. 1.26058690e-003 0.
    -2.23725545e-003 8.37114919e-003 9.05422261e-004 4.75821178e-003
    1.88813976e-003 0. 2.15596845e-003 0. 0. 0. 0. 4.08986642e-004 0.
    5.77509869e-004 2.13122717e-003 0. 0. 0. 0. 2.79227062e-003 0. 0. 0.
    3.51511780e-003 0. 1.34159077e-003 0. 0. 0. 0. 3.24732071e-004
    2.04293872e-003 0. 0. 4.06023290e-004 0. 1.41451298e-003
    2.27830256e-003 0. 0. 0. 0. 0. 1.23176826e-004 5.00323810e-003
    3.43681360e-003 3.60487931e-004 4.07451438e-003 0. -3.56407436e-005
    9.92165995e-004 9.42409597e-003 1.54095213e-003 0. 4.73232800e-003
    -1.55332367e-004 1.45835022e-003 0. 0. 2.01475760e-003 0.
    1.86726730e-003 3.85632343e-003 0. 0. 6.97692391e-003 0. 0. 0.
    4.55138134e-003 1.85630668e-003 0. 4.62065032e-003 0. 0. 0.
    6.31975941e-003 0. 0. 1.03454804e-003 3.02313035e-003 0.
    1.95072929e-003 6.13451749e-003 0. 0. 3.49983660e-004
    1.73392717e-003 3.24378861e-003 0. 0. 0. 0. 1.71857863e-003 0. 0.
    5.61048230e-003 0. 0. 0. 0. 0. 3.63082718e-003 0. 0.
    -1.91544750e-004 0. 0. -7.09572516e-004 0. 4.77370247e-003 0. 0.
    -1.42538873e-003 0. 8.18836095e-004 0. 0. 0. 0. 0. 0. 0.
    2.91969045e-003 6.59077894e-003 1.54846709e-003 0. 0. 0. 0. 0. 0. 0.
    1.61994074e-003 2.39384570e-003 0. 2.55020708e-003 0. 0.
    7.28606305e-004 4.66356426e-003 0. 2.20109127e-003 2.88981944e-003
    0. 1.62289056e-004 0. -5.86991780e-004 0. 1.09055860e-003 0. 0. 0.
    0. 0. 2.97214952e-004 -1.40268670e-003 2.49510491e-003 0.
    2.12228741e-003 5.10721887e-003 0. 3.36900447e-003 4.09235759e-003
    0. 0. 0. 0. 3.64209549e-003 8.67089024e-004 0. 2.00049556e-003 0. 0.
    -7.73618056e-004 0. 6.89211418e-004 -1.47025159e-004 0.
    6.28019741e-004 0. 0. -4.81454510e-004 -1.46394281e-003
    1.83901214e-003 0. 0. 0. 0. 0. 8.89778486e-004 8.02228926e-004 0. 0.
    0. 1.48495848e-004 2.20625428e-003 -5.85616450e-004 -7.59995426e-004
    3.91049730e-003 1.24376197e-003 0. 0. 1.36435134e-002 0.
    1.33235182e-003 3.12877889e-003 2.09146249e-003 0. 9.83061385e-004
    0. 0. 0. 0. 0. 5.97822655e-004 0. 3.11985007e-003 2.10224331e-004
    1.56100339e-003 0. -1.45018147e-003 0. 0. 0. 0. 0. 0.
    3.81545629e-003 0. -6.62849518e-004 -1.53458409e-003 0.
    2.30062680e-004 0. 0. 2.03964743e-003 0. 0. 0. 5.69805922e-003
    1.64507865e-003 0. 1.40788592e-003 0. 1.28532387e-003 0. 0. 0. 0. 0.
    2.39328225e-003 2.67956243e-003 0. 0. 0. 0. 3.47663974e-003
    9.18312988e-004 -9.71234578e-004 9.73278075e-005 1.78515562e-003
    3.60203977e-003 1.95284653e-003 1.60022615e-003 3.96575732e-003
    4.08511347e-004 0. -7.65115081e-004 2.75255705e-004 1.30744353e-002
    3.94263864e-003 0. 2.84403237e-003 0. 1.98514154e-003
    8.08716100e-003 7.64490012e-003 8.28498392e-004 0. 0.
    -1.37459987e-003 0. 0. 0. -1.30336470e-004 0. 2.16908776e-003
    2.08628975e-004 4.27736621e-003 0. 4.11680387e-003 1.64571940e-003
    0. 0. 0. 0. 0. 4.70231171e-004 -1.97274276e-004 -1.53913570e-003
    2.09248485e-003 0. -5.56293016e-005 2.56781937e-006 0.
    -8.94291501e-004 0. 0. 0. 0. 5.60065778e-003 0. 0. -2.70244112e-004
    2.64132000e-003 6.36434299e-004 0. 0. 0. 0. 1.37198751e-003
    -1.80563176e-004 1.55498530e-003 3.85771994e-003 0. 0.
    6.53444789e-003 0. 3.77585809e-003 0. 6.17524551e-004 0.
    1.79902953e-003 0. 0. 0. 1.16126437e-003 0. 0. 0. 8.38118896e-004 0.
    0. 3.31935799e-003 0. 0. 4.63270495e-004 0. 0. 0. 0. 0. 0. 0.
    6.99641695e-003 0. 0. 1.38502766e-003 -5.97799481e-005
    -1.22270524e-003 1.90282194e-003 5.26144914e-003 0. 0.
    1.18377001e-003 -2.80448294e-004 5.05325664e-003 0. 0.
    -1.46500603e-003 -1.39159645e-004 0. 0. 0. 0. 6.77029486e-004
    3.23716574e-003 5.27903624e-003 0. 5.29039837e-003 0. 0. 0. 0. 0.
    2.83762859e-003 0. 0. 0. 0. 9.79617820e-004 2.09295331e-003
    5.91766881e-003 1.90094649e-003 2.77257781e-003 3.40655656e-003 0.
    0. 0. 0. 0. 0. 0. 0. 0. 4.86782566e-003 0. 5.35485626e-004 0. 0.
    -2.90265481e-004 2.14125286e-003 0. 0. 0. 0. 4.14504716e-003
    2.49061547e-003 0. 1.26081647e-003 7.01200101e-004 0. 0.
    -1.87909813e-003 5.62532153e-003 0. 8.05738440e-004 -1.61981315e-003
    0. 0. 1.53249735e-003 6.99748925e-004 1.65722892e-003
    2.77272495e-003 0. 0. 0. 0. 0. 2.64670723e-003 0. 0. 4.63936594e-004
