<?xml version="1.0"?>
<opencv_storage>
<imageDescriptor type_id="opencv-matrix">
  <rows>1</rows>
  <cols>1000</cols>
  <dt>f</dt>
  <data>
    0. 1.06501963e-003 3.93438386e-003 0. 0. 0. 0. 4.11193958e-003
    7.45741464e-003 0. 0. -1.21309837e-004 0. 0. 1.13513716e-003
    8.37177783e-003 5.46331052e-003 0. 0. 0. 0. 1.25846764e-005
    1.11130178e-002 3.38058383e-003 0. 0. 0. 6.79858681e-003 0.
    3.09386849e-003 1.56198826e-003 -2.46619736e-003 2.30167760e-003 0.
    1.00655770e-002 1.24480622e-003 6.32734690e-003 2.93350825e-003
    -1.49760186e-003 -1.51341257e-004 0. 0. 2.05439632e-003
    3.74846277e-004 5.62578253e-003 0. 7.43170967e-003 0.
    1.71142898e-003 3.30193364e-003 0. 2.72958004e-003 5.97040344e-004
    0. 0. 4.21190751e-004 0. -1.01381482e-003 2.23725312e-003 0.
    3.59171489e-003 4.03293082e-003 0. 0. -1.77054404e-004 0. 0. 0.
    -2.67810002e-003 -5.08006488e-004 0. 5.43899834e-003 0.
    1.45164435e-003 1.69317413e-003 0. 3.11887590e-004 1.37783785e-003
    0. 0. 3.56564415e-003 5.32025658e-003 0. 3.29428446e-003 0.
    4.42984456e-004 3.77949473e-004 -1.02497777e-003 0. 8.33634473e-003
    -2.73403275e-004 0. 1.61911023e-003 2.19147629e-003 -2.85598740e-004
    0. 8.78656341e-004 0. 1.71834929e-003 5.58072177e-004 0. 0.
    3.18463310e-003 0. 0. 1.04153572e-004 2.69197626e-003
    1.38882105e-003 3.90838040e-003 1.68918038e-003 -6.99399621e-004 0.
    -2.72551028e-004 0. 0. -1.17616588e-003 0. 0. 7.83813302e-004
    -2.29376066e-003 9.70725887e-005 0. 0. 1.29325234e-003
    4.08028109e-006 1.36842264e-003 0. 0. 0. 1.82707212e-003
    5.24847070e-004 2.98652158e-004 0. 3.04169417e-003 0.
    2.98751215e-003 0. 3.27370246e-003 1.31597265e-003 0. 0.
    2.34348606e-003 -1.00698485e-003 8.42317968e-005 -1.89432583e-003 0.
    0. 0. 2.84565566e-003 0. -9.46702057e-005 1.37048867e-003
    1.41132018e-003 0. 0. 1.87825225e-003 0. 1.94011547e-003
    1.21150946e-003 1.99703407e-003 1.87641347e-003 0. 0.
    6.97758701e-003 4.65507433e-003 0. 0. 0. 5.72743453e-003
    1.63273886e-003 0. 2.55988375e-003 0. -2.67826300e-003 0.
    -1.60429903e-004 7.22290156e-003 7.04472791e-003 0. 1.95647683e-003
    1.99073413e-003 0. 0. 3.10300780e-003 0. 3.05266003e-003 0.
    1.25005317e-003 3.37135582e-003 0. -3.50855771e-005 0.
    9.73698508e-004 0. 2.32655019e-003 2.23871488e-002 -7.72151514e-004
    3.75143765e-003 0. 2.27071811e-003 -2.37906977e-004 2.83466140e-003
    2.54816143e-004 2.45651789e-003 0. -2.17001390e-004 1.20255099e-004
    3.09360609e-003 0. 1.73493987e-003 -8.90791300e-004 0.
    1.82938194e-004 0. 1.75156491e-003 0. 3.57452896e-003
    1.71595719e-003 0. -3.05646798e-004 8.21961148e-004 1.16391433e-003
    0. -3.29491915e-004 0. 0. 4.16152785e-003 0. 0. 1.66795962e-003
    2.47896416e-003 0. 1.03747321e-003 7.51361134e-004 2.78393622e-004
    3.78249749e-003 0. 6.57771248e-004 2.50398554e-003 2.33890198e-004
    0. 1.54250907e-003 0. 3.79923312e-003 0. 3.72267701e-003 0. 0. 0.
    -5.87264112e-005 0. 1.30651286e-003 7.30915274e-003 1.45238405e-003
    -9.52828123e-005 -8.25835275e-004 0. 0. -2.48450553e-003 0. 0. 0.
    1.36756324e-004 0. 2.53438228e-003 -1.40701409e-003 5.85073093e-003
    2.33680155e-004 8.55026650e-004 0. 0. 1.34618056e-003
    2.12404551e-003 4.57444601e-003 5.91113651e-003 0. 0. 0. 0. 0.
    5.51632419e-003 0. 0. 0. -8.65167240e-004 3.02519242e-004
    1.28069788e-003 0. 5.00492472e-003 0. 0. 0. 1.49704155e-003 0.
    2.72312947e-003 0. 0. 1.96341355e-003 0. 3.32357385e-003
    -1.99657530e-004 0. -9.99442418e-005 3.18804905e-006 0.
    -5.53942809e-004 0. 0. 6.66450578e-005 6.66811538e-004 0. 0. 0. 0.
    0. 0. 2.14496674e-003 -2.08341912e-003 0. 0. 1.25112841e-004
    1.38055754e-003 0. 0. 0. 0. 0. 0. 2.95312447e-003 0. 0. 0.
    2.50086887e-003 0. 1.18650394e-002 6.09551324e-003 0. 0. 0.
    7.00240838e-004 0. 0. 0. 5.30978758e-003 0. 2.98590609e-003 0. 0.
    3.32683418e-003 0. 1.13122621e-006 0. 0. 0. 0. 1.85041828e-003 0. 0.
    0. 0. 8.02773051e-003 2.73314514e-003 0. 0. 0. 1.35126058e-003 0.
    -1.29341183e-003 4.15340019e-003 0. 0. 0. 0. 0. 0. 0.
    -2.18043671e-004 5.34434628e-004 0. 1.23097643e-003 0.
    -7.62808486e-005 0. 0. 3.14221997e-003 4.80335532e-003
    4.53859940e-003 0. 0. 0. 0. 4.24294779e-003 0. 0. 0. 0. 0. 0.
    8.83842004e-004 2.65259226e-003 0. 1.88148418e-003 0. 0.
    2.79800361e-003 0. 4.38672869e-004 -4.04429768e-004 0. 0. 0. 0. 0.
    0. 0. 1.63671803e-002 0. 0. 9.79127642e-003 4.44242032e-004
    5.37013868e-003 0. 8.25566892e-003 0. 0. -4.82191448e-004
    3.63572384e-004 1.72047305e-003 1.21811510e-003 3.19613889e-003
    5.27274236e-003 0. 3.65577929e-004 1.63450348e-003 3.13127442e-004
    2.61959853e-003 4.17951355e-003 0. 0. 0. 9.85581079e-004 0. 0.
    1.72086258e-003 0. 0. 1.30475278e-003 8.83635250e-004 0. 0. 0.
    -1.64318873e-004 1.48617837e-003 6.62410818e-003 0. 0. 0.
    3.31099518e-003 0. 0. 0. 0. 0. 0. 6.38385944e-004 0. 0. 0.
    2.26925570e-003 4.09742730e-004 0. 3.35583021e-003 2.15726229e-003
    0. 2.37156358e-003 1.97881891e-005 0. 0. 8.10261059e-004 0.
    -2.23108626e-004 0. 1.10737225e-002 0. 0. 0. 0. 0. 0.
    -9.66522130e-005 0. 3.33799981e-003 0. 0. 7.41288625e-003
    4.69413615e-004 3.93394352e-004 0. -3.60093953e-004 0.
    -8.68683201e-005 0. 2.82443734e-003 2.36940640e-003 1.81513955e-003
    5.12886886e-003 -2.97842635e-005 0. 0. 0. 1.18113393e-002
    2.03657988e-003 2.80854153e-003 1.79116859e-003 6.76898926e-004 0.
    4.97359397e-005 0. 0. 0. 0. 0. 0. 0. 1.21165728e-002 1.68761844e-003
    2.47199484e-003 0. 0. 0. 0. 0. -4.62291064e-004 0. 0. 0. 0.
    4.26675752e-003 6.62374357e-003 0. 0. 4.19196178e-004 0. 0. 0.
    -7.22811150e-004 0. 0. 0. 0. -2.13223502e-005 2.36610114e-003 0. 0.
    7.19668635e-004 0. 2.28798972e-003 1.59440923e-003 0.
    4.67153150e-004 0. 0. 0. 0. 0. 0. 1.48915127e-003 0. 0. 0.
    5.98033424e-003 0. -2.33422848e-003 0. 0. 4.35946370e-003 0. 0. 0.
    0. 7.10785913e-004 0. 6.80483412e-004 4.27130377e-003
    1.09618728e-003 0. 0. 0. 0. 0. 0. 0. 0. 0. 0. 0. 0. 8.15480074e-004
    0. 1.18755735e-003 -2.91774340e-004 3.20734922e-003 1.91272295e-003
    1.77591725e-003 0. 0. 0. -1.43685786e-004 -1.87671976e-004
    1.02352141e-003 0. 0. 4.76751570e-003 1.73961394e-003 0. 0.
    7.57712126e-003 0. 0. 1.18492432e-002 2.51557515e-003 0. 0.
    -9.55999130e-004 0. 0. 0. -3.13087803e-004 0. 1.54500699e-003
    -5.43910028e-005 3.18122655e-003 0. 5.26582962e-003 0. 0. 0.
    -2.03866395e-003 4.29109030e-004 0. 0. 0. -8.67092109e-004
    1.53662043e-003 3.47169908e-003 0. 0. 0. 0. -2.92277918e-003 0.
    2.35511013e-003 0. 0. 0. 0. -1.18163764e-003 1.12948054e-003
    -3.61303124e-003 0. 0. 1.01998413e-003 2.72473251e-003
    5.81989996e-003 0. 1.61290824e-004 1.38806086e-003 0.
    1.97195392e-002 0. 0. 1.64605700e-003 5.01125505e-005 0. 0. 0.
    -2.64866139e-005 1.07530656e-003 0. 0. 2.19333451e-003 0.
    -1.46741839e-003 5.98946703e-004 0. 1.55273196e-003 -3.47993715e-004
    0. 0. 2.15655263e-003 0. 0. -6.53621857e-004 3.06361075e-003 0. 0.
    0. 2.41246377e-003 0. 0. 1.64974423e-003 4.41530341e-004
    -3.74679483e-004 0. 1.35904737e-002 2.07695574e-003 0.
    -1.95169050e-004 1.77794800e-003 0. 0. 0. 9.37766861e-004
    7.31407345e-005 0. 0. 0. 0. 3.85737134e-004 0. 1.89958210e-003 0.
    8.36775731e-003 0. 0. 0. 0. 0. 0. 0. 0. 2.51302263e-003
    2.43642382e-004 2.61438359e-003 1.14284526e-003 8.22893518e-004
    5.58454869e-003 -2.36988039e-004 7.96402805e-003 6.49930094e-004 0.
    0. 0. 1.08516670e-003 3.76352994e-003 0. 0. 1.44035133e-004 0. 0. 0.
    0. 2.22592964e-003 0. 0. 0. 0. 0. 0. 0. 0. 0. 1.63957488e-003
    1.38732465e-003 7.28486048e-004 2.14207242e-003 0. -4.44239267e-004
    0. 0. 0. 0. 0. 9.22370644e-004 9.17578873e-004 1.43335992e-003
    4.32522967e-003 0. 1.51941762e-003 0. 0. 0. 1.22051651e-003 0.
    6.97392970e-004 0. 0. 0. 6.09178049e-003 0. 0. 0. 0. 0. 0. 0. 0.
    4.64832131e-003 2.60875118e-003 0. 0. 2.47846660e-003 0.
