<?xml version="1.0"?>
<opencv_storage>
<imageDescriptor type_id="opencv-matrix">
  <rows>1</rows>
  <cols>1000</cols>
  <dt>f</dt>
  <data>
    2.01231614e-003 0. 1.55224092e-003 1.34972739e-003 2.15886091e-003
    2.31031887e-003 0. 2.88663851e-003 4.32930375e-003 0.
    5.44852717e-003 0. 6.19817118e-004 0. 0. 1.72711199e-003 0.
    1.33514381e-003 0. 0. 0. 0. 0. 0. 0. 0. 8.46904702e-004 0. 0.
    -3.50141432e-003 1.44430494e-003 1.26766798e-003 8.71733180e-004 0.
    2.38906196e-003 0. 0. 0. 2.15703459e-003 -2.34348321e-004 0. 0.
    1.96518959e-003 0. 1.71581283e-003 0. 0. 0. 7.83120655e-003 0. 0. 0.
    3.87046440e-003 0. -1.53176268e-004 0. 6.23564003e-003 0. 0.
    3.02382535e-003 -3.91108450e-004 5.03579248e-003 0. 0. 0.
    1.09304092e-003 3.02995136e-003 0. 3.63081577e-003 0.
    2.93378602e-004 2.51185452e-003 2.53764819e-003 0. 0. 0. 0. 0. 0. 0.
    4.29560896e-003 0. 5.03645930e-003 -1.37943646e-003 0.
    -1.30687596e-003 0. 2.86201155e-003 0. 0. -4.55430505e-004 0.
    1.90421636e-003 7.54430983e-003 0. 4.32525389e-003 0. 0.
    6.55853329e-003 0. 0. 0. 0. 1.93738961e-003 0. 3.64624569e-003
    3.09875701e-003 0. 0. 0. 1.48235459e-003 0. 0. 0. 0. 1.16034951e-002
    0. -5.83023124e-004 0. -7.53891654e-005 0. 0. 0. 0. 0.
    3.43454815e-003 0. -7.04520801e-003 0. 0. 2.60991137e-003
    1.23660953e-003 0. 0. 0. -1.29312766e-003 2.07791501e-003 0.
    1.51540956e-003 -1.40128855e-003 7.85672528e-005 6.96288515e-003 0.
    6.48881860e-006 0. 0. 0. 1.04395917e-003 7.81706069e-003
    3.31769045e-003 1.44240493e-003 0. 7.09639722e-003 1.13915722e-003
    0. 6.95849722e-003 0. 0. 6.38922211e-004 0. 6.20635320e-003 0.
    3.55998112e-004 0. 3.11275398e-005 4.32612957e-004 3.06859380e-003
    0. 5.55147475e-004 0. 0. 0. 1.03650568e-002 0. 0. 0. 0. 0. 0.
    4.42101900e-003 0. 0. 0. 0. 0. 1.68100675e-003 -3.33825103e-003
    7.18327332e-003 0. 0. 0. 1.26658904e-003 5.62187890e-003 0. 0.
    6.51363574e-004 0. -6.67959801e-004 0. -8.86259135e-004 0.
    5.91348391e-003 0. 0. 0. 0. 3.28531791e-003 1.07286591e-003 0.
    2.97716004e-004 9.18875739e-004 0. 0. 0. 1.14141614e-003
    9.58300079e-004 0. 1.05557777e-003 -4.42389319e-006 0. 0.
    1.13314588e-003 -2.23183852e-005 0. 0. 2.69054901e-004 0.
    9.18501173e-004 0. 5.42364037e-003 0. 0. 8.07387463e-004 0.
    1.02611980e-003 0. 2.05350411e-003 0. 0. 2.62878463e-003 0. 0.
    -3.71495448e-003 0. 5.81984455e-003 0. 0. 0. 0. 1.09431427e-003 0.
    1.19372061e-003 2.32512667e-003 0. 6.43370114e-003 0.
    7.67076621e-004 0. 0. 0. 2.84627103e-003 0. 0. 0. -2.48620083e-004
    2.19891756e-003 4.34652657e-006 0. 1.04572168e-002 -2.29773083e-004
    6.16013058e-005 8.04166310e-004 0. 0. -6.53524185e-004
    1.96155379e-004 1.08740114e-005 3.30964639e-003 0. 0. 0.
    -4.36004892e-004 3.15128569e-003 8.35128420e-004 0. 0. 0.
    1.07729377e-003 6.01883791e-003 1.25279673e-003 0. 0. 0. 0. 0.
    2.33996776e-003 0. 0. 7.95796327e-003 0. 0. -6.85141888e-004
    5.19278739e-003 8.99723906e-004 1.05493399e-003 1.12527411e-003
    5.51594188e-004 0. 0. 6.15819637e-003 0. 5.80757437e-003 0. 0. 0. 0.
    8.81045940e-004 -9.54741728e-004 9.46787093e-003 1.00503992e-002
    3.32216290e-003 0. 0. 0. 0. 0. 0. 1.47002481e-003 1.12530703e-004
    1.16364136e-002 0. 1.00859813e-003 -3.71054909e-003 0. 0. 0. 0. 0.
    3.43485898e-003 -3.69141344e-004 0. 0. 0. 1.58045068e-003 0. 0.
    -1.06415409e-003 6.04552962e-003 3.27130081e-003 0. 0. 0. 0. 0.
    2.92415702e-004 0. 0. 0. 0. 1.90065848e-003 0. 0. 0. 0. 0.
    1.45066548e-002 0. 0. 0. 0. 2.52827001e-003 0. 1.59502425e-003
    5.48602220e-005 0. 0. 0. 3.80076119e-003 6.73571322e-003
    1.66577389e-004 0. 0. 0. 0. 2.54928577e-003 -1.70601322e-003 0. 0.
    1.09560520e-003 0. 0. 2.31540343e-003 6.39386987e-003 0.
    8.06614175e-004 0. 0. 0. 0. 0. 0. 6.04439015e-003 0. 5.96723054e-003
    -1.13879016e-003 0. 9.85471532e-004 0. 0. 6.26432290e-003
    2.19396665e-003 -2.80610868e-004 0. 0. 5.09831170e-003 0. 0.
    3.30914947e-004 3.08812177e-003 2.59155128e-003 0. 2.10906705e-003
    0. 0. 1.18766190e-003 0. 0. 0. 0. 0. 0. 7.76596193e-004 0.
    -2.34604726e-004 3.62607680e-004 0. 0. 2.41822330e-003 0. 0. 0.
    -9.22345571e-005 0. 0. 5.73524460e-003 0. 0. 4.14493168e-003 0. 0.
    5.28835086e-003 0. 2.34075706e-003 0. 5.95168502e-004
    1.68934453e-003 1.82761683e-003 5.39014535e-003 5.45682246e-003
    1.58208387e-003 6.08884613e-004 2.94348761e-003 4.66247834e-003 0.
    0. 0. 3.49625014e-003 0. 2.20631203e-003 0. 0. 0. 6.93203462e-003 0.
    8.11462523e-004 0. 5.98614756e-003 1.60978164e-003 1.05105340e-003
    0. 0. 0. 0. 0. 0. 0. 0. 2.82663503e-003 0. 6.25974592e-003 0. 0. 0.
    0. 2.60094850e-004 0. 0. 0. 0. 0. 2.78696069e-003 0. 4.46532533e-004
    0. 1.86686148e-003 1.75436842e-003 0. 1.00307481e-003
    4.68888320e-003 7.44502246e-003 0. 0. 0. 2.71681743e-003
    5.75698307e-003 0. -9.68549430e-005 0. -1.94966863e-003
    2.80187652e-003 0. 3.48284142e-003 3.69753712e-003 0.
    1.29762487e-002 1.18627376e-003 -2.52715719e-004 0. 0.
    -1.80125108e-003 0. -8.73773417e-004 3.50320101e-004 0. 0.
    -1.62524695e-003 0. 4.09854110e-004 0. 0. 0. 0. 5.10625029e-003 0.
    0. 1.73768285e-003 0. 0. -1.91390421e-003 0. 3.78480577e-003
    -4.27313149e-004 0. 0. 0. 5.52964746e-004 0. 0. 0. -1.01311866e-003
    0. 8.58649262e-004 2.64705252e-003 0. 0. 0. 0. 0. 0. 4.17626090e-003
    1.23764016e-003 0. 1.15737156e-003 0. 0. 2.20146473e-003 0. 0. 0. 0.
    0. 1.26209343e-003 5.37542673e-003 5.89850242e-004 0.
    1.16682495e-003 1.49379903e-003 0. 0. 0. 0. 0. 0. -5.76627848e-004
    7.07649160e-003 0. 0. 0. 0. 1.30870484e-003 1.34469811e-002
    2.70702736e-003 0. 0. 0. 5.56435855e-003 0. 1.40350399e-004
    -1.66263164e-003 0. 0. 0. 0. 0. 0. 2.09462480e-003 0.
    -3.26194888e-004 7.84104224e-004 2.52125174e-005 0. 0. 0. 0. 0. 0.
    0. 0. 0. 0. 7.87878060e-004 0. 0. 1.68164112e-002 0. 1.22848863e-003
    0. 0. -2.60886183e-004 0. 0. 2.37924093e-003 9.57548246e-003
    5.13994368e-003 3.63844214e-003 3.61864618e-003 6.42027613e-003
    4.45470354e-003 6.39123144e-003 0. 0. 0. 0. 0. 4.12647380e-003 0.
    1.52686157e-003 2.10680300e-003 1.49282371e-003 0. 0. 0. 0. 0.
    3.24233202e-003 1.76484359e-003 9.41839884e-004 -3.20656080e-004 0.
    1.74410315e-003 -1.99205335e-003 0. 1.74670003e-003 0.
    1.77880423e-003 0. 0. 0. 0. 0. 0. 1.26174302e-003 0. 0. 0.
    1.51945464e-003 0. 1.99059956e-003 0. 2.81628367e-004 0. 0.
    1.00364874e-003 0. 0. 1.05712609e-002 0. 0. 0. 0. 1.36681844e-003
    -8.46018957e-005 0. 0. 0. 0. 3.49387969e-003 0. 1.36911962e-003
    1.23307086e-003 0. 0. -3.35311088e-005 0. 0. 6.95968512e-004 0. 0.
    0. 0. 5.16077387e-004 0. 1.56784023e-003 2.95128603e-003
    4.15228307e-003 0. 5.57883934e-004 0. 3.21788853e-003 0. 0. 0. 0. 0.
    0. 2.46107858e-003 6.77876931e-004 0. 6.81093486e-004 0.
    6.34712819e-003 -5.07759862e-004 1.93929567e-003 2.12930632e-003
    4.46050055e-003 1.80158345e-003 7.21737836e-003 0. 0. 0.
    4.40966245e-003 0. -1.37840660e-004 5.68806427e-004 2.76043918e-003
    0. 8.41714069e-003 0. 0. 0. 0. 4.08829190e-003 0. -1.10260712e-003
    2.06887256e-003 0. 0. 0. 2.28448003e-003 -6.45011663e-004 0.
    1.03276093e-002 0. 0. 0. 0. 3.94003699e-003 0. 6.48582354e-003 0. 0.
    0. 2.03161757e-003 6.49528170e-004 0. 0. 1.56337337e-003 0.
    2.73126597e-003 0. -5.90238022e-004 0. 1.04068662e-003
    5.60511183e-003 0. 0. -4.50764038e-003 0. 4.45510726e-003 0. 0. 0.
    0. 0. 0. 0. 0. 2.46844371e-004 0. 0. 1.10207265e-003 0.
    8.26235279e-004 0. 0. -1.93124602e-003 0. 4.92081931e-003 0. 0.
    -6.19796629e-004 0. -1.86862203e-003 3.69391893e-003
    -2.15833401e-003 2.31125136e-003 0. 0. 6.99623674e-003
    4.44155699e-003 0. 4.07847809e-004 2.30167992e-003 2.08074157e-003
    3.09666456e-003 0. 3.10697081e-003 -6.35319040e-004 3.31339077e-003
    0. 0. 6.23550150e-004 4.97629680e-003 1.22506986e-003
    2.84847873e-003 0. -4.43889177e-004 0. 0. -2.90022494e-004
