<?xml version="1.0"?>
<opencv_storage>
<imageDescriptor type_id="opencv-matrix">
  <rows>1</rows>
  <cols>1000</cols>
  <dt>f</dt>
  <data>
    0. 0. 1.30004175e-002 0. 0. 0. 0. 0. 4.01188619e-003 0.
    1.66668731e-004 3.80154210e-003 0. 0. 0. 0. 5.67634776e-003
    1.10926374e-003 0. 0. 0. 0. 0. 5.41568780e-003 -7.64457509e-004
    1.10410654e-003 0. 0. 0. 1.42295833e-003 0. 3.68679734e-003 0. 0. 0.
    0. -2.58559734e-003 0. 0. -4.75618581e-004 -1.86479581e-003
    -9.41608858e-004 2.45199492e-003 1.88906840e-003 1.64842338e-003 0.
    2.39926344e-003 0. 4.63617779e-003 6.50236802e-003 0. 0.
    -3.37874028e-003 5.89238387e-003 7.24364771e-003 0. 0. 0. 0. 0.
    7.83830648e-004 0. 8.96212587e-004 1.03281427e-003 0.
    4.87391604e-003 2.40128883e-003 0. 0. 0. 6.00340217e-003
    1.81452800e-002 0. 2.83227372e-003 1.45372120e-003 1.94254529e-003
    0. 0. 0. 0. 8.39903299e-003 0. 1.46545272e-003 0. -3.31472303e-003
    2.09696917e-003 0. 0. 0. 2.47563934e-003 1.53188128e-003
    -1.77675800e-003 0. 0. 0. 4.56452230e-003 7.12284306e-003
    -4.17457981e-004 6.68422086e-004 0. 0. 0. 0. 0. 0. 0.
    9.04274732e-003 0. 2.93161976e-003 -9.19750310e-004 2.64043664e-003
    0. 0. 2.86920695e-003 8.05865275e-005 2.41449848e-003 0. 0.
    4.14994516e-004 0. 1.25489279e-003 2.82773445e-003 0. 0.
    -1.30454602e-003 0. 0. 3.93692404e-004 0. 0. 0. 2.18397030e-003 0.
    2.23394134e-003 0. -2.52195960e-003 0. -1.64030551e-003
    -9.65739833e-004 0. 0. 1.16097077e-003 0. 0. 2.68619927e-003 0. 0.
    0. 0. 0. 4.50299308e-003 0. 3.86884814e-004 0. 0. 0. 0. 0.
    1.04295416e-003 3.77131102e-004 1.30806037e-003 0. 4.85902332e-004
    0. 5.53044444e-003 2.47051544e-003 1.42311500e-002 0.
    6.45558676e-003 -6.83872029e-004 0. 0. 6.22861134e-003
    1.75426959e-003 0. 0. -2.87897448e-004 0. 0. 4.06632572e-003 0. 0.
    2.60828878e-003 0. 0. 0. 0. 8.52477853e-004 4.00064839e-003 0.
    2.02287640e-003 0. 0. 2.86067207e-003 5.38847921e-003
    2.61896523e-003 0. 0. 2.46333634e-003 0. 4.59864095e-004 0. 0.
    4.79164254e-003 0. 0. 0. 0. 0. 2.02199887e-003 0. 2.16709869e-003
    6.29878743e-003 0. 0. 0. 0. 3.20755481e-003 -4.75365174e-004 0. 0.
    -2.28792705e-004 0. 0. 0. 0. 0. 0. 0. -1.28812017e-003
    8.01917573e-004 0. 3.63853644e-003 -1.38146814e-003 0. 0. 0.
    2.83562788e-003 0. 0. 0. 3.95958405e-003 -1.32509493e-004 0.
    -3.20852996e-004 0. 1.23819814e-003 0. 3.23868031e-003
    5.05673559e-003 0. 0. -9.26905137e-004 -9.83429956e-004 0. 0. 0. 0.
    1.10802464e-002 1.84643688e-003 0. -2.88722076e-004 0.
    8.81851069e-004 2.92418734e-003 0. 0. 0. 4.83532110e-003 0. 0.
    -2.64871487e-004 0. 5.88866556e-003 1.26174679e-002 0.
    4.77369316e-003 0. 0. 0. 3.96115519e-003 0. 1.15114287e-003 0. 0.
    -1.25391607e-003 0. 3.76356323e-003 4.03364794e-003 0. 0.
    -2.88274908e-003 0. 0. 0. 0. 3.13707686e-004 5.88850537e-003
    6.34514308e-003 0. 6.21380238e-003 9.95725021e-003 2.63570342e-003
    0. 0. 0. -2.08923873e-003 0. 0. 6.63279323e-003 0. 0.
    7.87009485e-004 0. -5.94730163e-003 0. 0. 0. 0. 0. -8.84274137e-004
    0. 0. 0. 1.27624813e-002 -1.06943434e-003 1.21520050e-002 0.
    2.11987899e-005 3.27475509e-003 2.17289152e-003 0. 6.97931624e-004
    0. 0. 0. 0. 5.01522887e-003 9.62493723e-005 7.47221243e-003 0. 0.
    7.24516669e-003 -8.13632651e-005 3.77478381e-003 0. 0.
    1.53572555e-003 5.63876051e-003 0. -1.28502096e-003 0.
    1.57129613e-003 0. 0. -1.40255457e-003 2.57312250e-003
    4.18793131e-003 0. 0. 2.33322452e-003 0. 0. 0. 0. 5.21916756e-003 0.
    2.55748397e-003 0. 0. -1.41786330e-003 0. 0. 0. 7.96108972e-003 0.
    0. -3.57332733e-003 0. 1.65657460e-004 -3.06501577e-004 0.
    6.94769027e-004 2.02809833e-003 0. 2.83233961e-003 1.09640509e-002
    3.12004983e-003 0. 0. 0. 1.42687024e-003 0. 0. 0. 0. 0.
    -3.49503302e-004 0. 0. 0. 0. 1.71328650e-003 0. 0. 0. 0. 0. 0. 0.
    3.51503585e-003 0. 0. 0. 0. 5.68564935e-003 0. 4.23052022e-003 0.
    5.86950313e-003 1.01911579e-003 0. 5.89864282e-003 0. 0.
    1.61301752e-003 6.38226571e-004 0. -2.98298139e-004 0. 0. 0. 0. 0.
    1.49231369e-003 0. 0. 0. 0. 2.43315683e-003 1.61287701e-003 0.
    1.42663158e-003 0. 0. 0. 0. 0. 0. 0. 0. 0. 0. 0. 0. 0. 0. 0. 0. 0.
    0. 0. 0. 0. 2.06956966e-003 0. 0. 6.35214522e-003 0. 0.
    3.59784928e-003 0. 0. 2.73048948e-003 0. 2.01291288e-003
    1.32047161e-002 8.21040303e-004 -2.37947283e-003 0. 1.42000418e-003
    0. 0. 0. -1.20761164e-003 0. 0. 0. 0. 0. 7.87649211e-003 0. 0. 0.
    3.62121413e-004 6.01842417e-004 0. 1.67459215e-003 -1.41389528e-003
    0. 0. 0. 0. 0. 8.19007121e-003 0. 0. 2.10061786e-004 0. 0. 0.
    3.08397604e-004 0. 5.56626730e-003 -9.01000050e-004 0. 0. 0. 0.
    1.10601529e-003 0. -1.03136594e-003 1.13421539e-003 0.
    1.06915785e-003 0. 0. 0. 0. 0. 8.28683656e-003 4.46862821e-003
    -5.08090132e-004 4.00704361e-004 0. 0. 0. 0. 4.33909195e-003
    2.30183383e-003 0. 2.93950737e-003 0. 5.99560968e-004 0.
    5.12958737e-003 0. 1.61084961e-002 0. 5.73992170e-003 0. 0. 0. 0. 0.
    0. 0. 4.70840780e-004 0. 0. 0. 0. 0. 1.93001505e-003 0. 0. 0. 0. 0.
    0. 1.20859556e-002 0. 4.78198053e-003 0. 0. 1.98191148e-003 0. 0.
    1.81632128e-003 4.45061689e-003 0. -2.53941165e-003 0.
    6.45071594e-003 1.69936637e-003 0. 0. 0. 0. 0. 1.71378430e-003 0. 0.
    0. 2.19792523e-003 0. 0. 2.18304922e-003 1.60402968e-003 0.
    6.59256801e-003 0. 0. 0. -9.49841458e-004 0. 2.69728340e-003
    9.11060441e-003 0. 0. 0. 0. 2.67282315e-003 1.01442121e-004 0. 0. 0.
    0. 0. 6.52778428e-003 -4.76685120e-004 0. 0. 0. 0. 0. 0. 0.
    4.00888221e-003 -1.87179784e-003 -1.32223510e-003 0. 0.
    8.33555649e-004 0. 0. 0. 0. 0. 0. 0. 4.69812611e-003 6.05187751e-003
    1.22526626e-003 0. 3.80649930e-004 0. 0. 0. -1.85446977e-003 0. 0.
    1.19280150e-004 -1.70160271e-003 0. 3.57899436e-004 0. 0.
    2.03688047e-003 0. 0. 0. 0. 2.72631831e-003 7.29081454e-004 0. 0. 0.
    1.56702427e-003 2.94834818e-003 0. 0. 8.07119161e-003 0. 0. 0. 0. 0.
    0. 0. 0. 0. 1.48387672e-003 0. 0. -1.47803873e-003 4.54292959e-003
    0. 0. 0. 0. 0. 0. 0. 0. 0. 0. 0. 3.84216080e-003 1.43864413e-003 0.
    3.79124796e-003 1.61285861e-003 2.70054839e-003 1.42548617e-003
    7.67951645e-003 1.06888404e-003 0. 1.29755656e-003 -2.15263851e-003
    0. 4.41267366e-005 0. 1.93770032e-003 0. 2.72824382e-003 0. 0.
    4.91783582e-003 2.02533253e-003 -1.78703835e-004 0. -8.32013553e-004
    0. -7.65855773e-004 0. 0. 0. 0. 0. 0. 0. 0. -1.72953133e-003 0.
    4.03209170e-003 0. 0. 0. 0. 7.97751418e-004 0. 1.17762887e-003 0.
    -1.10934989e-003 2.37319642e-003 0. 0. 0. 0. 2.42764596e-004 0.
    2.53313687e-003 3.24218097e-004 -2.11632607e-004 -8.61902488e-004 0.
    1.89164386e-003 2.59396713e-003 0. 0. 0. -5.00854338e-004
    6.44531799e-003 1.58013706e-003 0. 0. 2.21976545e-003 0. 0.
    4.22113575e-003 0. 0. 0. 2.29294272e-003 0. 1.20486682e-002 0.
    5.96548757e-003 0. 2.24102521e-003 0. 0. 0. 8.50974640e-004 0.
    2.01155417e-004 0. 0. 0. 0. -3.35507793e-004 0. 4.23409231e-003 0.
    0. 0. 0. 0. 1.44062308e-003 0. 0. 0. 1.03543932e-002 0. 0. 0.
    1.12937030e-003 8.77009530e-004 2.53555272e-003 0. 0.
    7.65422825e-004 0. 6.33500691e-004 0. 3.75587348e-004 0.
    4.00950806e-003 0. 1.51072559e-003 2.07554083e-002 5.29303495e-003
    8.69416632e-004 0. 1.14675369e-002 0. 0. -6.66400068e-004 0. 0. 0.
    -7.89676909e-004 2.38783099e-003 1.29157398e-003 0. 0.
    1.96457468e-003 0. 0. 5.54744247e-003 0. 0. 3.05385119e-003
    1.14015238e-004 1.29467738e-003 0. 1.07456138e-003 1.08641572e-002
    0. 5.78519376e-003 0. 3.91217042e-003 0. 9.03912878e-004 0. 0.
    2.54020444e-003 0. 0. 1.84931257e-003 7.40041072e-003 0. 0. 0.
    3.29944049e-003 0. 0. 0. 1.36882078e-003 -1.58528960e-003 0. 0.
    -2.35552667e-003 3.37566528e-003 0. 0. 0. 0. 3.64299491e-003 0. 0.
    0. 0. 1.27712777e-003 0. 0. 0. 0. 0. 3.35640041e-003 0.
    1.34404155e-003 0. 0. 2.85864179e-003 0. -2.56742840e-003
    1.41306762e-002 0. 0. 2.09423294e-003 0. 3.05164093e-003 0. 0.
